1.000000
1.236687
1.384453
1.672723
1.813626
2.045775
2.229045
2.407981
2.554101
2.738929
2.825370
3.007506
3.110539
3.251540
3.410252
3.504158
3.657006
3.772755
3.906911
3.993546
4.120435
4.238652
4.338345
4.502194
4.554885
4.666569
4.825818
4.931446
4.997416
5.147315
5.228693
5.377379
5.418513
5.571943
5.709170
5.767749
5.910921
6.039509
6.125690
6.265069
6.345740
6.486460
6.571159
6.676186
6.856461
6.945979
6.979056
7.186923
7.223867
7.372135
7.545371
7.562374
7.724933
7.851453
7.973408
8.054262
8.177770
8.313079
8.420731
8.516037
8.692042
8.815247
8.934319
9.037460
9.186574
9.238493
9.485349
9.490030
9.655594
9.836699
9.889754
10.027778
10.187913
10.300526
10.436665
10.526215
10.697876
10.837813
10.980603
11.044523
11.268217
11.378361
11.500404
11.597889
11.877989
11.927481
12.051893
12.329178
12.369649
12.502088
12.725782
12.883991
13.072432
13.151775
13.358891
13.481146
13.746075
13.947916
14.019519
14.164635
14.448782
14.639365
14.749188
14.939198
15.248076
15.345790
15.665593
15.785215
16.003748
16.316932
16.483378
16.792995
17.290568
17.418407
17.938614
18.282699
18.706058
19.258154
20.283241
24.046449
24.848720
26.808053