1.000000
1.386605
1.498293
1.836105
1.884967
1.901713
1.939859
1.964503
1.967332
2.000000
2.000000
2.000000
2.048019
2.209576
2.286742
2.389253
2.437444
2.552047
2.585786
2.589165
2.769443
2.799851
2.843700
2.850453
2.901701
2.925045
2.941624
2.985232
3.005138
3.042300
3.097475
3.200586
3.426198
3.625998
3.662836
3.701416
3.806333
3.866876
3.993678
4.000000
4.000000
4.061986
4.319241
4.482192
4.514352
4.598605
4.748749
4.780098
4.883363
4.901996
4.944499
5.269291
5.316443
5.379491
5.414214
5.552675
5.716016
5.904075
6.000000
6.000000
6.199954
6.455509
6.501812
6.648247
6.856338
7.092800
7.211914
7.249918
7.299448
7.573666
7.665867
7.792397
8.000000
8.064676
8.410017
8.698555
8.765146
8.936529
9.065501
9.282861
9.706710
9.762874
9.895638
10.493322
10.655594
11.101879
11.256027
11.367947
11.503747
11.537321
12.387242
12.623642
12.811627
13.068523
13.768794
14.022748
14.928573
15.032233
16.091277
16.491512
17.013416
17.319917
17.764056
18.063365
18.401179
18.929379
19.362543
19.999674
20.000000
20.000000
22.261465
23.557129
23.844031
24.210175
25.399243
27.370664
28.373247
30.077161
30.770927
32.899594
41.067258
42.326608