0.03005521
-0.09670330
-0.10317515
-0.06249826
-0.05877835
-0.05496941
0.14672572
0.05726799
0.11983376
-0.23671190
-0.02444068
-0.01323957
-0.02852653
0.14566165
-0.04571502
-0.07159375
0.02809546
-0.11001086
0.14378005
0.08922912
0.20593222
0.04897353
0.01807530
0.10943927
0.01195122
-0.00171940
-0.08340522
-0.06840556
-0.00327297
0.05848519
0.08644964
-0.05787017
-0.04175840
-0.07811735
-0.11031500
0.02583569
-0.02637055
0.11804358
-0.03809872
0.07722425
-0.04520963
0.03990325
0.10871910
-0.01640258
0.01923688
-0.23266080
-0.04165391
0.01766353
0.00974812
0.14686804
0.03009242
-0.00014529
0.04613109
-0.11421634
-0.04133755
0.04387650
-0.02058108
-0.21150803
0.06388942
-0.12090930
-0.11156941
0.03760780
-0.02146885
-0.06886370
-0.13957155
-0.05498541
-0.19326049
0.03134391
-0.00665568
-0.11536638
-0.01744114
0.25950892
0.01972429
0.03520653
0.14227237
0.03412004
0.00085775
0.00640592
0.02820302
0.09461808
0.02658062
0.10357104
-0.00966756
0.07309260
-0.04593042
0.07537084
-0.10383005
-0.04014944
-0.04471824
0.15936882
-0.08948336
-0.10958819
0.02355287
-0.10671333
-0.09278121
0.04140989
0.02499619
0.11850411
0.03362844
0.12683030
