-0.06886097
0.00491771
0.11759901
0.18328904
0.06937689
-0.07884329
0.06947100
0.05759268
0.05322930
-0.00543958
-0.02207781
0.00982446
-0.06068464
0.06023207
-0.00513637
0.13494514
0.07556027
0.02293603
0.13492947
0.08799111
0.03445914
-0.09227652
0.13503950
-0.01280171
-0.03562971
0.00305457
0.10825967
0.01201592
-0.11517764
-0.02846014
-0.08169823
-0.02754329
-0.12680440
0.03605255
-0.03493994
-0.08956671
-0.05890202
0.12874162
-0.12110437
0.04925407
0.01712063
-0.12095712
0.00406064
-0.09377081
0.08470481
0.05586439
-0.01185842
-0.10024235
-0.05268205
-0.05047890
0.03500138
0.12628884
0.07688210
-0.04510560
-0.19081461
-0.07457220
0.03573799
-0.10753024
-0.00052327
0.14922966
0.16471854
0.01781668
0.17934529
0.05774402
0.07184097
0.05639965
-0.04996304
0.01986369
0.05246594
0.12013686
-0.26057086
-0.08654015
0.14051882
0.06606371
0.02207163
0.05295686
0.11990905
-0.09579170
0.04165255
-0.19060784
0.01338500
0.00974512
0.12768198
-0.07445550
0.05527164
0.09685785
-0.07161493
0.03157917
0.00494136
-0.01761462
-0.05049129
-0.06711524
-0.11835721
-0.04695030
-0.09424654
-0.00467725
0.15859470
-0.03002284
0.09846218
0.04944915
