-0.00097233
0.03981085
0.03207373
0.05738593
-0.02669267
-0.07808620
0.07270842
0.05988763
-0.08124242
0.04391780
0.05741699
-0.05882485
0.12522109
0.01367996
-0.12560505
0.02810554
0.10319219
-0.06537752
-0.02246686
0.12293441
0.07070747
-0.02229798
-0.03751290
0.03928605
0.04337433
0.02826848
-0.06410819
0.00715788
0.04566804
0.13181467
0.12197944
-0.01290094
-0.02476840
-0.02861745
0.17295721
0.09843478
0.16339557
0.01284182
0.06877745
-0.15182009
-0.11532106
0.01238541
-0.08342884
-0.14136680
-0.01943783
0.09259729
-0.04890277
-0.02269625
0.20464207
0.15516729
-0.06955779
0.00125402
-0.20143934
0.04565348
0.00854393
0.03419159
0.12106664
0.05156239
-0.12693255
-0.14573626
0.01661267
-0.05664903
-0.08495477
-0.20226273
-0.06631299
0.07672611
-0.05894144
-0.00049550
-0.05746712
0.02033781
-0.01228789
0.11047923
-0.09728622
0.03282476
0.01361062
-0.15751494
0.02831554
-0.09479976
-0.12097608
-0.00724495
0.10582778
0.04495500
0.13552789
-0.03747740
0.00061539
0.04598086
0.07938831
-0.06128121
-0.03728085
-0.00919402
-0.00590496
0.02791142
0.03612404
-0.03364658
0.01915146
0.07861357
-0.10796226
-0.04688280
-0.21349258
0.11471034
