0.10259666
-0.01719738
-0.10391420
0.02283681
0.14465076
-0.11088284
-0.02245650
0.09311063
-0.17792506
0.05795583
0.06977175
0.01978209
-0.07137238
-0.00066112
0.00863496
0.08666340
0.06148372
-0.03245369
0.15010308
-0.00471036
-0.07530714
-0.04062541
0.07956158
0.01808934
0.08236484
0.00641432
0.23043690
-0.15434387
-0.03854123
-0.00780452
0.00827037
0.13493131
0.02033527
-0.01064490
0.00635693
0.06963594
-0.06388454
0.04177384
-0.14502024
-0.00730148
-0.08726949
-0.06049626
0.02618007
-0.10425346
-0.09164154
-0.14046437
-0.20650098
-0.01404049
0.10774365
-0.01685880
-0.02167889
-0.09699376
0.14671544
-0.02311145
0.11990798
0.03354225
-0.02437530
0.10027500
0.09103552
-0.01032676
0.12008699
0.16506055
-0.00608009
-0.02369222
0.03749508
0.03259492
0.07482658
-0.02368384
0.06626471
0.09716642
0.01645222
0.01420506
-0.11622976
-0.10867552
-0.13542192
-0.11529975
-0.01437201
-0.14964313
0.20812766
0.06850418
-0.19159470
-0.10698439
-0.00993275
-0.15872091
-0.04261531
0.10109560
-0.01518567
-0.00623072
-0.09281079
-0.05148939
-0.12523958
0.03374900
-0.04190302
0.07258922
0.11464635
0.09981667
-0.00322849
-0.04670110
-0.11342155
0.01098143
