0.00964278
0.06789202
-0.02100473
-0.12904551
0.06885070
-0.07108381
-0.07864223
-0.14659765
-0.02225137
0.18131920
0.00782794
-0.10613647
-0.04186167
-0.00209123
0.05416650
-0.11558017
0.01922093
0.27114516
-0.02010273
0.00082527
-0.03514650
-0.09266131
0.05425690
0.04403769
-0.02097240
0.03506729
-0.04525138
-0.04901579
0.02174148
-0.16928618
0.13766494
0.06380099
-0.03054415
-0.07356090
0.02994313
0.20054668
0.03048847
-0.11009545
0.15510458
-0.07014481
-0.08052799
-0.02372957
-0.03232804
-0.02953748
-0.06216733
-0.12393959
0.04297057
0.02884759
-0.04347598
0.08133201
0.23556484
-0.01099748
-0.11093077
0.02669263
0.13805374
0.14606101
0.03505118
-0.01608954
-0.18626518
0.18414601
0.01014321
-0.03780656
0.01705286
0.11319036
-0.00639699
0.03275301
0.11330388
-0.09657463
-0.04967796
-0.00369159
0.06969572
-0.02659367
-0.11691497
0.11227281
-0.06577028
-0.04412041
0.11047198
0.08908592
0.02144553
-0.00127771
-0.15808164
-0.07160394
-0.01226254
0.00230622
0.02469049
-0.00504962
-0.01724637
0.00152946
-0.08740610
-0.01353109
-0.08957629
0.04022908
0.01589724
-0.12038428
-0.05056494
0.09963434
-0.08932834
0.16055086
0.05871398
-0.12076266
