0.05034433
-0.07451306
0.07220685
0.11292079
-0.04195613
-0.00192159
0.12705948
-0.02256947
0.04825351
-0.03395662
-0.00017604
-0.17251834
-0.08826663
-0.00427425
-0.06245667
-0.16103341
0.05176199
-0.04074025
0.06381534
-0.08328962
-0.19008582
0.12835967
-0.03480046
-0.00525797
-0.05710358
-0.03100296
0.11667164
0.09316264
-0.06081430
0.04027225
-0.03322458
-0.02352142
-0.04123867
-0.04392674
0.14808946
-0.01349940
0.06527942
0.01750828
0.05419990
0.00867985
-0.03350430
-0.00878446
0.17922243
0.01409823
-0.05491297
-0.02645917
0.15058905
-0.10163765
-0.01293216
-0.06665746
-0.13647647
0.05562108
0.05331449
0.06450073
0.07068513
-0.04140679
0.02935618
-0.12296483
-0.18384389
-0.01466953
0.12693916
-0.12357214
-0.04076456
0.13971433
0.18063708
0.12997198
0.05749399
-0.03652772
0.05186663
-0.05071141
0.09455272
0.01741146
-0.07873590
0.00942178
0.07587361
0.13513056
-0.12096022
-0.06374547
0.02837351
0.06833916
0.02325427
-0.03167908
0.31063577
-0.14813882
0.14658869
-0.01339890
-0.10468653
-0.03407759
0.09146907
0.07524065
-0.16506532
0.06909413
0.03637380
0.08940642
0.14309804
-0.20748221
0.10975411
-0.06110259
-0.06410259
-0.07469039
