0.09406353
-0.00470731
0.11039952
-0.06170100
0.00813079
-0.04148213
0.07801012
0.01135827
-0.04685324
-0.09557994
-0.17561976
0.00665135
0.10982609
0.22461711
0.05075438
-0.07943831
0.00246144
0.05213906
-0.10679765
0.01512055
-0.05704353
-0.03589736
0.00833452
-0.02342349
-0.08141044
-0.11728584
-0.06252918
-0.08922259
0.06334849
-0.03967068
0.07006508
0.06814768
-0.03341976
-0.20412741
0.07954226
0.02024598
0.01917440
0.20300627
-0.13033400
0.16526379
-0.10289486
-0.13039013
-0.11493063
0.06884297
-0.08763761
0.07461175
0.01035151
-0.08023065
0.07361753
0.09946840
0.13684436
-0.18054794
-0.07888881
0.00940595
-0.12137417
0.12591841
-0.00839631
-0.04906324
0.01117617
-0.06519399
0.07034614
-0.06863109
-0.02982445
0.05546061
-0.05595228
-0.09503280
-0.03636817
-0.04944756
-0.02632182
0.02409281
-0.07500359
0.07318789
0.06999591
-0.03720477
0.03298305
-0.01753268
0.05346134
-0.03618890
0.03840686
0.02279275
0.04940302
-0.06902972
-0.14834422
0.01613770
0.02437677
-0.16604514
0.07753802
0.11422275
-0.05280216
-0.09554013
-0.05625939
-0.09565502
-0.05099767
0.02054400
-0.00715568
0.12482393
-0.07086052
-0.12827962
-0.02658992
0.10733333
