0.13749281
-0.08103998
-0.08745599
-0.04492019
0.04021021
-0.01866793
-0.08914463
-0.14340227
-0.03375598
-0.02016137
-0.04879424
-0.02388346
-0.09986670
0.05007248
-0.19825564
0.01318422
0.06099439
-0.07738599
-0.00520479
0.02660155
-0.05603349
-0.00124382
0.03757153
-0.08543798
0.07613953
0.09978680
0.02928138
0.00137781
-0.10616436
0.04511360
-0.11084642
0.14502883
0.04799764
0.02414296
-0.03588350
-0.19840966
-0.10900533
0.03330623
0.21993742
0.06748680
0.02823893
-0.04941184
0.01114830
0.08772901
-0.02315436
0.17246746
-0.11124803
-0.03430076
0.00477986
-0.17813607
0.05154822
0.00709236
0.00735736
0.07245186
0.09515095
0.07313351
-0.04274174
-0.00424773
0.03222358
-0.11457989
-0.09445283
-0.03892530
0.00708089
0.16327539
0.07268482
-0.04034187
-0.05735293
0.13983302
0.24921119
0.01526507
-0.04365714
-0.12878872
0.08888763
0.02641308
0.10624785
-0.08284480
0.02193273
-0.05962804
0.11623496
-0.05025090
-0.00796888
-0.03171006
0.09061750
0.03905964
-0.09154948
-0.05768084
-0.09533521
0.04610426
0.03026353
-0.14909716
-0.17384266
-0.00368307
0.06356167
0.01538938
-0.14074470
-0.14147460
0.07904968
-0.01325335
-0.03521285
0.11999559
