0.05858904
-0.02074608
0.15326260
-0.15672896
0.12485187
-0.00243136
-0.10837437
0.02609403
-0.10081991
0.20475350
0.05354046
-0.16218731
-0.06423230
-0.00074413
-0.04000031
0.04378053
-0.16615451
0.08733804
-0.13721267
-0.09399075
-0.06472588
0.21751566
-0.03726864
0.11489766
-0.08647358
-0.00870855
0.13440656
-0.04513545
0.06728642
0.06992867
0.04268869
-0.08278519
-0.02767546
0.05149528
-0.03196178
-0.03492585
0.16643428
0.06167929
0.02933126
-0.07972550
0.04686152
-0.14359564
0.06585896
0.05553432
0.01643143
0.13336161
-0.06772458
0.15519062
-0.00216500
-0.04375647
0.13984756
-0.16022955
-0.09914600
-0.00596582
0.11256752
0.04619354
0.03990560
-0.03671967
-0.27065145
-0.13801956
0.00632820
0.00013787
0.09720657
0.04510133
0.06957530
0.03467500
-0.03026223
0.03946035
0.05402233
-0.03467075
0.02455629
0.07601696
-0.02608344
-0.07033716
0.16847930
-0.06843843
0.25469112
0.01206451
-0.06951997
-0.05274802
-0.07424554
0.02896358
-0.02671259
-0.03454040
-0.01278358
0.06330993
0.07933998
-0.06531108
-0.13323119
-0.10074051
-0.08532528
-0.05837442
-0.10909758
-0.05561259
0.01994651
0.05297406
0.00429729
0.05281818
-0.07525044
-0.05186283
