-0.01661164
-0.04284347
-0.04012125
0.01193617
0.01802168
0.03723124
-0.21880806
-0.08125444
0.02121763
0.14601380
0.09584684
0.00778666
-0.07797590
0.09159740
0.02303716
0.09904354
-0.00250319
-0.03630609
0.02492728
-0.02605663
0.19508585
-0.01840907
-0.04555076
-0.10878077
0.00778420
-0.15677464
0.13475367
0.10107602
-0.01066534
-0.09000440
0.11583245
-0.07444713
0.01006440
0.01845018
-0.05443809
-0.04190778
0.07558926
0.02096848
0.10784721
0.02832468
-0.16679856
-0.11563704
-0.00675746
0.10941155
0.06708204
-0.08804562
-0.00254529
-0.09797045
-0.08668147
0.03548301
-0.04068279
-0.07062930
-0.12020281
0.21623880
-0.03276426
0.06810570
0.03798658
0.14170091
0.08765158
0.00876062
-0.08675845
0.13331368
0.07282887
-0.13934741
-0.11549612
0.05480188
-0.02299022
-0.13394837
0.03984565
-0.07444724
-0.06990746
-0.03967060
-0.17353462
-0.00983501
-0.09781978
0.04517536
0.02240240
0.01300048
0.01510113
-0.01034547
-0.01699599
-0.05906553
0.15113785
0.11703035
0.12389685
0.03951953
-0.08823568
-0.05053781
-0.00862967
0.01502485
0.03144628
-0.07259609
0.02805967
-0.05717050
-0.02349225
0.09648524
0.04264183
-0.02295373
-0.17012543
-0.04134885
