0.00026218
0.02971258
0.28660222
-0.00913738
-0.12649959
0.15563445
0.04956031
-0.05265378
0.21270273
0.04477404
0.02390903
-0.06321297
-0.08654358
-0.14371355
-0.03436937
-0.08558239
0.05264107
-0.02581266
0.14376049
0.12276037
0.01332861
-0.02297933
0.09363296
-0.09317314
0.05474941
-0.05437675
-0.03253299
-0.05459531
0.04677959
-0.06323326
-0.08643234
0.04493884
-0.03441076
0.02938507
-0.02859695
0.02190474
-0.20840489
0.03785934
0.15063318
0.08445984
0.07402575
-0.01948222
0.01470916
0.01984941
0.00783355
-0.06748961
-0.02862645
-0.01420343
-0.03906122
0.06800714
0.20628382
-0.10754329
0.01042982
-0.11721770
0.10585082
0.11457916
-0.13510974
0.15795724
-0.08815010
0.01843288
0.08930659
0.01196158
0.18656168
0.22369189
0.01124065
-0.15498139
-0.02966185
-0.06892328
-0.06214915
-0.09164428
0.00635417
0.17119929
-0.05817471
-0.02279664
0.09479582
0.09856225
0.03945842
0.08338119
0.07076122
-0.03102428
0.03485481
-0.02430941
-0.07312954
0.05158381
0.00548175
-0.01520671
0.02370779
0.08026690
0.03193258
0.01581059
0.02273726
0.00416252
-0.06293848
0.06393932
0.11449752
-0.04340454
0.15666298
-0.01432309
-0.01980884
-0.07294524
