0.07232191
0.17492478
-0.10164843
-0.01814049
-0.20419177
0.04120394
0.07398945
0.00825891
-0.16993082
-0.20773481
0.18347478
-0.12586054
0.09434175
-0.01728599
-0.00789635
-0.06149985
0.05731901
-0.01583894
-0.10766097
-0.03148924
-0.00172528
-0.01333359
0.04480581
0.04047855
-0.25332587
-0.07944729
-0.01148814
0.04777330
0.06901108
0.05438642
-0.03833344
0.14540013
-0.08154368
-0.14823894
0.04286486
0.09715055
0.09777765
0.05262750
0.08814136
0.01592652
0.15775633
0.13630176
0.00932299
0.07884582
0.11184432
0.15113227
-0.01333849
0.12673393
0.11015847
0.09826177
0.12093892
-0.01080970
0.06241977
0.10992428
-0.04453874
-0.12905072
0.06637799
0.02025541
0.04534327
-0.00131679
-0.08529021
0.04863795
0.09401980
0.02939130
-0.02150121
-0.00410141
-0.02297577
-0.13915796
0.02670745
0.10701283
0.00589923
-0.05688827
0.06676766
0.12182439
0.04582710
0.04973147
0.02233015
-0.05790024
0.01332734
0.11371998
-0.00564307
0.07116224
-0.00610101
0.05947252
-0.06243066
-0.11993076
-0.24538267
0.07375574
0.03494428
0.07336091
0.05754915
-0.17910560
0.01041628
0.19495223
0.09377316
-0.01519786
-0.04717500
-0.03680571
0.02600923
0.01867657
