0.00699784
-0.06844036
0.12236372
-0.02729386
-0.10970861
0.00807165
-0.07811124
-0.14549138
0.03945030
-0.05609567
0.03759298
0.11635837
-0.00455414
-0.06313130
0.03294276
0.08769813
0.04160743
-0.00403091
-0.00697296
-0.10086642
-0.01329574
-0.00405596
0.05992110
0.07776438
0.02133719
-0.08050001
-0.13770857
0.00903378
-0.02127589
0.01499778
-0.23415171
0.06164782
0.03087885
-0.00902446
-0.03945807
0.05911671
0.02188937
-0.07122765
0.00116727
-0.09493680
-0.07737492
0.15197381
-0.18573203
-0.12137488
0.26345169
0.00943649
0.03938952
0.13495249
-0.19296903
0.17501975
0.10539830
-0.10406133
-0.02704205
0.04342883
-0.08606768
-0.06362432
-0.05162106
-0.01476060
-0.06470230
0.05961341
0.00935386
0.13730834
-0.07503730
0.09618073
0.05357759
0.06392945
-0.00906483
-0.00822015
-0.13272331
0.11663556
-0.01890174
0.03933337
0.07403203
-0.02491539
0.01644040
-0.04327292
0.11639090
-0.09038149
0.12937683
0.10352256
0.14665196
0.02849953
0.14376343
-0.00596491
-0.01575352
-0.04223298
0.04520375
-0.04123775
-0.00582088
-0.02516635
-0.02119387
-0.21145426
-0.02341429
-0.16981181
0.03203608
0.07355000
-0.06932891
0.06876219
0.04253695
0.00123169
