-0.09099861
0.01985992
-0.01879305
0.08214773
-0.12851293
-0.01098063
0.02268483
-0.07338610
-0.00054999
0.05117892
-0.10761802
0.04798655
0.12721998
0.00336733
-0.16900011
-0.03507402
0.15669290
-0.06991005
0.09622283
-0.03332314
-0.07518551
0.00513817
-0.03099041
0.07438394
-0.03055388
-0.13338268
-0.03917675
-0.11166542
0.14621064
0.06392373
0.05212618
0.09910251
0.00486183
-0.03500445
-0.19688672
0.12740742
-0.03848315
0.04113086
-0.00444780
0.04250100
-0.02075060
-0.06360114
0.06410178
0.13373514
-0.11784654
0.15881515
0.17676151
0.06979856
0.09148795
-0.08398876
0.06903926
0.03688027
0.12253404
0.10370653
-0.00184361
0.05488125
0.06786913
-0.08107318
0.07397952
-0.01373520
0.00640610
0.08728764
0.04634626
0.11969340
-0.05805217
-0.04961884
-0.03278535
-0.01790093
0.01533649
-0.06619295
0.21501114
0.04003882
0.15091823
-0.06097563
-0.08926497
-0.09724327
0.05182690
0.04557574
-0.07769837
-0.18363104
-0.12750160
0.00184488
0.06920059
0.16292611
0.06452780
0.07000039
-0.01711450
-0.06657614
-0.18262629
0.03535863
-0.12372299
-0.24674083
0.11264382
-0.00749574
0.03771882
-0.10761817
-0.02007463
0.01193900
0.20961303
0.06201511
