-0.22788519
-0.01008507
-0.12327057
-0.17967351
-0.00053388
-0.06286305
-0.04272236
0.01329057
0.01758871
-0.03745970
-0.03052604
-0.04256801
-0.02743301
-0.10009709
-0.13990112
-0.12040754
0.05648208
0.00058233
0.09628672
0.12626024
-0.08171749
-0.11306568
-0.19909094
-0.02258911
0.07396990
0.16031008
0.00813991
-0.04973331
0.02357172
-0.08793257
0.00969386
-0.00865090
-0.13251708
-0.03599823
0.04949265
0.15244144
0.05888101
0.20785227
-0.07421850
0.01980472
-0.01785542
0.01578442
-0.11516625
-0.01106502
-0.03374385
-0.03993959
-0.03897549
-0.02763562
0.00094603
0.13866179
-0.04056149
-0.00057090
-0.17622513
0.01990994
0.00864053
-0.06923037
0.03961160
-0.03067397
-0.02904718
-0.12083302
0.09387213
-0.09868550
0.01153475
0.01272524
0.07687403
0.07908266
-0.14501468
0.13808767
0.06135674
-0.10160374
-0.10589818
-0.04381576
-0.05733520
0.10331005
0.10899631
0.02260904
0.10982215
0.01175137
0.14194937
0.13039444
-0.13575849
0.08948431
0.03937300
-0.02351491
0.08997622
-0.04815992
-0.06054637
0.06061269
-0.01133618
0.01022781
0.12275940
-0.05302424
0.02586323
0.08214305
-0.12468531
0.01100944
-0.01815051
0.04892895
0.02804056
0.00311660
