-0.02408704
0.01794718
0.01440904
0.02080117
-0.07062656
0.05320744
0.09937435
-0.01881955
-0.03259891
0.04779301
-0.07828869
0.16458545
-0.07455940
0.00211587
-0.07416397
-0.04252027
-0.01476424
0.09678142
-0.03882433
-0.00304352
-0.01523672
0.11360368
-0.19033635
0.05346592
0.00736473
-0.13801819
0.00273475
-0.00694422
-0.00257705
0.05836651
0.00141781
0.06538430
0.16274005
0.06583971
-0.01144221
-0.06700349
0.17436148
-0.03613958
0.09930741
0.08097419
0.06399335
0.03691075
-0.05383396
0.07283246
-0.01088172
0.00186579
-0.00306896
-0.04285131
-0.11275519
-0.03962086
0.11717165
0.18973871
-0.00378463
0.05993836
0.04101651
-0.15660510
0.01781506
-0.08632302
-0.15067499
-0.06637984
0.15916685
0.00863551
-0.10170993
0.06779844
0.04654789
-0.02929660
0.05295150
-0.02691776
-0.12066231
-0.11908172
-0.01293167
-0.09072602
-0.04962262
0.00501958
0.01370819
-0.14820393
0.02965014
-0.00881297
0.06098641
0.08097315
-0.12465682
0.06009740
0.01491894
0.12317082
0.01783553
-0.06993779
-0.19372421
-0.09646414
-0.11435292
0.01464380
-0.12749094
-0.13243430
0.01343134
0.18044063
-0.08213976
-0.15112291
-0.21964790
-0.08384514
0.05122992
-0.01638727
