0.12783464
0.11513963
0.02439732
0.00246764
-0.05123323
-0.04773588
-0.12729891
0.16709896
0.07435779
0.03043372
-0.16382349
0.11871868
-0.01425990
0.03255072
0.10579962
0.07184593
0.14317253
-0.14727253
-0.23312914
-0.07294144
0.02435556
-0.10141130
-0.04081684
-0.02742265
0.06770729
-0.04794615
-0.02588251
0.01484492
0.04266360
-0.08306086
-0.05435571
-0.09289392
-0.13971300
0.04735702
-0.00815442
0.05331528
0.01810204
0.16770365
-0.06033471
-0.02271365
0.14036566
0.10120410
-0.22625524
0.08869744
0.15108975
0.01634322
-0.02529508
0.03181641
-0.10873713
0.04885649
-0.12633515
-0.01904590
0.06949644
0.04460164
-0.22415399
-0.01410427
-0.05913680
-0.04132400
-0.01945710
-0.06751993
-0.03344697
-0.05604500
-0.04021411
0.07627645
-0.00397892
-0.05878462
-0.02950816
0.06109500
0.06374891
0.06454841
0.05800341
-0.04028380
0.10120586
-0.22376029
-0.03574847
0.01720963
0.09780336
-0.01664760
-0.00937054
0.04548541
0.15295644
-0.06226287
-0.00705938
0.03630689
0.04994429
0.02135128
0.06626781
-0.11813157
-0.01642450
-0.04785799
0.09101846
0.01775471
-0.12250707
0.05042645
0.01015174
0.04872128
-0.06147610
-0.09154374
0.06519522
0.00447465
