-0.02975181
-0.04465397
-0.12769531
-0.04015924
0.12477040
0.02471805
-0.05761446
-0.05345693
-0.04198386
0.07691532
0.00117772
0.01656693
0.01461659
-0.00987113
-0.14494154
0.12045290
-0.13995267
-0.23216808
-0.03950067
0.06396196
-0.00279892
-0.02324029
-0.01365867
0.03438285
0.03504391
0.06899858
-0.06677942
-0.08356661
0.07284654
-0.02753513
-0.06189346
-0.10147131
-0.09148189
-0.03354208
0.05017036
-0.09682816
0.13458581
0.13143600
0.10996173
0.00922706
-0.03759838
0.09275669
0.00193958
0.02489512
0.09409961
-0.15677808
0.10227024
-0.04507048
-0.15187004
-0.02376244
-0.08133181
-0.07722943
-0.08460671
0.05432520
-0.06576218
-0.05048225
0.01275318
-0.12105822
0.07840082
-0.23354105
-0.03429987
-0.05313818
0.06271290
0.03591038
0.05251706
-0.04454104
0.16376241
-0.04192300
0.00030549
-0.06133745
0.11255071
-0.08430619
-0.12629451
-0.02755705
0.18157276
-0.02356844
-0.06634361
0.00094693
0.01990896
-0.02591399
0.04259392
-0.13606133
-0.12645004
-0.31383814
0.00713064
0.12735547
0.02101640
0.01083151
0.07461013
-0.03014085
-0.05363000
0.02388354
0.06405347
0.09357369
-0.09833368
-0.02115871
-0.16608996
-0.01706916
-0.06725101
0.03771336
