-0.09545961
-0.02816891
-0.03989059
0.07936992
0.22989398
-0.06682681
0.08061931
0.04121988
0.01474833
0.07171078
0.04514202
0.01106638
-0.12324396
-0.07444132
0.13259604
0.07689868
0.04489822
0.12650166
0.04279474
0.00738063
-0.02873437
-0.04869252
-0.00759647
-0.14425759
-0.02735881
0.13119877
-0.01631157
0.01688354
0.02620885
0.21025976
-0.10014205
-0.13008727
0.06121518
0.07847748
-0.05200165
-0.08775295
-0.01809362
-0.06822533
0.04753388
0.01923065
-0.31851090
0.01184950
-0.09421316
-0.07180647
0.02129053
-0.05930644
-0.12795765
-0.01895064
-0.07133381
-0.04150586
-0.16060927
0.08538011
-0.02237172
0.01096576
-0.11515130
-0.01505078
0.12269122
-0.00788327
0.10749049
0.05403813
0.01683762
0.00164533
-0.02715602
0.09365503
0.05189890
-0.12697833
0.13332719
0.00307098
0.06975548
0.04877881
0.12021893
-0.09080007
-0.01797084
-0.02950886
0.14090461
0.22196876
-0.03433891
0.04215716
-0.13379485
-0.01158738
-0.08902469
0.04414270
0.19322272
-0.00319263
0.03705319
0.09472501
-0.09036958
-0.15367877
-0.00342469
-0.08255173
0.12879993
0.13689260
-0.06468224
0.12293311
-0.12579598
0.03691061
0.00563130
-0.00259724
-0.05382329
-0.09867790
