0.15995336
0.12140712
-0.05516386
0.02107727
0.07379894
0.03642431
0.06593245
-0.01067198
-0.00367585
0.00834029
-0.07476511
0.13472678
0.00059949
0.06499643
-0.08094564
-0.10180394
-0.00861283
-0.02393259
0.11312665
0.05738248
0.05117624
-0.13680775
-0.09162184
0.01913034
-0.03293730
0.12214632
0.12698126
-0.05499028
0.08285837
0.13212205
0.03039108
0.15370284
0.10059183
0.02027161
0.08301626
0.01840657
-0.03928224
0.03393909
0.00342958
-0.03452350
0.16768121
0.02095027
0.25851382
-0.02804112
0.05342785
0.14984349
0.25840517
0.02874165
-0.07482216
0.07606453
-0.12496919
-0.02592788
0.02574053
0.14103184
0.13606944
-0.00260953
0.08747838
-0.03041903
0.06259571
0.18134120
0.01484210
-0.02845498
-0.04734360
0.06783595
0.12661531
0.20126068
0.00511709
0.01543634
-0.05990506
0.15262434
-0.00714353
-0.04480638
0.20680525
0.07668004
0.06782377
-0.09520809
0.04109012
0.04924751
-0.10341438
-0.02137836
-0.03833824
0.04997803
-0.09533986
0.10310972
0.16899303
-0.02875966
-0.00082340
0.04796851
0.11392463
0.04942496
0.03759257
-0.04571283
-0.02191830
0.05807569
0.15933332
0.05381585
-0.11418759
0.04100242
-0.00872205
-0.02310727
