-0.16626295
-0.03447979
-0.05943248
0.04171499
-0.14241197
-0.01973540
-0.14264743
0.17151718
-0.01108601
0.11621327
0.04690796
0.08611157
-0.10939045
0.11918412
0.13766295
-0.19682865
-0.01672655
-0.06180073
0.01483540
-0.08057968
0.02644642
0.05658922
0.02319289
-0.01121622
-0.12220291
0.00545556
-0.04937112
-0.12121906
-0.00532890
-0.01987233
0.01820632
0.09404774
0.05461322
0.12375493
-0.06911955
-0.08193958
-0.00899608
0.13109333
0.12355567
-0.01192378
-0.05656838
-0.14411841
0.06367341
0.00216505
-0.11162426
-0.03170946
-0.17338560
0.04075202
-0.01649013
0.15460009
-0.12883903
0.09197923
0.01361338
0.00782871
0.06792143
0.11311177
-0.10150930
0.12499822
-0.11467737
-0.10179864
-0.06374151
0.06979779
-0.10140493
0.03172244
0.03903594
0.01460665
0.05255913
-0.11115580
0.09549347
0.01075882
0.06919016
-0.09321178
0.00493126
0.08317399
0.09611465
-0.00799407
-0.17566742
-0.10395057
0.02072031
0.07527421
0.04389234
-0.05806167
0.21271174
0.00685670
0.08202864
-0.03939740
-0.10566764
0.06494442
0.09834490
0.17269908
-0.05013459
-0.15428964
0.15327894
0.02503341
-0.10682465
-0.05299558
-0.07665785
0.11003353
0.05611645
0.02300627
