-0.01289070
0.01904835
-0.05820643
0.12329085
0.05384507
-0.24517860
-0.05896821
0.05729732
0.08326274
-0.12692940
0.15717323
-0.00353714
-0.13370557
-0.03781375
-0.05777456
0.13974101
-0.19496234
-0.07181619
0.03442228
0.06610644
-0.14457823
0.12172863
-0.12536038
-0.07849631
-0.03083730
0.07499695
0.04900470
0.00045279
0.07806514
-0.04836499
0.13989784
0.00818147
-0.16386424
-0.08044508
-0.08770427
-0.10053362
0.05879760
-0.10747301
-0.00001766
-0.01081483
-0.06883773
0.00968027
-0.06252399
0.16443479
-0.13436442
0.02358936
-0.04446511
-0.01864190
-0.15397142
0.07489066
0.01922795
0.09748752
0.05526671
-0.07078372
-0.10872070
-0.04545487
0.04622915
-0.09831871
-0.02179030
-0.19448922
-0.08759436
0.04212817
0.07265022
0.12376594
0.03736244
0.03214478
-0.08704927
-0.17607845
0.08849349
0.04787428
0.03964301
0.05821348
-0.03897264
0.09989498
0.08540964
-0.02567956
-0.05480741
-0.00450394
0.05954491
0.10231739
0.08804271
-0.16843160
0.02621362
-0.27307238
-0.14226147
-0.07530644
0.00393315
-0.00513287
-0.01091074
0.09228708
0.01043228
0.07845230
-0.00677509
-0.08136696
-0.10555977
0.10675574
-0.03701281
0.04306192
-0.00057949
-0.04660531
