0.09270268
0.02212751
-0.12128817
-0.05674642
0.03592326
-0.00682734
0.12321624
0.05890198
-0.12778484
0.05641702
0.05959304
0.15603958
0.00760506
0.02344250
-0.14041592
-0.04102994
-0.13311976
-0.01318809
-0.06947450
-0.11480607
-0.00039976
-0.07493143
0.11299709
0.19852627
0.01360674
0.02515781
-0.17454691
0.13346245
-0.05560146
0.03484071
-0.01794166
0.03062161
-0.00770013
0.01164857
-0.09483917
0.01182706
-0.13265814
-0.00967652
0.01627418
-0.02481780
0.02903132
0.07887947
-0.14207278
-0.12971602
-0.05524049
0.03816607
0.03081246
-0.03167145
0.05170463
0.18528058
-0.09617546
-0.07541139
-0.16310721
0.01190870
0.07083980
-0.03311180
0.09715587
-0.02063897
0.02172132
0.09036724
0.05240058
0.02813695
0.12714160
-0.08146986
-0.04142288
0.02640032
-0.03182313
-0.05025644
0.06420751
-0.04524542
0.03521176
-0.01634385
-0.03884299
0.04075498
0.02594554
-0.17591613
-0.03022005
-0.09613658
0.00997324
-0.06394756
-0.00126200
0.11173116
0.15167691
0.07117424
-0.14244011
0.13077114
0.09582093
0.02258889
0.21662752
-0.04108457
0.15987064
-0.09862207
-0.03540521
-0.10450956
0.05014570
0.03243813
-0.05804292
-0.12540309
-0.24043778
-0.08499609
