0.11115187
0.01818185
-0.06512700
0.11206832
0.03382874
-0.11678079
0.05721959
-0.16542173
-0.09746258
0.01396234
0.03789125
0.00649522
-0.17809673
0.07543182
0.11625025
0.10755152
-0.05254657
-0.03629121
-0.09373988
0.02305237
0.02322917
-0.07107914
0.08472105
0.07851236
0.06054341
-0.06941940
-0.12332102
0.06009186
0.13333731
-0.11886397
-0.20344846
0.13231384
-0.00568208
0.10851557
0.09079892
-0.11227204
-0.03979051
-0.07692616
0.01655458
0.10745566
0.00515819
-0.19348445
0.11381239
0.00024614
-0.04233879
-0.19377327
0.03445076
0.02258937
0.03119453
-0.09932604
-0.06727250
-0.08442455
0.16469374
-0.07558675
-0.01812373
-0.08201216
0.08391056
-0.00113004
0.00670866
0.08655182
0.06221206
0.07241412
-0.19649712
0.02026291
0.08902738
0.03224622
0.08308750
0.19543276
0.11503681
-0.10348317
-0.07647874
-0.01121992
-0.05920424
-0.00727395
0.11315047
-0.04895666
-0.02635987
-0.02097013
0.06214626
0.09552782
-0.01377052
-0.02921385
0.08601545
0.06663878
0.04497823
0.30092670
0.00292071
0.03144289
-0.00769601
0.05679311
-0.04837008
0.09284367
0.16852181
0.00785790
-0.00629500
-0.05191411
-0.04363209
-0.15695280
-0.00494942
-0.08120142
