0.04095818
-0.11251443
0.05388575
-0.03690894
-0.05446859
-0.19246330
-0.23708066
0.03592286
0.04660831
-0.03912585
0.06571204
0.03278227
-0.14351180
-0.12715108
0.12185170
0.04741946
-0.03292582
-0.10825137
0.02677696
0.02541717
-0.19169840
0.09760372
0.00632468
0.03461298
-0.13671894
0.17049274
0.08652232
-0.08549339
-0.02112366
-0.06377195
0.04308488
0.08354555
0.03814626
0.04897272
0.05545933
-0.11183812
0.07378168
-0.09022867
0.06369160
-0.11326801
0.11384344
0.04348934
0.08202335
-0.06986872
0.08122127
-0.07789155
-0.03861728
-0.02801693
0.05291488
0.13245618
-0.02423404
-0.02138136
0.03191481
-0.06963204
0.15059560
0.10914717
0.09753708
-0.04800250
-0.16397097
-0.08949167
0.04405277
-0.06601168
0.03217727
-0.06983384
0.02088294
-0.01931045
0.04075687
-0.17250005
0.13634361
-0.02053873
0.03978812
0.19242918
0.00113217
0.11864702
-0.03393722
0.10620517
0.04815564
0.00089836
-0.02942558
0.05732319
-0.09697730
-0.09469673
0.10148309
0.06811502
0.05874226
-0.04029037
0.00110604
-0.15140494
-0.13506326
0.04290141
-0.11106885
0.01415031
-0.16127503
-0.04620828
-0.09715777
0.05758132
0.00097282
0.02818844
-0.11861743
-0.12299339
