-0.06085314
-0.13376621
0.07866284
-0.14887132
-0.03638304
-0.09406494
-0.11061279
0.18081023
-0.12111544
-0.02607268
-0.05075896
0.04995488
-0.11322984
-0.02804265
0.15221792
-0.07374143
0.09844589
-0.03174700
0.03303049
0.04343472
-0.19849455
0.01731676
-0.01771939
-0.13389715
0.03280681
0.10553437
-0.10192693
0.10358017
-0.07094438
-0.12546271
0.07296468
0.05648121
0.10312084
-0.01448633
-0.03591454
0.10368927
-0.11491157
-0.09046373
-0.01557073
-0.03692967
-0.00667195
-0.11455092
-0.00173094
0.11937045
-0.09037552
-0.15483673
-0.06559446
0.00608124
0.00911873
0.09790335
0.03322001
0.04270909
0.09692075
-0.00429116
-0.08831178
-0.07373971
0.00980222
0.02428595
0.05300986
-0.06519714
-0.08071878
-0.05617616
0.03246904
0.02138709
0.08394520
-0.06314058
-0.13992426
0.01361247
-0.10397970
0.04223001
0.04921087
-0.08675765
-0.01056788
-0.00099548
-0.05013444
0.02234277
-0.00375563
-0.02316079
0.07516940
-0.05667475
0.07423930
-0.01978370
0.00395463
0.00144425
0.02749265
0.18093591
-0.05090444
0.17194934
-0.09191615
-0.13768710
0.02067683
0.03829770
0.00557486
0.02949760
0.08034235
0.14527149
-0.10394073
0.17950060
-0.08579341
-0.04921689
