-0.02635747
-0.28670698
-0.09642177
-0.12653602
-0.08998970
-0.01891846
-0.02886089
0.17248326
-0.05072075
-0.02217981
-0.13921053
-0.04234757
-0.11868897
0.00268776
0.07567545
0.03586044
-0.06215048
-0.14464188
0.12951456
0.18185479
0.01068934
-0.08781200
0.10625168
-0.05257323
-0.04167576
0.07862859
-0.12287981
-0.17357935
0.03731793
0.03554859
0.00843985
0.04405978
0.09600319
0.08608629
-0.05043656
0.07185084
0.01536839
-0.04484557
-0.10585554
0.05739137
-0.03136908
0.00411910
-0.07034063
-0.13754274
0.01522105
-0.00551223
0.10636313
0.07111741
0.09343634
-0.06643121
-0.08305947
-0.11257790
0.04417477
0.24741326
0.06454132
-0.06857682
0.07421594
-0.10009170
-0.12636161
0.06364273
-0.06900629
0.02803041
0.12477064
0.03558289
0.08246812
-0.14244719
0.05868343
0.18970184
0.04800329
-0.13668783
-0.01802035
-0.04435082
0.03397721
0.03655075
0.03597035
-0.03227019
-0.05316011
-0.05230115
0.07571573
-0.16437628
-0.01838941
0.02398466
-0.05790588
0.04233378
-0.00632661
-0.08323465
0.01431420
-0.02378991
-0.03635890
-0.06309988
0.00545069
-0.16376607
-0.03533526
-0.04821696
-0.08089251
0.05789946
-0.06513559
0.04795837
0.08656470
-0.01391563
