-0.00967290
0.01471145
0.01624388
-0.05462473
0.10199543
0.18795604
-0.12185232
-0.11493208
-0.01744210
-0.20277560
-0.05352438
-0.21384432
-0.08776712
-0.12335923
0.02500230
-0.03598169
0.03240913
0.07490789
0.08758623
-0.11095653
0.11045818
-0.02203613
0.12221604
0.10199913
-0.04250887
0.17215576
0.10831287
0.02714679
-0.04006683
0.03008237
0.15438001
-0.07419390
-0.08694766
0.03279120
0.04152138
0.07466375
0.05332753
-0.09586530
0.20332882
0.06942926
0.03749451
0.04900610
0.05263477
0.08113771
0.05628515
-0.04258557
-0.07621165
-0.14113396
-0.09295602
-0.06713623
0.14856206
0.08945890
0.06310198
0.12772336
0.08222740
-0.03816706
-0.10652185
0.05923697
0.15056331
-0.15708904
-0.09596592
-0.16202078
-0.07959765
-0.10356993
0.15696698
-0.06674462
-0.09123899
0.06478547
0.10746769
-0.11855368
-0.06879090
-0.06171053
-0.03789679
-0.01064848
-0.01881439
-0.00813621
0.01942014
0.00673620
0.00122117
0.07297718
-0.05134415
0.01950139
0.00743799
-0.17522868
0.02837621
-0.05970553
0.01501308
-0.04861674
0.09947103
-0.08716453
-0.09515064
-0.05679714
-0.04074315
0.05127003
-0.02509894
-0.17911404
0.11144835
-0.03324321
0.00096449
-0.04750353
