8.77587646
1.43729070
4.14607426
1.83652704
2.64091273
2.56243078
3.92464265
1.80050848
1.83530058
1.76602535
1.59652067
3.17999695
3.10411016
3.74135201
2.05819851
1.34132340
1.40541654
2.88676627
1.76710743
3.21062370
1.71914217
2.14001105
2.06811238
10.54748642
3.16458567
1.35579828
4.69686224
1.37997181
1.11359267
6.43038181
3.31696954
3.14967343
1.53913814
1.35333730
1.79797524
1.70360642
1.86470721
1.89319441
1.27791688
3.19959147
1.75319927
3.91050840
5.12946496
1.40446552
1.75398286
4.85368421
1.42441504
2.54820238
3.42592959
1.63985233
2.01318436
2.83452866
1.43304091
1.42151333
4.73698282
1.94442359
3.82390614
4.64156445
2.46597158
1.43963969
3.37818931
2.24522415
1.79231618
2.57022189
3.49727148
-0.60885529
3.16152210
3.21907777
1.53011891
-0.71250822
4.46384068
1.92929704
2.66046531
2.75361766
-9.00547504
2.77353195
3.40711171
5.69073228
4.58979381
2.63154821
3.31160540
2.45546473
1.16760189
2.57875431
4.11581259
5.65873417
4.09803652
3.14265993
1.53091629
1.95650131
-0.37216118
2.26281209
2.43092307
1.46998228
1.00022078
9.68948837
1.66555746
2.72237558
2.36285036
5.61847989
