-0.10869781
-0.00976495
-0.07372702
0.12222784
0.14159885
0.09011283
-0.01375382
0.06512279
-0.08982486
0.14249380
0.07855263
-0.03922739
0.06424051
-0.00721599
0.06149165
-0.07080977
0.02490638
-0.06929090
-0.13603060
-0.06973949
-0.04945392
0.07711907
-0.10889523
0.06369509
-0.09335675
0.10741242
0.00878064
-0.01470100
-0.12230909
-0.11609818
-0.02245686
0.12920383
0.00593056
-0.10284321
0.09056854
-0.01062475
0.08833935
-0.05645142
0.01926439
-0.14295468
-0.08409216
0.07082456
0.05419515
0.12175044
0.05145982
0.01826894
0.07417584
0.08118254
0.11485945
0.16087404
0.07689653
-0.01567742
-0.13496237
-0.06735407
-0.08345640
-0.05727006
0.14895043
-0.09337068
0.06796847
-0.15090893
-0.03066508
-0.00846864
-0.05719029
0.10303247
-0.03385444
0.12592376
-0.06774545
-0.12073343
0.06171526
0.19260249
0.13606826
0.10932790
0.06597383
0.17119774
0.13963589
-0.03204233
0.01459030
-0.08978566
-0.01554922
0.08056387
0.04147485
-0.10328508
0.12733754
0.10216045
0.11949446
0.03218593
0.09876855
0.05215270
0.05600579
-0.00636752
-0.03747576
-0.13882646
-0.01244360
-0.06591045
-0.07424279
-0.03651127
0.04207901
-0.13932530
0.01843148
-0.03258440
