-0.02031510
0.04882390
-0.04652970
0.05425174
0.03177517
0.04798398
0.10872143
0.08083161
-0.14260247
0.16890508
-0.11501458
-0.16328717
0.08858479
-0.07228474
-0.17541948
-0.00399727
0.17025732
0.08291308
0.06418734
-0.09886884
-0.07461634
0.08539229
0.12276404
0.10308109
0.05150921
-0.09442454
-0.01712425
0.11402668
0.13077548
0.03735139
0.01052814
0.03245506
-0.04326801
0.07998855
0.02176252
0.04451371
-0.01281711
0.03050469
-0.05631395
0.15006149
-0.02482209
0.06644575
-0.17948312
0.09313112
-0.03291088
0.05849476
-0.03841566
0.06424144
-0.04829755
-0.03880859
-0.08836783
-0.13809917
0.04028068
0.10340729
0.01554493
-0.06004811
-0.10530419
-0.08969735
0.16550876
0.01001421
-0.09931747
-0.10293491
-0.06825307
-0.01942785
0.18868767
0.00470973
-0.11468068
-0.06657258
-0.09064032
0.12574518
0.18799086
0.14442421
-0.03098562
0.11339303
-0.00324414
-0.01119277
-0.09968058
-0.02205009
-0.07138441
-0.02063474
-0.05809921
-0.03019599
-0.14550112
0.05001437
-0.11746038
0.03203132
-0.05682199
-0.07741144
-0.17068719
-0.02744112
0.08527102
0.15577925
0.05054536
-0.11677246
-0.01935706
0.10249664
0.04725468
-0.05684367
0.02181835
0.08394750
