-0.12308008
-0.05364856
0.10493381
0.03925005
-0.07928008
0.04197199
-0.05973397
-0.17503095
-0.04490351
0.16498647
0.01786663
-0.16438218
0.05903225
0.16263775
-0.00345548
-0.01244722
0.05028284
-0.06900389
0.02567106
0.21194067
-0.07296012
0.00620854
0.03468565
0.03711038
0.07281736
-0.01723765
-0.06203145
-0.00524252
-0.16066030
-0.01816319
0.18511387
-0.04680739
0.03076225
0.04293444
0.03383915
0.00653406
-0.05375792
0.03037023
0.02116839
0.01450419
0.05169370
-0.01411129
-0.09890355
-0.06388863
0.05915137
0.08712505
-0.05272466
-0.11197591
-0.08567914
0.08553117
0.07772400
0.06661253
0.08236447
-0.00241380
0.01337935
0.06088676
0.07810393
0.21595576
-0.08154769
0.00951367
0.03724116
-0.09796534
-0.12563249
0.01379861
-0.05973546
-0.00000631
-0.08077689
-0.00825831
0.00857949
-0.18790800
0.06425934
-0.17075047
0.02163017
0.00184066
0.01964043
0.12915962
-0.13056493
-0.05823858
-0.06461056
0.13144124
0.11154093
0.05997912
-0.13198564
-0.03903014
0.04455056
0.02989351
-0.05504756
0.12784312
-0.04890407
0.03284072
0.16957386
0.14703332
-0.01663061
0.06405765
0.14265967
-0.08062794
0.08174690
0.15832314
0.08556752
0.10498948
