0.05655959
-0.17679612
-0.09378813
0.12018146
-0.02405250
-0.09665489
-0.18740023
-0.10663368
-0.06220452
0.05148428
0.05474156
0.14668042
0.08937662
-0.06746341
0.00850755
0.03378804
0.04798678
-0.10765904
-0.06581310
-0.03194730
-0.00960844
0.15657684
0.03451469
-0.08839333
0.00970616
0.00201679
-0.01264189
0.12611393
0.17452196
0.01237842
0.02547559
-0.10761021
0.09092259
-0.07498092
0.02216337
0.02453188
-0.01346322
0.04289498
0.00617149
0.19213006
0.13352016
0.19238756
0.08695916
0.00998251
0.01739749
0.01792921
0.08122747
-0.02741959
0.02840156
-0.07075629
0.09025458
-0.04360972
-0.11742491
-0.02468586
-0.04666071
-0.07621226
-0.05152562
0.05623711
-0.00638272
-0.13942383
0.12808021
0.01940245
0.06762858
-0.10041045
-0.01390710
0.10175316
-0.09945180
0.03783940
0.14391906
-0.06283533
-0.18275627
-0.17863704
-0.00771599
0.12384190
-0.02948613
-0.01914105
-0.15068519
0.02932204
0.01250392
0.06028165
-0.06257523
0.13033929
-0.01343537
-0.14853058
-0.01838257
0.12336230
0.04285906
-0.16101926
0.15719714
0.05031542
0.00735944
-0.00233056
-0.01780277
-0.02171171
-0.08952164
0.10271443
-0.00840987
0.08872977
0.05518464
0.01039406
