0.17923483
0.06312069
-0.13200736
0.15361437
-0.16512715
-0.10975192
0.05369478
0.08289774
0.01413520
0.20166218
-0.03614768
-0.05792141
0.03840672
-0.11826345
-0.03026606
0.04381540
-0.04076928
0.00091574
-0.06588224
0.12214932
-0.00922060
0.16029299
-0.07378028
-0.05083387
-0.02157444
0.05801210
-0.03777331
-0.09208725
-0.13010648
0.02900226
-0.11929664
0.08091557
0.08763152
0.07966445
0.05092852
-0.02991542
0.06759452
-0.02238950
0.04212179
0.12911704
0.06330257
0.16167156
-0.06797478
-0.15680450
-0.02717606
0.10942484
0.12988032
0.08505082
-0.12861863
-0.18412445
0.01739897
0.08379350
-0.05909182
0.13486201
-0.01580012
-0.12065700
0.02667548
-0.09992886
-0.04656260
-0.07323815
0.01667813
0.08838680
-0.01488506
0.02991905
-0.10241521
0.03293847
0.05784076
0.07398420
0.02584965
-0.14558216
0.12619825
-0.01867150
0.09560997
0.04029116
-0.17877913
0.02288787
0.15869669
-0.09697940
0.01981454
0.04086591
-0.02731410
-0.10993306
-0.01397228
0.09974379
0.04162199
-0.03359887
0.08105442
0.04516042
0.09446719
0.06740348
-0.00786811
0.02946060
0.07077503
-0.01888608
-0.07763207
0.07894875
-0.05068471
-0.04130405
0.03548655
-0.19074282
