-0.04998110
0.11769665
-0.13165607
-0.14006932
0.04267427
-0.02921748
0.03046682
0.01222628
0.20916567
-0.15458632
-0.13116196
0.19823920
-0.05871374
-0.05503615
0.01115816
0.05902743
-0.07950900
0.00729191
-0.17347255
0.03249595
-0.05843347
-0.00130683
-0.01574200
0.09111360
0.16941710
0.14942224
-0.07127697
0.09667162
-0.05796542
0.00918498
-0.18162691
-0.02558390
-0.05082503
0.04399846
-0.03691227
0.05064951
0.11467537
0.10169336
0.02138905
0.05354819
-0.08503959
-0.08392910
-0.16281258
0.03785673
-0.00312006
-0.04738884
0.00699908
-0.07923605
-0.15095284
0.08159567
0.02485487
-0.03172048
0.07539657
-0.21472317
0.03571607
-0.00131857
-0.01807121
0.05963812
0.18255264
0.07846595
0.12717565
-0.14004156
0.04182695
0.00750567
-0.01861227
-0.03165007
0.05424383
0.07188458
0.05447791
0.07039469
0.02813478
-0.04402245
-0.03644623
-0.00594091
-0.11008748
-0.02782212
0.02689274
0.01158901
-0.03550409
0.00710486
-0.05408639
-0.05276386
-0.00501669
0.01454678
-0.02959048
0.00080420
-0.02839996
-0.14515800
0.20554112
-0.03772791
0.04369019
0.03252260
0.06023066
0.02287425
0.04899847
0.04099458
-0.01382957
-0.15483358
-0.11335925
-0.02596748
