-0.08442019
0.08960070
-0.00550205
-0.02028304
-0.05049414
0.07169730
-0.11975122
-0.05681207
0.05150943
-0.13926570
0.00130824
-0.04069037
0.14915144
0.09697506
0.00125895
0.02921119
-0.02212826
0.26959201
-0.01665507
-0.17215198
-0.05055774
-0.03883045
-0.13624415
0.02396667
0.11891399
-0.04407551
-0.11073466
-0.06289829
0.02806825
-0.01097688
-0.16732099
0.04803353
0.04980907
-0.15457564
0.01411945
0.06454424
0.04830829
-0.03601148
0.07776359
-0.11224245
-0.16864432
0.08631843
0.00932858
0.05833484
-0.07641869
0.13789052
-0.05042019
0.05676515
-0.09624414
-0.08516977
-0.07749667
-0.02405582
0.03834479
0.08698042
0.08535670
0.05126657
0.05025762
-0.02205263
-0.05110835
-0.00686764
0.04595928
-0.05086748
0.14286677
0.13467993
0.06670798
0.04448057
-0.07457867
-0.20832916
-0.06900670
-0.11607209
0.06580238
0.13918126
0.02501738
-0.03515541
-0.08628565
-0.04681399
0.05987876
-0.00250768
0.16067674
-0.07408556
-0.23036014
0.01220496
-0.08780520
0.04513080
0.01279241
0.13034434
-0.15697327
0.03881904
0.05935135
-0.11120247
0.09067587
0.18959874
0.01704899
0.08891110
0.01643765
-0.12968492
0.04882735
-0.04365413
-0.02891130
0.04140151
