0.01427876
0.03149784
0.04043419
-0.03343396
-0.09109772
0.14260315
-0.04998281
0.00395045
0.06307426
0.00239743
-0.06980623
0.14875812
-0.25342992
0.04278227
0.13695340
-0.01217823
-0.01028725
-0.05615974
0.22117736
0.14754191
-0.00303619
-0.02311646
-0.07445196
0.13982885
-0.14610613
-0.07878042
-0.03986828
-0.09909531
-0.11102660
0.06433947
-0.00635397
-0.04422895
-0.02333922
-0.00972992
-0.08629745
-0.01921564
-0.07824335
0.07355225
0.04449575
-0.03157604
0.03011844
-0.07746190
-0.05553707
-0.05649459
0.01883052
0.00485970
-0.18443988
-0.08915475
-0.04438176
-0.01957712
-0.04669671
0.05951559
0.11785617
0.09159714
0.03519186
0.09845381
0.10755635
0.05046028
0.18149323
-0.02299747
0.03165165
-0.04139150
-0.05781609
-0.08911565
-0.06925591
-0.11673556
-0.02739801
-0.06432106
0.14160786
0.04801429
-0.17591659
0.10628972
-0.04858258
-0.14350872
0.04830881
0.11142134
0.02652813
0.03673608
-0.07260466
-0.01359593
-0.00894114
-0.02101256
0.06668198
-0.07030088
-0.02931290
-0.04070080
0.03774384
0.11451101
0.16156014
0.19022679
-0.09136296
-0.06649419
0.17662950
0.03413811
-0.05027476
0.12743361
-0.14130724
-0.04219762
-0.08528371
0.10176470
