0.04807991
0.11965676
-0.01427040
-0.02501630
-0.06934030
0.14926735
0.20214277
0.08755702
-0.05074762
-0.10355752
-0.07761751
0.00493212
-0.11071559
-0.13349619
-0.12975948
0.03871569
-0.17558614
0.04234104
0.03642704
-0.09088790
-0.08142490
-0.04982602
-0.05488583
0.07290280
-0.01234911
-0.07329340
0.04340811
0.08436036
-0.14854285
0.10362722
-0.08863584
-0.16739613
0.00644251
0.09734238
0.10534274
-0.03383829
0.05935832
-0.01067528
-0.01652205
0.09902264
0.02054597
0.08277411
0.04216085
-0.05549928
0.04741798
-0.01328128
-0.10544819
0.01759636
-0.00063825
-0.04511875
0.01017626
-0.07294443
0.16375987
-0.13731350
-0.13258182
0.09048396
-0.06605530
-0.05504627
-0.05491818
0.07721813
0.01021229
0.04278027
-0.16009604
-0.15337927
0.01882521
-0.16185559
0.16356599
0.02756977
0.11245605
-0.15254701
0.04580375
0.04219494
0.09856355
-0.02995462
-0.11775886
-0.06179471
-0.04529548
-0.02786240
-0.01834668
0.02186552
0.18097821
-0.07199072
-0.05746897
0.15093750
0.21234409
-0.06307988
-0.16474435
0.04267619
-0.06061592
-0.00665229
-0.00859554
0.02775207
-0.11261638
0.02041143
-0.03592814
-0.12823264
-0.01221495
-0.09003024
0.24652059
0.00432129
