-0.00701761
0.04687118
-0.02542597
0.01558201
0.18291925
-0.00036099
0.12314451
0.08822903
-0.07305105
0.12320347
-0.05993581
0.04301011
-0.00290475
-0.03475059
0.10989205
0.04960316
-0.01539211
0.08238811
0.06231622
0.07206016
0.00026749
-0.18103321
0.03413267
0.11443426
-0.04372401
-0.06129144
-0.00949750
0.05111638
0.03303696
-0.04076706
0.14844314
-0.12912363
-0.13557693
0.24252434
0.03351716
0.10247077
-0.08277614
-0.01482305
0.17066684
-0.00760385
-0.05089904
0.00614025
-0.21670157
0.08757350
-0.05547513
-0.09804232
-0.04759971
-0.03163581
-0.06778876
-0.19564069
-0.07851777
-0.00702191
-0.09530835
-0.05628118
-0.03376091
0.01460917
0.00702214
-0.05982242
-0.11524520
-0.11999831
0.03801190
-0.04659098
0.05906858
0.05271207
0.09102569
0.06098871
-0.02859648
0.00618492
0.02851690
-0.00832819
-0.09815645
-0.04588513
0.17618964
-0.04217935
-0.11334094
0.01269580
-0.03766807
0.15605142
0.05764463
0.04791801
-0.06313320
0.09678757
-0.07706310
0.11964640
-0.21461847
0.14502092
-0.06860772
-0.01799890
-0.01401631
0.03040314
0.02842518
0.15769417
-0.00801821
0.02458487
0.05475365
0.02546936
-0.02383267
0.05850627
-0.09011794
-0.03757638
