-0.11564806
-0.12749911
-0.00360418
-0.05324614
0.11368454
-0.12587450
-0.15072667
0.01776044
0.10319770
-0.06945040
-0.10948733
-0.01291832
-0.14156528
0.00150042
0.07166190
0.01883605
-0.16516443
-0.04643924
-0.02612813
0.15688887
0.07914174
-0.00493792
0.11326994
-0.09037772
-0.03012777
0.12219745
0.12996773
0.06318317
0.04245386
-0.05070444
0.06443957
-0.07164180
0.04970048
0.02438146
0.09855879
-0.03684086
0.05503102
0.06861603
-0.07771656
0.01351639
0.13817480
0.00972690
-0.02669844
0.03950458
-0.02379835
0.03833535
-0.01165822
-0.00158553
0.03986185
0.11785081
0.03909064
0.14259792
-0.17546898
-0.03886419
0.02041524
-0.07224891
-0.11037998
0.05337830
0.05300341
0.02503371
0.03419790
-0.07531041
-0.04305389
-0.00922794
-0.05950253
0.02871026
0.20461021
-0.04171668
0.05600927
-0.08948573
0.11588182
-0.08383813
0.01805551
-0.05351310
0.04429331
0.00098222
-0.00380536
0.25511929
-0.05450386
-0.00405543
0.23210244
-0.09919760
0.04783866
-0.09312197
0.08915829
0.02833386
0.05641383
-0.02412364
0.02121097
0.12738379
-0.19681386
-0.14129227
0.03594127
-0.05664256
-0.02563642
-0.12949505
-0.07827517
-0.03496483
-0.06278715
-0.07495765
