-0.12462093
-0.04774571
-0.10741996
0.00838649
-0.19883972
-0.01030492
0.09237431
0.03808748
0.12322256
-0.00127561
-0.04694788
-0.16017015
0.23007562
0.02538385
0.09302416
0.04672403
-0.03381418
-0.02790372
-0.22038469
-0.08784612
-0.03702788
-0.05772176
0.06351485
0.03986130
-0.04418746
-0.10341666
0.06824813
-0.00701722
0.02917156
0.03020844
-0.01043134
0.06252293
0.01989896
0.00407299
-0.09294977
0.00347968
0.08003999
-0.03568357
0.03501301
0.05543197
0.29075193
-0.06271961
-0.01780579
-0.03753029
-0.13382450
0.01603637
0.02840818
-0.03164156
-0.00392429
-0.00893754
-0.02638197
-0.07451674
-0.06279278
-0.08005467
0.06101330
-0.00225905
0.02863799
-0.06120059
-0.18911605
0.00434508
0.05465841
0.09983132
-0.15902620
0.02591734
0.01383788
0.00402876
-0.00965560
0.16976350
-0.10108838
0.01758091
0.03856698
-0.17256271
0.03830674
0.12728224
-0.02503992
-0.02542734
-0.12712363
0.02645575
0.09048865
-0.10976949
-0.11797676
-0.05241520
0.00838590
0.09783805
0.04906618
-0.00718076
-0.07364230
0.00531634
0.04704176
-0.06301004
0.02007863
0.02358140
0.11580900
0.13584640
-0.16265569
0.09554346
-0.05669838
-0.11456880
-0.05293572
-0.04167179
