0.01857147
0.14582160
0.04990531
0.00306316
-0.12431643
-0.13628367
0.05472356
-0.06487392
-0.02234698
-0.08055385
0.01682603
0.02111369
0.16165305
0.16843099
0.09836318
0.10043420
-0.10837329
0.11820388
-0.08723924
-0.14819343
0.29336197
0.02952539
-0.06142289
0.00073436
0.00639391
-0.19179373
-0.06629766
0.04904289
0.00329291
-0.15407173
-0.04553810
-0.01390410
0.00753566
-0.15554325
0.02365758
0.14167077
-0.14757045
0.04065511
0.12449296
0.03524025
0.05457841
-0.04401358
-0.01715827
-0.10606100
-0.01125787
-0.05120156
-0.06096853
0.13409174
-0.01084568
0.05836517
0.03477323
-0.09403207
-0.17510051
-0.13284144
0.02556669
-0.02790774
0.07037001
-0.03520317
-0.12251496
0.00892538
0.10201509
0.02459178
-0.01722927
-0.03900060
0.11749496
0.08471305
-0.03980838
-0.12474705
-0.08464293
0.03088363
-0.10123132
-0.03585207
-0.01134395
-0.06113018
-0.05785953
-0.02096847
-0.05103691
-0.12436451
0.06824700
-0.08519871
0.09589921
-0.03181763
-0.02852618
0.12003816
0.02419057
-0.03727163
-0.07661969
-0.04792157
0.03705269
0.07848929
0.00444835
-0.04567066
0.03107916
0.06218985
-0.03906816
0.13370960
-0.03375163
0.08322884
0.08971969
0.00524669
