-0.11487755
0.10653242
0.09436579
-0.14221793
0.02267447
-0.08761960
-0.01504068
0.00414515
0.15513452
0.03361546
-0.05957020
0.07544432
0.07949318
0.01255083
0.20347253
-0.01513333
-0.04165642
0.04956463
-0.11817818
-0.03734397
-0.04900965
0.12400106
0.06414342
0.05513429
0.08346916
0.08161594
0.00296896
-0.12848272
-0.15253058
0.00342847
0.15095182
0.07540952
0.09507000
0.16278096
-0.04402264
-0.05749903
0.09999255
-0.06506648
0.19964216
0.08081951
-0.05766260
-0.03389371
0.04735796
0.06469245
0.10602766
0.03085060
-0.09208221
0.00845254
-0.13940380
0.05228919
0.05191209
0.01331056
-0.08400529
0.11553184
0.08964942
-0.06459829
-0.12108207
0.09113001
0.05521964
0.00325998
0.02317188
0.06326437
-0.03912761
0.14101071
0.03145701
-0.06955511
-0.04477859
0.13653001
-0.05897161
-0.09623446
0.10478632
0.02897115
0.19996040
-0.02431135
0.05790063
-0.00175766
0.03922524
-0.14426194
0.02265467
0.06924876
-0.00052018
-0.03264025
0.00235071
-0.18959078
0.11269402
0.03104792
0.04996384
0.05941118
0.02602684
0.12870964
-0.10153808
-0.00677757
0.09837902
-0.00132031
0.05834263
-0.14699593
0.03164729
0.09831495
-0.20328091
-0.02138367
