-0.05388659
-0.11550414
-0.02716213
0.01583981
-0.01854138
0.02163935
0.00459178
0.06656780
-0.06261300
-0.01175893
0.02403865
-0.03734774
0.02785002
-0.17621509
0.04553988
0.04586213
-0.00011793
-0.03504920
-0.04299896
-0.16929559
0.10881208
0.06313647
-0.10796475
-0.14670244
-0.03825787
0.06761168
0.08268771
0.05308922
0.07627003
0.17427221
-0.16924974
0.04662534
-0.00539274
-0.07436835
0.07117951
-0.00054747
0.11917946
-0.10268489
-0.08416921
0.04304174
-0.08813713
0.01203922
-0.03991187
0.10890757
0.04336474
-0.04041832
-0.06342625
-0.04020744
0.23772672
-0.00492790
-0.02011716
-0.01961647
0.15058043
-0.17201997
0.11047604
-0.07142947
-0.02714705
0.06727084
-0.09299590
0.04227656
-0.00740263
-0.13891102
0.01909730
0.05763662
0.06334374
-0.05620580
-0.00160258
0.06180084
0.05297384
-0.03866417
-0.12628521
0.02707113
0.03152676
0.14879810
-0.15430292
-0.03518355
0.04312174
-0.01007745
0.20147037
-0.03646662
-0.23473882
0.07247987
-0.13893222
0.13057717
0.04010259
-0.03417803
-0.09732700
0.18444695
0.03073926
-0.04857121
-0.06900661
-0.01791420
0.12475743
0.18974975
0.00270044
0.04241684
0.03211231
-0.16375367
0.01393651
-0.04945901
