-0.02910619
0.14441046
-0.12648717
-0.05722602
0.07688020
-0.10034169
0.09604479
0.05494722
0.08491844
0.13291047
0.07307609
-0.15122329
0.00633416
0.06865556
-0.23498744
-0.05710892
-0.01088681
-0.00453096
0.10193650
-0.03623201
-0.03651481
-0.03147454
-0.02300584
-0.15384588
0.06517831
0.00115142
0.02160169
-0.00219427
-0.05195428
0.00960534
0.15805965
0.03538322
-0.00127166
0.11932520
0.06258854
-0.01869941
-0.04318204
-0.05304776
-0.04522762
-0.14249481
-0.03420187
-0.07561044
0.31156345
-0.12443027
-0.01793832
-0.05689335
-0.01231722
0.02351659
0.10306333
0.11813928
-0.06053645
0.01098945
-0.04479754
-0.06597500
0.10370190
0.11146139
-0.01276033
0.00072899
-0.05905909
0.03980789
-0.08092259
-0.13814698
0.08849991
0.03494016
0.00418139
0.07287326
-0.01053862
-0.08669910
0.10343765
-0.17804709
0.01029399
0.18430682
-0.11154830
0.00052609
-0.05061925
0.13560772
-0.00470678
0.03765988
-0.03063214
-0.01765190
0.16523958
0.07008408
0.14025214
-0.00399013
0.00794850
0.07382968
0.04153761
-0.05853076
-0.07235331
-0.00668212
0.03026494
0.02435290
0.02763641
0.14716214
0.13327217
0.10182848
-0.00650670
0.06794918
-0.15002039
0.04067784
