0.06336491
-0.00315611
-0.00325041
-0.08432779
-0.12781936
0.06401117
-0.05716314
-0.17576644
-0.02950852
0.01823218
0.15674711
0.02758506
-0.09997761
-0.04485288
-0.21052341
-0.00637276
0.09563049
0.11378334
-0.07046402
-0.04152239
0.10190824
0.07661689
0.03075889
0.09178679
0.03935433
0.02632655
0.13198374
-0.14535698
-0.19294550
0.06202137
0.02311289
-0.02321615
0.02551947
-0.13925241
0.06448130
-0.03280612
0.11512264
0.04849067
0.03689862
-0.08421266
-0.04276376
-0.15220646
-0.10541412
0.05878691
-0.10498739
0.07789873
0.12709955
0.08558590
-0.13576031
0.15136538
-0.06273309
-0.14250387
-0.07683886
0.02750478
0.04653547
0.06122699
-0.02187033
0.03403292
-0.01885104
0.03916319
-0.01199650
-0.04824656
-0.00912589
0.03598184
0.16143790
0.03225254
-0.11233091
0.01234690
0.03538800
0.06430999
-0.06221995
-0.07552588
0.07181698
-0.10118185
-0.01420755
0.02569631
0.08615350
0.03372339
-0.11597489
-0.10930016
0.05255587
-0.05773321
0.03450833
0.07358663
0.06359428
0.12329427
-0.11893565
0.15389903
-0.08641499
-0.00194858
0.01541436
0.14579844
0.04257405
-0.00750020
-0.14737950
-0.04470731
0.11723578
0.01896403
-0.14187139
0.04906416
