0.09284251
-0.00182834
0.05538854
0.16135157
0.00474224
-0.01591893
0.15861496
-0.22450646
-0.04085901
0.21748831
-0.04218923
-0.05014237
-0.10975345
0.07095911
-0.18881321
-0.07153584
0.05073716
-0.00012912
0.05583343
0.01131487
0.06092913
-0.11520758
0.01951586
-0.14018811
0.07009391
-0.02779211
0.05864332
-0.04809659
0.02940946
0.09432622
-0.17715826
-0.16710782
-0.16397285
0.07593835
0.03625918
-0.06286101
0.13414582
0.01233091
-0.14200062
-0.09120074
-0.12396105
0.08545036
-0.05379273
-0.10486953
-0.05164414
-0.07485004
0.07633008
0.04271515
0.02705386
0.03720676
0.00384571
-0.08491047
0.04846716
-0.07348068
-0.09592206
-0.09611773
0.07781407
0.08779180
-0.15739281
-0.01325273
0.02254563
-0.05462177
0.06809815
0.02276825
-0.01367670
-0.04988128
0.06058459
0.07600147
0.04199711
-0.02145746
0.08241665
-0.08115451
0.01292562
0.12496110
-0.01697566
-0.07551273
0.17391333
-0.02209638
0.03951938
-0.07191315
0.02573744
0.04179226
0.00040821
0.02918100
0.10779541
-0.12565076
0.01839536
-0.17818705
0.00254224
0.17275692
0.08421994
-0.00061965
-0.03026839
0.04727316
0.09457926
0.00131910
0.14450088
-0.07300879
-0.17877439
-0.06695375
