0.15599330
0.06851679
-0.06755556
0.15404585
-0.02646551
-0.00743109
-0.00564384
-0.01736969
0.03174680
-0.16019959
0.06147966
-0.27508499
-0.00191162
-0.12583116
0.05118597
-0.11308540
0.09718667
-0.07866932
-0.10555318
0.03049558
-0.04079125
-0.05893905
-0.06212454
0.09485937
-0.05516173
-0.01266669
-0.06672493
-0.01976942
-0.08825651
0.05775316
0.02963014
0.09486740
0.02836941
0.03660704
0.02135046
0.17325454
-0.01421442
-0.04027212
0.03134699
-0.04484444
-0.14825572
-0.06665381
-0.06242087
0.05255499
0.05960190
-0.02331511
0.02608109
-0.09975740
-0.01098835
-0.03420508
0.07753474
0.09673120
-0.06146228
-0.21610818
0.00680101
0.13087783
0.12478165
0.07022364
0.11110514
-0.10426515
-0.14072636
0.05141446
-0.01725625
-0.13276966
0.07903178
0.15454010
0.02919743
0.03136526
0.01390089
-0.07921701
0.00228896
0.09577153
-0.12795024
0.10678187
0.14064395
-0.00966231
-0.01286491
0.15349244
0.05305566
0.04977263
-0.01676712
-0.09138169
-0.05053361
0.04675915
-0.10274394
-0.00344267
-0.08241179
-0.15014074
0.18250485
0.09735747
-0.02309290
0.12845131
0.00930154
0.05286981
0.04806966
0.03382773
0.00147140
-0.00122874
-0.08098900
0.13193915
