0.02357564
0.02470373
-0.07492033
0.09554192
0.03699941
0.05555508
-0.04602168
-0.06473259
-0.04424570
-0.10512583
-0.04946291
0.06880177
-0.21348762
-0.16773216
0.00251696
0.03109464
-0.08981476
0.05077878
0.11917706
0.06472203
-0.14798851
-0.06915402
-0.08082039
-0.03206581
-0.06354276
-0.07966593
0.18078944
-0.03151835
-0.01442846
0.02710661
-0.16396944
-0.10806521
0.04447667
0.03326200
-0.10990020
0.10655304
-0.00631741
0.01341222
0.01034462
-0.05205954
-0.17334623
-0.01238861
-0.14813773
-0.01558709
0.01962709
0.01873880
-0.13122235
0.03470179
-0.11458084
0.02382292
0.05709810
0.15130262
-0.19412594
0.07849667
-0.01534935
-0.00712874
-0.05323631
0.02216472
-0.02448043
-0.05857119
-0.05098358
0.05833629
0.04653665
0.10418297
0.03435577
-0.01381011
-0.10775649
0.02979696
-0.02902087
0.02096830
0.08278635
-0.04665217
-0.04565003
-0.02453485
0.02012403
0.19281330
-0.08262687
0.12683540
-0.02039250
0.08499347
0.00565175
-0.05056766
-0.02453544
0.09076553
0.11991196
0.09096881
-0.05336478
-0.12199807
0.03794551
0.04997779
-0.23783415
0.00229366
0.19836247
-0.01783711
-0.06097823
-0.09539362
-0.17142264
-0.04632963
0.02853279
-0.09313513
