0.01853501
0.09400914
0.04405565
-0.01126925
-0.02717119
-0.11503529
-0.05346705
-0.01465388
-0.03031444
-0.15364809
-0.07134637
-0.09249374
0.02829719
-0.00655802
-0.04637051
-0.08834774
-0.08570673
-0.19109497
0.11528516
-0.08227012
-0.20951064
-0.03233197
0.04785797
-0.07439948
-0.02331614
0.00799869
0.00692031
0.09539906
-0.12674280
0.10494427
0.12280409
0.04596536
-0.07755441
-0.10254772
-0.04087772
-0.03634519
0.02445700
0.07883784
0.08104999
0.08553632
-0.00401428
-0.01251398
0.01308394
0.03794644
-0.08473352
0.05687359
-0.00447349
-0.14992276
-0.05159940
0.00643427
0.03712464
0.05223480
0.03007281
0.06462231
0.01910252
-0.03480988
0.08944167
0.00424338
-0.00675128
-0.09795528
0.06784263
-0.06461405
0.07279004
-0.10839786
0.01946195
-0.03382587
-0.00757124
-0.11800893
-0.04723791
0.08089356
0.19454354
0.05859730
-0.15632206
-0.03947154
0.03521145
-0.05816037
0.17390633
-0.00510878
0.10843236
0.02410396
0.00616655
0.15473949
-0.10153803
-0.04196340
-0.13251896
0.02337062
0.03631572
0.04500811
0.08968913
-0.10873072
0.12064402
-0.15584900
0.04572552
-0.16316509
0.06825449
0.02081011
0.10157208
0.05723753
0.10873696
-0.05017523
