-0.07048363
-0.03904822
-0.10033916
0.22887978
-0.06496450
-0.01739237
-0.14760717
-0.09156385
0.00394315
-0.07074129
0.02733922
0.09298882
-0.03446344
0.09746877
0.09802943
0.15036510
0.05196793
0.00392258
0.16936269
0.06107485
-0.00688414
-0.03634799
-0.01852461
-0.02150922
-0.06712337
-0.00273343
0.05077662
-0.00875561
-0.08792982
-0.05191381
0.04299354
0.06446277
0.06457170
-0.06884645
-0.04208635
-0.10659948
-0.03305686
-0.08838587
-0.09943371
0.06247167
-0.16907846
-0.02299845
0.05373938
-0.00067376
0.01898731
0.02871272
0.25673776
-0.05225385
0.05044566
-0.09963165
0.08465394
0.06242093
0.08465131
-0.03407856
-0.03628751
0.07557826
0.04298558
0.13237959
0.07122443
0.22502773
0.12642091
-0.11433630
-0.12699104
-0.04061942
-0.10927107
-0.02396799
0.09818205
0.10446789
-0.05608398
0.11361841
0.05017901
-0.01171992
0.06907275
0.11720933
-0.02676355
-0.00202287
0.01487639
-0.03114875
0.04082532
0.04227190
0.10818189
0.00753230
-0.06495123
-0.00708962
-0.00860826
-0.03757671
0.22035290
-0.03005727
0.00513321
-0.05559623
-0.00067152
-0.03143821
0.00633362
0.02194291
-0.02501480
0.02470035
0.22886410
0.10256575
0.06697293
-0.07942566
