-0.07617582
-0.03415098
0.11340578
0.11067331
0.02113825
0.01905880
-0.06767655
-0.09085404
-0.05977405
0.09878786
0.08440256
0.07483411
-0.03328291
0.08780434
0.00366003
-0.09901404
0.09524685
-0.06030989
-0.05267865
-0.05246298
0.10312553
-0.10909692
0.02717481
0.01550694
0.06094570
0.05279444
0.09012264
0.09353385
-0.03397553
0.09594199
0.00960816
0.10899862
0.12018837
0.08051258
-0.03016612
0.02248774
0.00592109
0.01911176
-0.05724743
0.00697235
-0.00116717
0.11942062
0.01964800
-0.15398973
-0.07953314
0.02299243
-0.10401374
-0.02883037
0.09824944
0.05441610
-0.03452255
0.06577897
-0.05267407
-0.08287336
0.06322519
0.08822327
-0.16879700
0.06553513
-0.13685542
0.03385777
0.14689782
0.02006251
0.07624470
-0.05322973
-0.08398146
-0.13894815
0.07838838
-0.04126220
0.08474001
0.00891955
-0.10131726
0.07490441
0.04081207
0.00697118
-0.07482708
-0.11795143
0.09000201
0.06859326
0.18960184
0.09757830
-0.01280596
-0.13944201
-0.03850648
0.17685377
0.03879865
0.03887161
0.14887918
-0.07725060
-0.04261658
-0.10259042
0.10683253
0.16055568
0.09896955
-0.11907762
0.06630050
-0.04129164
0.01798005
-0.05056194
0.07610392
-0.08688366
