0.06504902
0.06213859
0.11128222
0.19803136
0.01275580
-0.02506649
0.01618096
-0.02620404
-0.19976989
-0.01002166
0.01450638
-0.03165926
-0.01874443
0.10684821
0.00713222
-0.00258408
-0.05716024
-0.04816268
-0.00872108
0.01105674
0.03358756
0.14133428
0.11724812
-0.10347391
0.15182227
-0.08517682
0.22223025
0.01722441
-0.03791932
-0.17470160
-0.03439755
0.13328778
-0.03566631
-0.03896450
-0.11348368
-0.10146221
-0.05001595
0.03111748
-0.17824360
0.05767958
-0.04158271
0.06951822
-0.00037560
-0.03826207
0.04345396
0.04366053
0.17503156
-0.11246317
-0.06067663
-0.10574270
-0.04927595
-0.04368129
-0.03815268
-0.04052941
-0.04411286
-0.02049534
0.03701245
0.09625821
-0.03154344
0.15794500
0.07543258
0.10541619
-0.08471890
-0.15801055
0.02825786
0.02976037
-0.14695395
-0.12842432
0.03042879
0.08958059
0.11722926
-0.07936562
0.05225760
0.05308925
-0.00277226
-0.09091337
-0.09546013
0.06400314
-0.14538135
-0.02549088
0.01214129
0.09446549
-0.03104143
-0.12035287
0.03008120
-0.06220040
0.15362793
-0.07501638
0.01477999
0.17652631
0.09110690
-0.00146203
0.04141435
0.20766968
0.12105792
-0.11481385
0.01596488
0.09203560
-0.13265731
0.02494989
