0.01852804
-0.11860497
-0.02015730
-0.10811506
-0.04906899
0.09956866
0.02126953
-0.04102256
0.03597357
0.02652586
-0.03739507
-0.11603306
0.16502425
0.00460109
0.15143080
-0.00433190
0.11368199
0.05468611
-0.00068081
-0.14719341
-0.06790146
-0.03225101
0.09036307
0.08386801
0.02526578
-0.00701512
0.04729868
-0.05002322
0.09457048
-0.06642974
-0.13579686
-0.01174904
-0.13742700
0.02853090
0.11527262
-0.12898070
-0.15482878
-0.02246807
-0.00783092
0.10713297
0.02943566
0.03927304
-0.07144435
-0.00151044
0.09747585
0.06413274
-0.02399902
-0.02940970
0.22094015
0.03504856
-0.05723752
-0.03979789
0.01550278
0.12539933
-0.02554035
0.01490817
0.15619885
0.09924237
-0.04348672
-0.08531194
0.11404778
-0.00235710
-0.01032834
-0.12635403
-0.24408549
-0.08100634
0.13052752
-0.04540787
-0.07858736
-0.03246202
0.06439866
-0.07142296
-0.21955833
-0.06677845
0.10233845
0.12266876
0.10627968
0.04300341
0.01649351
-0.09807590
0.06532976
-0.07041269
0.04353652
-0.12588413
-0.01092755
0.11549632
-0.02842446
0.03744844
-0.00622787
-0.03871078
0.02344448
-0.04619311
0.05262133
-0.06442018
-0.07409638
-0.03961739
0.08971628
0.04484225
0.08390693
0.19980132
