0.18014821
0.11076694
-0.03273395
-0.05854836
0.07550288
-0.08676894
-0.10757791
-0.03568634
0.09602565
0.01600110
0.02460634
0.11298999
0.02357023
-0.11437760
0.08459496
0.04785230
-0.00887944
-0.04149269
-0.05470770
-0.00241166
-0.08041792
-0.05145357
-0.14934829
-0.05210168
-0.06964033
0.05802968
0.14616293
0.10402263
0.10516169
0.06793069
0.05490975
0.07534229
-0.07331809
0.08370177
-0.12040386
0.06216068
-0.08362243
-0.09749387
-0.04555874
-0.13086726
0.00160479
0.11157449
-0.02505158
0.04979714
0.01627795
0.12173699
-0.01590405
0.02943125
0.24790141
0.11514824
-0.09381192
0.11249196
-0.09284588
0.00099523
0.02906919
0.08739868
-0.03990809
0.05403206
0.17778403
-0.19142102
-0.10816785
0.12004125
-0.02952944
-0.00383526
0.09281653
0.22332405
-0.13078568
-0.09131531
-0.00778550
0.00005128
0.01073447
-0.03138953
0.12252314
-0.09137263
0.02049106
0.09942795
0.03769176
-0.06249749
0.01211070
-0.03188494
-0.06024298
0.13593500
-0.01985728
-0.05806486
-0.07594311
0.01217539
-0.15026908
-0.16536966
0.01937808
-0.12956754
-0.04016799
0.07789536
0.09263725
0.15516083
-0.10141850
0.08606292
0.03267760
0.12581737
0.02211667
0.08189295
