-0.01981302
0.03266673
-0.06955694
0.03474366
-0.07539380
-0.11695521
-0.10095264
0.06436654
-0.04542049
-0.04036705
-0.00391064
-0.10260410
-0.05667060
0.06896689
0.10448243
-0.00318483
0.02416423
-0.08145291
-0.05059776
-0.04274179
0.05507403
-0.02604733
0.12047172
-0.10743109
0.03178611
-0.06793783
0.00277857
0.01271977
-0.22565486
-0.02186911
-0.07287922
0.20693405
0.11003336
-0.01738661
-0.06097365
-0.02283944
0.02524851
0.10738973
-0.00949029
0.08825597
-0.03126902
0.12145974
-0.04682223
-0.11665954
0.11995974
0.09811943
-0.05475032
-0.06201300
0.14526291
-0.03200310
0.02055052
0.12185972
0.00346767
-0.10044310
-0.02871924
0.12174983
-0.07400866
0.12000254
-0.01662844
-0.10184233
-0.09387441
0.09563680
0.03494834
0.02847210
-0.15587900
0.12560057
-0.01379237
0.04375105
0.14117183
-0.12238926
0.04506651
-0.13978795
-0.20221039
0.13565589
0.00805138
0.04533665
-0.10570103
0.03722583
-0.08291780
0.05087735
-0.09082452
0.03942455
0.28627692
0.08750871
-0.04932415
-0.02471929
-0.15954488
0.01149819
0.11123035
0.12165042
-0.06683289
0.03865454
0.03221900
0.00589790
-0.07418624
-0.07614142
0.00045785
-0.04403363
-0.04498561
0.05594589
