-0.04260582
0.03523600
0.03200813
0.07304404
-0.06053004
-0.01450861
-0.05165520
0.03790252
0.03971915
-0.03137593
0.21796645
-0.15929980
-0.15134377
-0.15417043
0.01134922
-0.06945653
-0.11737016
0.02929118
-0.09535255
-0.07982674
0.00019103
0.01239202
-0.07141639
-0.13934335
-0.13452356
0.13529494
-0.06952113
0.00149513
-0.07755766
0.07894985
0.01868137
0.12435747
0.10891749
0.10284354
0.08206220
-0.15118259
-0.04157542
-0.04854733
0.09190359
-0.01545006
-0.08277529
0.07708411
-0.09998620
-0.03735334
-0.12718766
0.07540731
-0.03448662
-0.06323177
-0.03196979
-0.05506913
-0.01236950
-0.01494991
0.19025223
0.12629116
-0.01110312
-0.00740576
-0.03781218
-0.00130781
0.11532006
-0.07910691
0.00921244
-0.03689548
-0.04875412
0.10766916
0.11070176
0.07111813
-0.06440277
0.08734390
0.00850184
-0.00604346
-0.03937332
-0.13752195
-0.05147051
-0.05090410
0.15219077
-0.26593497
-0.12991905
0.06596800
-0.19427987
0.17283832
0.01404051
0.09551147
0.00329535
0.19268710
-0.04242693
-0.02679547
0.02694413
0.08511239
0.13579385
0.10730708
-0.09723712
0.05516288
-0.00440608
-0.01853306
0.09617568
0.00151578
0.04547986
0.08647263
0.03695898
-0.14150088
