0.04537113
0.04778903
-0.03439863
-0.03807113
-0.07869020
-0.02497121
0.15128403
-0.05905245
0.12046145
-0.07546857
-0.07166806
-0.00357777
0.12614597
-0.10354825
-0.21971504
-0.04283001
-0.01687655
-0.11629130
-0.04582222
-0.06392301
0.07077388
0.02215156
0.10201338
-0.07900392
0.00437325
-0.12125464
-0.02649181
-0.00790953
-0.05134686
0.07070907
0.07108872
0.03558072
0.07047947
0.04172246
0.00810560
0.05657488
0.02240126
0.11508722
0.10006558
-0.05250552
-0.06962555
-0.02217900
-0.04128081
-0.10365593
-0.09338833
0.17386540
0.11948976
0.04689311
-0.09438838
0.02712571
-0.08766799
-0.00668005
0.11405738
-0.08932607
0.03717155
0.05633104
0.02093014
-0.10014640
0.02275531
0.05400000
0.07158371
-0.06739918
-0.05445201
-0.03278970
0.12818009
-0.02082570
0.17882145
0.08415587
-0.04598622
-0.05134417
0.06121446
0.13710948
-0.13521860
0.07646677
-0.11386377
0.00643875
0.06924169
-0.07821311
-0.20754974
0.07542584
-0.18251377
0.07103874
-0.06236085
-0.01381094
-0.07611334
0.09586520
-0.13103191
-0.00797943
0.24611249
-0.04285772
-0.03605892
0.13892695
0.15032953
-0.10975204
0.00822271
0.04781074
-0.03326315
-0.05042582
-0.14460210
0.03139211
