-0.03481110
0.07622777
-0.05907087
-0.07960341
0.11245832
-0.04992831
0.01882770
0.02569366
0.02821229
-0.03861126
-0.04605868
-0.09314933
0.15820722
-0.00891681
-0.11376542
0.11073445
0.05736033
-0.09891453
-0.15624743
0.04028793
0.02756093
0.02075896
-0.20820005
0.05302209
0.04566918
0.11391883
0.02626833
-0.08299410
-0.08477725
-0.13695207
0.15370691
-0.04126628
-0.07735875
-0.15220100
0.12112023
0.08360036
-0.06421869
0.09208602
-0.05662610
-0.05398215
-0.03800239
-0.12596700
-0.08497994
-0.00062956
-0.03569357
-0.02511801
0.04132430
0.06862979
0.03938863
-0.08693176
0.08133915
0.05657403
0.02337676
0.21074239
0.24591027
0.13802892
-0.10897603
0.04883104
0.09081505
0.08507015
-0.00942017
0.24135915
-0.08230858
-0.02405769
-0.10311694
-0.06596467
-0.03547414
-0.03858467
0.09475469
-0.00575868
0.00842523
0.00013370
0.13982236
0.10938741
-0.10368488
0.05153733
0.07680262
-0.04636989
-0.10797194
-0.01002561
-0.02020451
-0.00589965
-0.00931959
-0.04029333
-0.16364408
-0.08318711
-0.04188688
-0.06650302
-0.14649984
-0.02318554
0.25141597
0.03874387
-0.08178032
-0.03591367
0.07563841
0.04835651
0.08055111
0.19430370
-0.11892021
0.01367227
