-0.11790213
-0.20274202
-0.05256548
0.01969173
0.08671652
0.00862452
-0.10327392
0.02817232
-0.10787700
-0.08842712
-0.06015600
-0.11312749
-0.02493392
-0.08281244
-0.02628853
-0.04255154
-0.03770800
-0.04633512
0.11348668
0.05615963
0.00543576
-0.13498687
-0.14960468
-0.18079442
0.23972733
0.08947689
0.02364711
-0.08964857
-0.10548722
0.05039320
0.14401735
-0.15581967
-0.04135306
-0.00775647
-0.18330145
0.07741053
-0.03815647
0.17595684
-0.03597008
0.03765250
-0.10512502
-0.05749930
-0.10754463
0.03612436
0.11979388
-0.05462628
0.04015480
-0.04641090
0.00939584
0.11007770
0.01106830
-0.09540922
-0.07886972
-0.01563165
-0.01763711
-0.07967139
0.01662452
0.11654460
-0.02311233
-0.01882432
-0.20258169
-0.07126987
-0.12820745
-0.03554090
0.04836389
0.14016961
0.16549554
-0.01075557
-0.02946411
0.07522697
0.04510392
0.07041759
0.07161641
-0.13621610
0.04972371
-0.00842332
-0.06995761
-0.06382391
0.11791837
-0.07451119
-0.11381070
0.01975522
0.18502907
0.00235149
0.02836938
-0.08633650
0.15405956
0.01150128
0.04877935
-0.08760830
0.07858811
0.03580877
-0.10637398
0.00365684
-0.04146360
0.01005288
-0.02305560
-0.01747455
-0.09504760
-0.02974898
