-0.08696448
0.18277585
0.00182501
0.04048108
0.13171153
0.10021962
-0.07958537
-0.08316326
-0.08312533
0.09765722
-0.01233021
-0.04040867
0.00749791
0.09411510
-0.01443752
0.02810294
-0.21038934
-0.06066003
-0.09691530
-0.05807693
-0.06923621
-0.03835465
-0.04464454
0.05976605
0.13048973
-0.13948082
0.15927227
0.11658446
0.00850882
0.14357573
0.02224228
-0.09270544
0.10248128
0.20285334
-0.07035199
-0.09099745
0.10343406
-0.00217636
-0.12392466
0.11233791
-0.01400006
-0.07225647
-0.05284461
-0.04522025
0.08517943
-0.10501521
0.04263604
0.09126587
-0.07812963
0.03038404
-0.15024253
0.06332190
-0.10196959
0.07327023
0.03939590
-0.03738187
-0.13446827
0.12099468
0.01387535
0.15240785
0.00077827
-0.16159303
0.15356795
-0.02647705
0.08399565
-0.06562639
0.05559437
0.07587125
0.09205410
0.04534610
-0.00370829
0.01312797
0.02747259
-0.06710035
0.05001422
-0.09672350
-0.17313221
0.01513500
0.01796691
0.02005721
0.16108951
0.11202590
0.16935361
0.02002217
0.08256319
-0.05371670
-0.02098799
-0.15881113
0.00634531
0.08423015
-0.09615120
-0.02021607
-0.06579368
-0.07345604
0.08199601
0.00611223
0.06720316
0.03605300
0.08503073
-0.20510091
