-0.09776908
-0.03347399
0.02141253
0.10170037
-0.08702806
0.10905618
0.23308627
-0.04171008
0.03947180
-0.05534685
-0.14457420
0.12382319
0.05844894
-0.04300259
0.00954764
-0.01935062
-0.12308335
-0.24270344
-0.00399695
-0.03894136
-0.04855573
-0.07123369
-0.15301800
-0.04393166
0.01359350
-0.08940843
0.03793325
-0.02297061
-0.00854283
-0.12033605
-0.06436612
0.03453511
-0.06651528
0.01361045
0.16654689
0.06696440
0.08735014
0.19874858
0.09897265
0.03349123
0.16430241
-0.07617544
-0.05743976
0.16994767
0.03825739
-0.00354533
0.03857939
-0.02224192
-0.02458624
-0.03256985
-0.04664827
-0.07946541
-0.00503944
-0.04839060
0.12140959
0.01983223
0.08600371
-0.01177425
-0.00686691
0.10594907
0.12365604
0.00277374
0.14251297
0.04005812
0.03103162
0.18457463
0.12931041
0.07639469
0.03387176
-0.04533377
-0.00970157
0.15341919
-0.17021839
-0.05363588
-0.01589794
0.01248531
-0.15020935
0.04454946
0.06144614
-0.07916286
-0.02183293
-0.10218500
0.13679314
0.03145114
-0.02112602
-0.07792684
0.00830757
0.14182264
0.02317787
0.02974828
-0.10107610
0.01398865
0.06535571
-0.11632201
0.09500530
0.20759920
-0.13118244
-0.17401945
-0.00611308
0.06392001
