0.09322697
0.05239865
-0.04275676
0.02392200
-0.13301299
0.08012396
-0.05615693
0.17178838
-0.04173664
-0.03473386
-0.04341894
0.19522507
0.04728888
-0.15030956
-0.12645039
0.10641693
0.02573252
0.06493670
-0.11471653
-0.06685500
0.03261965
-0.17125121
0.00087664
0.04366693
-0.09592451
-0.03277012
0.11292195
0.14177099
-0.10201958
0.03729627
0.01419402
-0.10719806
0.09110612
-0.05101677
0.06029269
-0.12115937
-0.00210123
0.06717657
0.04725862
-0.04853629
0.05261553
-0.07258946
-0.10898804
0.03068171
0.07190865
0.04103263
-0.09429035
0.05812220
0.01484394
0.00282431
-0.02814950
-0.02521462
0.09796819
-0.05251997
-0.07377676
0.01681376
0.04934490
-0.01763869
0.15552522
0.08879586
0.11491080
0.11202245
-0.02474056
-0.26997257
0.12258470
-0.04982260
0.19067944
0.02791492
-0.10903663
-0.12811258
-0.05391090
-0.01393922
0.04965142
-0.09048403
0.13732583
0.08861559
-0.03817920
-0.20345100
-0.00701874
0.02570637
0.07920458
-0.05117015
-0.07664460
0.06739458
0.08771762
-0.04438057
0.04519800
-0.01272779
0.00938026
0.00513427
-0.08852106
-0.09276019
0.01361536
0.03818336
-0.12082813
0.06022633
-0.08332447
0.11399846
-0.02224803
-0.05572591
