-0.14799001
-0.01853454
0.10531699
0.06108930
0.01511222
0.16443636
-0.05412840
0.02385732
-0.08029612
-0.07256734
-0.03171379
0.05964572
0.18918567
0.07358277
-0.09864654
-0.01889488
-0.05106437
-0.02698014
0.10869971
0.03475819
0.09132428
0.05557809
-0.07302504
0.08572861
-0.12437116
0.07366084
0.05522678
0.10134982
-0.13075863
-0.01875494
0.00164980
0.00924240
0.08071270
0.06453414
0.06005084
0.01644270
0.15436104
-0.02994157
0.00931574
-0.05311352
-0.00566676
0.06682684
-0.11303854
0.01758476
-0.06767698
0.07261044
-0.18101227
-0.18010434
0.14959790
-0.01376163
-0.18127806
-0.15529375
-0.00800551
0.02831035
0.03108805
0.09827025
0.03066401
-0.00676787
0.09649871
0.18962187
0.00245847
-0.02215236
0.09564386
-0.04671560
-0.13659207
-0.00980757
0.02258888
0.01342758
-0.10297599
-0.05497845
-0.06258106
0.08796079
-0.01204677
0.05981031
0.05512341
-0.01772936
-0.18243215
0.03342672
0.06483396
-0.06931440
-0.00155810
-0.04067740
0.15669343
-0.00281543
0.01878088
-0.09650362
-0.06772782
-0.12493981
0.06710294
0.05592208
-0.07628532
0.26595287
0.08465264
0.03737329
0.17648109
-0.22616953
-0.00838697
-0.00227304
0.01841417
-0.09562908
