-0.15846901
0.04028881
0.00560495
0.00629061
-0.08550715
0.06540014
0.04607865
-0.12215472
-0.00408039
0.11167218
-0.00854961
0.18713476
0.00664278
-0.02276877
-0.11840104
0.00191777
0.05518561
0.17430425
-0.07486033
-0.01942011
0.00715808
0.03098213
0.03973271
0.13671633
0.06567315
-0.05171812
0.22200649
-0.05087363
0.03922812
0.13785559
0.14411200
-0.09319942
-0.01587077
-0.07150013
-0.01287633
-0.01431994
-0.11757704
0.03501172
0.03881828
-0.01797811
-0.04119053
-0.03124427
-0.20475815
-0.10841114
-0.08413592
0.01400099
0.02060655
-0.03875809
0.05395364
0.02331083
0.07886223
-0.00365916
0.00872535
0.05736291
0.00283020
0.09883635
-0.05746019
0.04242736
-0.01386135
0.04014749
-0.07722538
0.07374352
-0.22237770
-0.06396572
0.19993326
0.15292881
0.00637046
-0.09321275
-0.05386402
-0.06317085
0.05181706
0.15197830
-0.01251858
-0.00489077
-0.01469063
0.11539766
-0.02582952
0.02915175
-0.09267111
0.06799732
-0.11498131
0.04222250
-0.08658348
0.28837798
0.02306301
-0.07499988
-0.01852631
0.11783120
0.00144982
-0.14429256
0.07437699
-0.01834765
-0.08696795
0.12962968
0.01818180
-0.09849368
0.15269499
0.10259318
-0.12144070
0.02107146
