0.04902394
-0.00001255
-0.05754067
-0.15236211
-0.09269818
-0.05706201
-0.02732844
0.02233003
0.02027445
0.07517742
0.03127077
-0.12868779
0.07135020
-0.09956171
-0.04434212
-0.06882398
0.05677104
-0.16339372
0.05283021
-0.07024107
-0.08169522
-0.12560568
-0.07987467
-0.11685675
-0.08714457
0.10394609
-0.02163273
-0.10171900
0.10428541
0.05151355
0.03080101
-0.05436529
0.05754018
-0.06364692
-0.07640892
-0.05989379
-0.04593420
0.04432138
0.07901547
-0.18752700
-0.04622884
-0.13648727
0.10690552
0.14389915
-0.06330481
0.07635911
0.04750632
0.03258965
0.08166008
0.06615478
0.01892220
-0.06981757
0.13671573
-0.09416137
-0.00975127
-0.03336878
0.09094345
0.10821410
0.11827206
0.12883035
-0.13068218
0.03311475
0.00080739
-0.05798488
0.01671105
-0.02899395
-0.11387758
-0.07407757
-0.08878146
-0.08272025
-0.01233359
0.01808234
-0.09039711
-0.14273205
-0.09707174
0.05559849
0.07913136
-0.13093540
0.03195459
-0.04189841
-0.08596457
0.02567898
-0.12804425
-0.12692247
-0.03553656
-0.21354537
-0.07503530
-0.12371985
-0.16440308
-0.08203515
0.00310325
-0.02963765
0.20119892
-0.01651140
-0.08239487
0.06433382
0.05610450
-0.08745986
-0.01153946
-0.10873531
