0.02928248
-0.08223675
-0.12783529
0.13041706
-0.07326104
-0.06374621
-0.11345556
0.00068561
-0.02611667
0.14881958
-0.03894302
-0.07056292
-0.18085679
-0.01371387
0.06181212
0.06290732
-0.00742706
-0.04077373
0.02598036
0.02406129
-0.09003311
-0.05853788
0.03097362
-0.06022572
-0.04075533
-0.03045696
0.01455684
0.05141376
0.01610558
0.13652390
0.10775992
0.13910800
-0.05798900
0.14967563
0.11984407
-0.09637057
-0.08908003
-0.00321465
-0.12082264
0.08797330
-0.06586912
-0.16298495
-0.02917034
0.00582452
-0.16848257
0.01191596
0.03847948
-0.10645477
-0.01150604
-0.00036226
0.02843744
0.15702198
0.06549606
-0.00572013
-0.10383434
-0.06458539
0.03692000
0.06657992
0.11832543
-0.03721412
0.01795614
0.09100771
0.10098609
0.07518435
0.09705152
-0.02603737
0.06431802
0.02379671
-0.07627775
-0.02746243
0.09175362
-0.14897289
-0.04819650
0.01578328
-0.08761562
-0.03537520
0.00052407
-0.07164965
0.07710746
0.03300352
-0.16311826
0.11534874
0.15084706
0.09890895
0.02965676
0.31503564
-0.04810891
0.06016928
0.04801640
0.09242994
0.07809047
0.05498691
-0.06937979
0.02866991
-0.05768693
0.09227011
-0.12034919
-0.04425046
-0.06422614
-0.03815519
