-0.12034633
0.01590104
-0.09466501
0.03727357
-0.01413375
0.04483555
0.06552043
-0.09918481
-0.01511987
-0.15282179
-0.07895577
0.00100451
-0.05205241
0.07676509
-0.11015365
-0.05999829
0.13796826
0.06978062
-0.17169540
-0.00668190
0.00875943
-0.10605877
0.17215247
-0.06212166
0.06929714
0.09194668
0.04715363
0.01618066
0.05095643
-0.09131365
-0.09200363
-0.02889625
-0.20575090
-0.03572491
0.21916300
0.03095666
0.02564755
-0.01840689
-0.00938316
-0.06510460
0.12362717
-0.03293627
0.02859969
-0.08099707
-0.07957803
-0.05471121
-0.05950000
-0.13421344
-0.00548627
-0.13126168
0.00736568
0.04459531
0.06270374
0.08105655
0.15737778
-0.07532463
-0.07608224
0.10347634
0.12801055
-0.04008216
-0.06110576
-0.04589148
-0.13082322
0.02261851
0.05907970
0.20829935
-0.03290630
-0.01458515
0.03334531
0.02541184
0.20379216
0.03047794
0.18204813
0.07910495
0.13321602
-0.08851877
0.13837792
-0.07954165
0.11921996
-0.10498796
0.24710126
0.06296822
0.02149032
-0.01482923
0.00606903
0.01198368
0.01148832
0.03011314
-0.09542620
-0.03742180
0.04093261
0.00433583
-0.03537902
0.06368337
0.08144982
-0.02973142
-0.08937302
0.09559997
-0.02300556
-0.05387894
