0.07733220
-0.01450022
-0.14846358
-0.04167444
-0.11607665
0.17350727
0.23023512
0.05716554
-0.11438001
0.03684119
-0.09599807
0.07964627
0.05046965
-0.08077600
-0.09624898
-0.06486715
0.00913821
0.10627018
0.17788246
-0.03092765
-0.07946475
-0.04948559
0.03262193
-0.00760583
-0.19511147
0.01058693
0.01125069
0.11329888
-0.00609337
0.24466233
0.05017072
0.00710510
0.00769777
0.03004404
0.06541114
-0.07384420
-0.00961606
0.00665573
0.23279925
-0.14110778
0.01328436
0.01604933
-0.12425270
0.00362125
-0.11198844
-0.04277235
0.07985040
-0.04408896
0.01050726
0.11380811
-0.00545681
0.05312754
0.03786631
-0.00568222
0.04608385
0.03745586
-0.02855529
-0.00974958
-0.11770162
0.03736727
-0.21196765
0.03497479
-0.06701551
0.00102931
-0.00820338
0.09397104
0.01411495
0.03965852
-0.00969921
-0.04050348
0.01617362
0.14741208
0.14774311
0.01468878
0.00569975
0.01702966
-0.15263172
-0.10709912
0.01879696
0.00923580
0.05410088
-0.11057241
-0.14989437
0.04329099
-0.04563227
-0.01819339
-0.12881972
-0.02213803
-0.07669497
0.16684982
0.05453154
-0.00637639
-0.12624207
0.06526070
0.08223994
0.16512088
0.13605954
-0.14324305
-0.06557252
0.09426827
