-0.06211145
0.00098174
-0.22085401
-0.09111526
0.05068969
0.04328514
-0.12051168
0.04637186
0.01818077
0.09462123
0.01810569
-0.08535107
-0.08119890
-0.11204549
0.02160388
0.07657372
-0.03851869
-0.02930154
-0.04968106
-0.19924890
-0.11437605
-0.03770271
0.02959669
-0.07642987
-0.10994784
-0.10016386
0.07214008
0.02511405
0.01299852
0.07066470
0.07764062
-0.05665102
-0.15600603
-0.13200642
0.08156892
0.04263172
-0.12618985
-0.03754794
-0.00579972
0.01068681
-0.00553741
-0.07524848
0.09992364
-0.04526347
-0.08597129
-0.17759070
-0.11550959
0.24960348
-0.05407943
0.13433337
-0.04715048
0.09254022
-0.05381681
-0.06438186
0.03210597
0.01444769
0.06287467
-0.04569089
0.05056111
-0.06336621
0.07466969
0.06006682
0.02687573
-0.09572498
-0.14941005
-0.05435060
0.01124491
-0.13915568
0.04647619
0.14601825
-0.04259238
-0.01314305
-0.09317906
-0.00529936
-0.07985504
0.09361016
0.06973127
0.02110089
-0.02555162
0.14765130
-0.19540429
0.03189438
0.06081032
0.00411990
0.11975245
-0.07089569
0.00550187
0.12359472
-0.08109046
0.11410031
-0.15999425
-0.02072168
0.12932233
0.04985967
-0.00047093
0.02334078
-0.08207813
-0.13552045
-0.18895645
0.05479462
