-0.08965941
0.00511310
0.12780984
0.11228552
0.03278676
0.08968617
-0.09734039
0.06959774
0.07716275
-0.08691936
0.01174031
0.24140646
0.08122913
0.10513851
0.05126936
-0.09778605
-0.16037488
-0.00677264
-0.08578843
-0.12200026
-0.01170811
0.03648690
0.19027969
-0.03881451
0.00764221
0.22027366
-0.08759557
0.02137626
-0.02251598
0.11126992
0.00943390
0.10738095
0.03477739
0.06401089
-0.14123938
-0.06194753
-0.11175392
-0.12766128
0.07697685
0.08816201
-0.01157382
-0.08364520
0.08820651
0.15410410
0.05940767
-0.06943600
-0.03794736
0.05939055
0.00525555
0.08668913
-0.08292896
0.12973902
-0.02431335
-0.06007382
-0.09923250
0.07227546
-0.02839224
-0.02315697
-0.03186499
-0.08781204
-0.05982873
-0.01006624
0.18322169
-0.03180887
0.06745414
-0.07956027
0.07373997
0.07567277
0.06043036
0.03138418
-0.15414987
-0.01195872
0.05079123
-0.15280606
-0.03537984
0.10114049
0.00285153
0.11454900
-0.02857400
0.10461396
0.01349625
0.05728313
-0.12176356
-0.12495567
0.04124437
-0.03029530
-0.15414818
-0.03826432
-0.03002849
-0.07219076
-0.10530212
0.01872951
0.02834629
-0.06777542
0.11179867
-0.04116477
-0.16728257
0.00193432
0.06871528
-0.16025812
