0.03496824
-0.04784407
0.08671242
0.00613482
0.14669548
-0.03672351
-0.02854266
0.04272287
0.09470294
-0.10858724
-0.23822573
-0.01711723
0.02237571
0.13692679
-0.02343536
0.00825363
0.06027217
-0.05559788
-0.09115316
-0.02066872
-0.15971134
0.04544597
-0.09316291
-0.13984136
0.00526248
0.04300559
-0.02108319
0.04772540
0.06779690
0.06129639
-0.01869100
0.02385339
-0.04964630
0.13571383
-0.06472190
-0.10360926
-0.05629016
-0.06241062
-0.11493514
-0.11479087
0.15545870
0.00603493
-0.08304196
0.09592759
-0.08615947
0.13792020
-0.02621598
-0.06909809
0.11868834
-0.05013484
0.00080405
0.06536806
0.02610377
-0.05744732
-0.18934508
-0.07030726
0.06135306
0.09676442
0.02208123
0.08334281
0.02901937
0.13055020
0.13476440
-0.05243707
0.00181238
0.05405167
0.11536444
0.01327317
-0.04628084
-0.00268822
-0.11982776
-0.04784219
-0.07726774
0.01638834
-0.02194622
0.10298939
0.01765826
-0.10189903
0.03948732
-0.08946456
0.01863670
0.21981643
-0.03934183
0.01812872
0.10300275
-0.09125164
0.11275731
-0.03603238
0.07485508
-0.04798567
0.15558208
0.10726236
-0.06167932
0.16443672
-0.02512019
0.07250999
0.01599027
-0.00043801
0.18257618
-0.13831392
