0.02922046
-0.09620663
0.02936016
-0.17468382
-0.01458941
0.08485261
0.01347259
0.12974082
-0.02394441
0.01805251
-0.04189222
-0.02515900
0.06431708
0.03606570
-0.14241301
-0.00846976
0.04752839
-0.04599403
-0.09466057
0.02025665
0.06555365
0.09256597
0.23108121
0.10352184
0.04488171
0.05310560
0.07633226
0.05672503
-0.02548352
-0.16255138
0.00174200
-0.13826126
-0.01700531
-0.04746885
-0.01606756
0.14880928
0.11142415
0.18371566
-0.03867725
-0.16742154
0.12086151
0.04455280
0.01691674
-0.11886862
0.00728351
-0.08173775
-0.01783731
-0.06982535
-0.04951116
0.15257385
0.18501524
-0.04999330
-0.04910330
0.06507197
0.07476872
-0.14727082
-0.07268733
-0.10658227
0.04315360
0.11983053
-0.03502867
0.05665339
-0.06912353
-0.04182639
0.11914325
0.01858936
0.05187691
0.08206371
-0.09916116
0.07854527
-0.07050571
0.09147902
0.08322606
0.12563355
0.04084623
0.07155985
-0.04039605
-0.13759251
-0.04753871
0.06425983
-0.04265774
0.01149009
0.10009176
0.14661345
-0.00718778
-0.07754246
-0.06609576
0.17560407
-0.17225828
0.01939490
-0.03013964
-0.00836056
-0.16569775
-0.13666342
0.14760021
-0.16355814
0.14130405
-0.02918417
-0.02263866
-0.03428164
