-0.03339634
-0.08421977
0.06090979
0.09418513
-0.06353631
0.07557570
-0.09900895
0.05364564
-0.08270851
-0.08321101
0.10053704
-0.03937884
-0.11313877
0.00458441
-0.09619083
-0.17792748
-0.03119854
-0.16797528
-0.01532773
-0.23113943
-0.07417752
-0.03403965
-0.03270246
0.00790944
-0.11636326
0.01359245
0.01674778
-0.06843537
0.34551825
0.11446005
0.08927462
0.00134218
-0.17983367
-0.08284788
-0.05799656
0.02437544
-0.07795667
0.02127854
0.07786962
-0.03099200
-0.12282428
0.01452174
0.03621954
-0.13706169
0.11600914
-0.00394653
-0.06725194
-0.04432233
0.08875683
0.00004863
-0.01229238
-0.06433453
0.02923447
-0.09973201
0.01965964
0.32894880
-0.00699755
-0.06007412
0.07764388
-0.07013670
-0.05996843
-0.02380808
-0.01250208
0.02117828
0.04811977
0.00984867
-0.08740699
-0.03227129
-0.02757098
-0.02904752
0.13336623
0.22986413
-0.05864364
0.00702756
0.04175454
0.12918088
0.01817784
-0.01423443
0.04285088
-0.12859524
0.02369475
-0.04031032
-0.16379818
-0.05932626
-0.02847555
-0.00974921
-0.06014616
0.06517597
0.01549125
-0.12237057
-0.13091528
0.08063439
0.06140919
-0.07701522
-0.09632363
-0.02465043
-0.01216613
0.00617347
0.14482304
0.13797886
