0.07043638
0.14220018
0.03601720
0.03831782
-0.03367076
-0.05789108
0.06801833
0.01975716
-0.00381902
0.05289000
-0.07932295
-0.10627416
0.06979560
0.03005998
-0.18551777
-0.07865188
-0.21107654
0.07223426
0.04920731
0.01613548
0.05110300
-0.07040562
-0.05014076
0.00519237
0.11299557
0.05792876
-0.00577636
0.11832666
-0.00488147
-0.06246567
0.09571803
0.03325163
-0.11599744
-0.11529140
-0.07717731
0.09534897
0.06353227
0.00585970
-0.01885450
0.02033871
0.14244613
0.07943485
-0.05658093
-0.01942177
0.05644223
-0.03992382
0.11869913
0.03710084
0.15132694
-0.02517233
-0.04256455
0.21084222
-0.16612361
-0.07914378
0.08814704
0.13699473
-0.12362153
0.08622853
0.08490290
0.14026582
0.08152497
0.03767373
-0.08518059
0.13750755
0.07790653
-0.09773803
0.06790370
-0.07795659
-0.13957645
-0.04605238
0.00529913
0.12482312
-0.02322895
0.01287429
0.03678566
-0.12320778
-0.03115427
-0.03510176
-0.07615463
-0.12584008
-0.11678571
-0.03562751
-0.06872004
0.15399763
-0.07548460
0.00275116
-0.03939588
0.16741670
0.15230649
-0.05913337
0.07607072
-0.06798207
0.09666967
0.22819226
-0.03726447
-0.08249420
-0.12743309
0.12039082
0.06009001
0.08898725
