-0.09166882
0.08547576
0.04426508
-0.03003841
0.13626954
0.09962716
-0.01188642
0.08825528
-0.01887173
-0.04094926
-0.07303228
0.11487469
0.13282288
0.09220653
-0.01182482
0.11598136
-0.00903937
0.01815007
-0.00281648
-0.03751592
0.02396026
0.02227304
-0.08733672
0.01312259
0.22699620
0.04265769
0.12603952
0.02483332
-0.03306420
-0.01775710
-0.12217718
-0.06677328
0.07176449
0.04906704
-0.01514756
0.23822494
0.15121406
-0.00237747
-0.01192863
0.05759080
-0.04570602
0.09339281
0.02063540
0.04263912
-0.10253537
0.01330907
0.02831770
-0.11727093
-0.10411713
-0.09594448
0.06296290
0.06155861
-0.15347810
0.01055183
-0.13950997
0.00182039
0.03424990
-0.16923788
0.11426942
-0.00585963
-0.10361404
0.20932770
0.16477144
0.03298820
-0.01687196
0.08553886
0.07609831
-0.20834723
-0.07865347
-0.12404415
-0.04467605
0.09515656
-0.12910717
-0.03815011
0.05787623
-0.25846327
0.12781565
-0.18036606
-0.00996617
-0.02040993
0.01177043
0.05878643
-0.13352012
0.10552625
-0.00300208
0.01516392
-0.10219131
-0.00424518
0.02979979
0.00924380
0.04076289
-0.10533354
-0.19378130
-0.00803645
-0.09594539
-0.00952478
0.03111599
-0.12429769
-0.15391221
-0.08294576
