0.02148383
0.19990601
0.11235517
0.04875896
0.07808916
0.12001424
0.01715910
-0.00951564
-0.02410055
0.01443047
-0.02075061
-0.06826246
-0.08305125
0.05430395
-0.05048431
-0.08408043
-0.12250869
-0.12270773
0.06133834
-0.03252290
0.05530307
0.10857848
-0.02383731
0.06480845
0.25871050
-0.02996011
0.03998731
-0.02728953
0.09978279
-0.03575404
-0.03726647
0.05922740
-0.00194329
-0.06116221
-0.19357310
-0.12577235
-0.04829974
0.07042416
0.06243876
0.04879375
0.09182088
-0.01781083
0.03408775
-0.00552576
0.04013213
-0.01657165
0.09226314
-0.13951366
0.21100305
-0.02414332
-0.11007041
-0.10229144
-0.00368673
0.11629660
-0.08427043
0.03743354
-0.07377056
0.08528586
-0.04928364
-0.07124618
0.19442978
0.02496708
0.11686892
0.08553766
0.01878442
0.12090639
-0.01019154
0.04878200
-0.13880700
-0.10916432
0.06836165
-0.03163375
-0.03664274
0.03432631
-0.23486688
-0.03218775
-0.09647063
0.04219564
0.00272900
-0.13686174
-0.00887525
-0.02017040
0.04684185
-0.05589704
-0.12055706
-0.00675159
0.04478350
0.03224073
0.05901445
-0.08368459
-0.07610643
-0.05977697
0.05514262
0.02533910
0.03135449
0.09089894
0.06053857
-0.01555880
0.01443706
0.19904617
