0.02195915
0.04208237
-0.05899841
0.02628599
0.05749072
0.00882854
0.16544583
-0.05820377
-0.07049402
-0.16736230
0.08708055
0.08292968
-0.00764113
0.08593222
0.01756980
0.02781181
0.01080228
0.04207799
0.00972322
0.26658687
-0.11158241
-0.17734924
-0.10909725
-0.10456977
-0.04147135
-0.01611283
-0.02090103
0.05177442
0.03723028
0.07184919
0.17007630
0.11697639
-0.12273343
-0.22274633
0.08626271
-0.17556452
0.00638478
0.00339334
0.21301125
-0.00661980
-0.04852149
0.02255336
0.02350932
0.00669928
-0.05820598
-0.11693152
0.03027079
-0.12843497
-0.09872038
0.12732041
-0.04006482
-0.01342068
0.08606099
-0.02870328
0.09845080
-0.03300287
0.09686660
0.06019094
-0.02037323
-0.08279719
-0.09976517
-0.02582997
-0.04190480
-0.03908651
0.09406843
-0.02847241
0.10938396
-0.05084532
0.09301832
-0.04994918
0.01688829
0.09284350
-0.03959322
-0.04191716
0.19160868
0.09095511
-0.04131780
0.06206612
-0.03443849
0.06751239
0.13541492
-0.15345940
0.09840177
0.13944324
0.00454026
0.16701583
0.01486160
-0.11832085
-0.20979061
-0.03188778
0.06824485
0.03035757
0.03955861
-0.05519373
0.01377265
-0.15672559
-0.07269668
-0.07831117
0.04970801
-0.00135430
