0.06252693
0.04597107
-0.08356993
-0.10152276
-0.18857872
-0.07084640
-0.04883546
0.07744840
-0.01355757
0.17723512
-0.05689779
-0.09436401
-0.02185223
0.01542715
0.01385940
0.01412002
0.03641205
0.04898861
-0.02808146
-0.09099895
0.00798771
0.09660123
0.18344469
-0.01218537
-0.11530198
-0.13674402
-0.05976993
-0.10951399
-0.02845276
-0.11574594
0.03565132
0.13819699
0.10225887
0.01255575
0.03236806
-0.01966518
-0.09419719
-0.10680428
-0.05736108
0.01977240
-0.14709543
-0.03294558
0.01638000
0.03471478
0.05200764
0.18175039
-0.04940096
0.04705654
-0.13645050
0.07947054
-0.04348121
0.06529568
0.23302155
-0.07021150
-0.02865583
0.14919693
0.12089546
0.03723668
-0.03539633
-0.06663609
-0.08611606
-0.06960243
0.02374920
0.02422821
0.14095450
0.00411811
0.04490290
-0.05862982
0.01369214
-0.10530804
0.06105196
-0.12488392
0.01061791
0.08736647
0.03326933
0.05015943
-0.04102875
-0.22799267
-0.04081647
0.03349869
-0.13026375
-0.06940155
0.13973183
-0.00928638
0.00604913
-0.12737763
-0.00398287
0.08039292
-0.14961077
-0.03355250
-0.02657587
0.03243112
0.11403941
0.14512962
0.04420923
0.13100431
-0.05203079
-0.02164970
-0.09559815
0.18935357
