0.08539537
0.07303443
-0.03699195
-0.07103019
-0.02548975
-0.01730055
0.01118500
-0.02213280
0.03678316
-0.08979155
-0.01010785
-0.02940602
-0.01428436
-0.05491534
-0.04374069
0.01420680
0.02718667
0.05615484
-0.01474393
0.05414029
0.03421589
-0.03518475
-0.03944193
0.05770633
-0.19015565
0.09708903
0.05420938
-0.09849055
0.16861015
-0.00574846
0.09221707
0.24140326
-0.05870375
0.01248772
-0.24863530
-0.08784984
-0.04710921
0.07958641
-0.04386258
0.01437264
-0.02021315
0.05882339
0.22155053
-0.00848981
-0.07500903
-0.04458345
-0.04420471
-0.05138398
0.17584312
0.00155997
0.00866062
-0.07072279
-0.04537334
0.06274451
0.00712693
0.06748981
0.00722800
-0.04643586
0.12688100
0.01148937
0.22102465
0.09126430
-0.12038178
-0.09359408
-0.07958663
-0.03168792
0.00042633
0.06059619
0.12286521
0.01637216
0.00651135
-0.06732996
0.01179993
0.02303509
0.03477348
0.11737027
-0.09488033
0.04578168
-0.11533834
0.10405743
0.21842462
0.08010267
-0.10587519
0.01218459
-0.03337203
-0.11160356
-0.07655002
-0.16218436
-0.05351715
0.09072770
0.03130093
-0.20483475
0.09594541
0.07418960
-0.10071826
-0.05903762
0.02989253
-0.11170707
-0.08905414
-0.08578805
