0.02010564
-0.04134081
-0.02557143
-0.14725138
-0.08364427
-0.01772109
0.00658076
-0.01756429
-0.05887063
0.12197324
-0.01785349
-0.07123429
-0.06965061
-0.00694064
0.08529092
-0.03897911
0.08001754
0.02079698
-0.05171838
-0.07502833
0.01628177
-0.00948635
-0.08308626
-0.07292778
0.04949681
0.04789343
-0.02858935
0.07584594
-0.03212769
-0.01060418
0.11336771
-0.04956959
-0.18756164
-0.11833076
0.02670253
-0.01981166
0.25259772
-0.12991673
-0.02238936
0.00369538
-0.12612987
0.09907908
0.06829956
0.14164845
0.06312070
-0.32593730
-0.08878416
0.02862516
-0.07483064
0.02601595
-0.00608123
-0.05026512
0.00624817
0.04709559
0.10494647
-0.08207218
-0.05249384
-0.06616150
0.07784446
0.14438125
0.09692466
0.12311710
0.02288572
-0.07360379
0.06240695
0.15849716
0.04646080
0.08530995
-0.14170695
0.05242806
-0.01413142
0.05080053
0.11722025
-0.05870379
0.13825833
-0.08661199
0.00374872
0.02818128
0.09794393
-0.02966773
-0.08592164
0.13005789
0.03329387
-0.17569280
0.02937175
-0.15612913
0.07261318
0.12735434
-0.01678065
-0.08339866
0.11264317
-0.04688714
-0.07514307
-0.11584186
-0.13474326
0.02531900
-0.03045729
0.07238994
-0.00520501
-0.01925110
