-0.09438437
-0.11502062
-0.07832503
0.06521760
-0.11336770
0.10507766
0.02253555
-0.07677205
0.10208882
-0.05322516
-0.03518405
0.02944881
-0.00782317
0.15494652
-0.05039539
0.13350741
0.04133264
0.04959035
-0.03222403
0.10947285
0.01902971
0.01224315
-0.04834172
0.08688817
-0.12593240
-0.07320905
0.06129220
0.05412841
-0.02006131
-0.06432765
-0.14285655
0.33684782
-0.07104467
-0.01954964
-0.06937836
0.01829562
-0.01343375
-0.16149581
-0.14422827
-0.05392596
0.14140514
-0.04196210
0.05275924
0.06287956
0.11104844
0.07637171
0.05734948
0.05237330
0.02090317
0.21628858
0.05409797
-0.02302800
-0.03314736
0.12448646
0.07408731
-0.05041381
-0.01849337
-0.08496683
-0.03821017
0.01520628
-0.05895638
-0.05346977
-0.09777692
0.03446501
-0.01862390
-0.13454884
0.04348677
0.07900830
-0.12658864
-0.09025998
-0.06617014
-0.27289072
0.01520373
0.06399243
0.11722746
0.16657658
-0.07456225
-0.12738676
-0.06262312
0.11969421
0.03890025
-0.06097125
-0.14465692
0.07851245
-0.02412742
-0.10402692
0.03503531
-0.04038511
0.04229478
-0.07861653
0.10309785
-0.07552931
0.01070845
-0.05219476
0.07766492
-0.04044362
0.12344397
-0.09704077
0.12531876
0.02458146
