0.00546311
-0.09321763
-0.02869055
0.08388679
0.04814982
0.04289504
-0.01496231
0.04807543
-0.06797214
-0.01209741
-0.21891071
0.03054111
-0.19268243
-0.07236730
0.12579700
0.16054729
0.15014557
-0.10478181
-0.07333718
-0.01325762
0.00404108
-0.00936453
0.07458708
0.00109325
0.09957848
0.03604115
0.02605081
-0.04530736
0.04378897
0.08594747
0.13068220
0.05487949
-0.14967542
0.17774170
-0.05337972
0.06772385
-0.27285986
0.23663329
-0.11203477
-0.06760210
-0.03243549
0.02940066
-0.10173014
0.09512548
-0.19462667
-0.00267378
0.01015646
-0.02964556
-0.17478513
0.03136598
-0.09178699
0.06304676
-0.02280087
0.07818130
0.06881738
0.02494658
0.02338275
-0.02350193
0.06706504
-0.08635520
-0.01377103
-0.01120975
-0.04107383
-0.03954691
-0.05341956
0.05177781
0.13991243
0.10653386
-0.12613142
0.01263827
0.03786511
-0.08267028
-0.01527772
0.06503892
-0.09299468
-0.00303048
0.08817030
-0.00948508
0.10179047
0.04459531
-0.06466746
0.14179272
0.01822165
-0.13288487
-0.07539311
-0.09763946
-0.22254124
-0.01069876
0.02151329
0.04739982
0.04495371
0.04335147
-0.07378934
-0.10624753
0.03156443
-0.06281500
0.01193373
-0.05563398
-0.02282412
0.10231051
