0.06071836
0.00549464
0.01091250
0.03122297
0.03954937
0.07313353
0.03200247
-0.18815806
-0.05122590
-0.06052216
0.00602323
0.11743135
0.01194971
0.04554377
-0.14925630
0.06884569
-0.09636606
0.05864659
0.08330610
-0.00592183
0.18006928
0.00597434
-0.06531917
-0.04911997
-0.13185378
-0.03792824
0.09647603
-0.09262312
0.04326020
-0.12556588
-0.03736161
-0.04235090
0.02875454
0.01006675
0.00365806
-0.17721312
0.12907610
-0.11822222
0.05369168
0.15638079
-0.07930670
0.05743538
0.07580278
0.09006705
0.05062612
0.07399508
0.11383003
-0.02322068
-0.15701344
-0.04222539
0.00666958
0.11692740
0.00891466
0.15709887
-0.13254585
0.04923463
0.10025937
0.16552627
-0.12723742
-0.05331335
-0.08895908
0.12370449
-0.04682402
0.10603967
-0.10071052
0.04564808
-0.09730330
0.03124081
-0.05158506
-0.18011637
-0.01558931
-0.05812088
0.01512672
-0.06394541
0.03953640
-0.04600202
-0.11834691
0.11488529
-0.24976811
0.00777210
-0.15712412
-0.07128710
0.04405686
0.03634104
0.03413154
0.00621225
0.13107265
0.02566834
0.00212500
-0.02158916
0.01152521
-0.00294603
0.01130643
0.11606957
0.07016114
-0.29920882
0.03128965
-0.10623597
0.02467788
0.03690125
