0.03480150
0.01363682
-0.05386101
0.01365411
0.12679311
0.03156677
-0.02631632
0.00958295
-0.15184806
-0.13628295
-0.09786224
-0.10473758
0.20205239
0.05225805
0.09045243
-0.02647976
-0.06698602
0.07295608
0.03747661
-0.03882482
-0.16408969
0.19115538
0.18492748
-0.09797053
0.11421610
-0.02697680
-0.05668946
-0.09503917
-0.04186562
0.01522220
-0.13133112
0.01050166
-0.14062443
-0.01570682
-0.08760855
0.11488170
-0.06430455
-0.02062078
0.03912960
-0.01900954
-0.05284087
-0.16163323
-0.03607017
0.10443665
0.03833510
-0.10611916
0.08747774
-0.01265484
0.06771490
0.01388964
-0.21234846
-0.09760460
0.14616435
-0.01740178
-0.05599573
0.02493968
0.05257004
-0.06654092
0.02800729
-0.11601047
-0.06254773
-0.05726047
0.01726068
0.17542722
0.05459567
-0.08341831
-0.15363368
-0.07173402
0.13674204
0.04773742
-0.09953021
0.12198459
-0.07740604
-0.00334745
-0.06423399
-0.00118206
-0.06274801
-0.06794728
-0.06796797
0.18620454
-0.18360169
0.09364575
-0.04240306
0.05044736
0.09468065
-0.13425720
0.06778494
-0.02331517
-0.09433147
-0.00292027
-0.00842593
0.02818899
0.03694619
-0.02795507
0.06849971
0.02817172
0.11662135
0.13032465
-0.04490162
-0.02531724
