-0.03303190
-0.07887244
0.02472698
-0.03865384
0.12282175
-0.03240244
-0.07015609
-0.01926256
0.09543146
-0.05000885
-0.00842298
-0.13035646
0.01076975
-0.03379058
-0.03959706
0.01274950
0.00238679
-0.00022359
0.26524613
0.09232091
0.14903327
0.14698653
-0.02535743
-0.04295354
-0.14722065
-0.08601769
-0.02520708
-0.00813118
0.02868927
0.01356387
-0.10525572
-0.02913611
0.15331640
-0.02670360
-0.08144807
-0.02254079
0.02970491
-0.03432419
-0.03785036
-0.03046174
0.10537679
0.07450709
-0.06656854
-0.06619808
-0.15444476
0.10003669
-0.00953995
-0.02149246
0.01589420
-0.11538929
-0.08178794
0.01629390
-0.02852583
-0.18254117
-0.06852283
0.02348466
0.09504456
0.00785189
0.01287518
-0.04261263
0.01863253
0.04813076
-0.08014223
0.09346421
-0.14750159
-0.00406789
-0.02053853
0.14623083
-0.02779200
0.28689565
-0.02427111
-0.06364225
0.20690921
-0.00164257
-0.02275999
0.01294243
-0.08902530
-0.12970297
-0.05725935
0.00622232
0.10151880
0.10773260
0.04285309
0.10658296
0.23327697
0.05796404
0.08574168
-0.02675870
0.10667504
-0.10023145
-0.02941046
-0.07637837
-0.04966973
0.17722975
-0.01820557
-0.03790294
0.09205598
-0.02805254
0.02857949
0.04920996
