0.04735079
-0.10265096
0.11312573
-0.06454988
-0.12897278
0.01174542
-0.02175055
0.00438737
-0.04559829
0.10648888
0.00744434
0.05902357
-0.14294665
0.11372241
-0.05306477
0.11931489
-0.10551323
0.01050721
-0.24035987
-0.06121367
0.07599179
0.02551848
0.11266758
0.04667566
-0.12095650
0.04188235
-0.00410125
0.17531244
0.05157904
0.09594673
0.04754402
-0.04313934
0.06981479
0.07712750
0.09086324
-0.02261638
-0.13847388
0.06200086
-0.05068484
0.11909121
-0.04833348
0.13606422
0.17425563
-0.09745554
0.05507205
0.09631108
0.03311341
-0.08999315
-0.13010722
0.11933011
0.03613953
-0.15373145
-0.10948897
0.09963624
-0.06041836
0.09446258
0.09527786
-0.07650199
0.11032024
0.07743371
-0.14995737
0.03157392
0.07930717
0.09180583
-0.04278643
0.09134354
-0.12726145
-0.09799313
0.01309673
-0.01542204
-0.04297838
0.09164182
0.07792635
-0.05968983
-0.05796700
0.12690583
0.05055070
-0.04647847
-0.12640940
0.02285714
-0.05106629
-0.10720177
-0.01015668
-0.00021048
0.01020861
-0.06206747
0.01033137
0.00501770
-0.00868245
0.00865704
-0.03513038
0.13020726
0.05320104
-0.07794594
0.14920151
-0.17997387
-0.04622840
0.07841678
0.17091659
-0.05820119
