0.00397506
-0.06442873
-0.06164556
0.05960315
0.07648902
0.23822527
0.02956642
0.00570194
-0.05613317
-0.01908595
-0.00494045
-0.17166242
-0.02516190
0.07328284
-0.05580372
0.04832128
0.09693330
0.10531217
0.07595195
-0.22094497
-0.05517920
0.08813897
0.03858749
0.00047462
0.04271761
0.11048740
0.01503419
-0.07417111
-0.01761458
-0.02031562
0.08767494
0.04031139
0.05353109
0.01445386
-0.03541892
0.00597779
0.02118734
-0.13669467
0.01748819
0.09069007
-0.01077212
0.15373361
0.05479926
-0.04109716
-0.01505127
-0.02690621
0.02357439
0.07378582
-0.02854008
0.04482228
0.17161487
0.09107199
0.08068624
-0.07966383
-0.05222923
0.02371432
-0.00984037
-0.15888126
-0.14806541
0.10033071
-0.07412225
0.20320012
-0.21724401
0.04387570
0.00006122
-0.07393765
0.03953091
-0.07761513
0.08406115
0.00653781
-0.16028318
-0.23706821
-0.02775010
0.11202568
0.01771295
0.00530405
0.06724179
-0.13623367
0.13935825
-0.08739198
0.00369226
-0.03554623
0.01462216
-0.19011587
0.14899146
0.05336395
0.19651095
0.13850813
0.00112247
-0.09181101
-0.17001337
0.00165925
0.02142722
0.10225006
-0.09297774
0.07770748
0.00698370
-0.07564350
0.07568993
0.02597311
