0.08227233
-0.07787607
0.15989488
-0.12016059
0.01794066
0.13207729
-0.12565406
-0.02790446
-0.03232556
0.01335306
0.04869754
-0.02376522
0.03661649
0.18160202
0.12978869
0.14449133
0.04568081
-0.05760472
0.03098166
0.05669897
0.08631955
0.06327787
-0.05019865
-0.10782648
-0.11363199
-0.04573704
0.04230742
0.12921651
-0.00789894
0.07709704
-0.10228737
0.11176475
0.00642588
0.10377989
0.05319243
-0.05392866
-0.08129417
-0.19270350
-0.00958554
-0.01245665
-0.03299491
0.07636402
-0.00101656
0.05752632
0.06353308
0.02262603
-0.07395267
0.04792479
-0.03555539
-0.12106407
0.08132091
0.20423442
-0.06670022
0.00134714
0.10289301
-0.17797178
-0.16064082
-0.02059029
0.08747395
0.28284654
0.26821345
0.08487699
0.05352582
-0.04777994
-0.14881966
-0.00815666
0.01488446
0.00816936
0.13835532
0.00929935
0.13373766
0.06429710
0.06743282
-0.11731902
0.06630450
0.05485197
-0.05835878
0.03195437
0.03789761
0.04604166
0.06034607
0.09767367
0.00673304
0.04532559
0.00089518
0.08232254
-0.04986492
0.08792155
-0.10147588
0.07384136
-0.01156260
0.02576244
-0.02859557
-0.01058891
0.02642365
0.07247417
0.07393678
0.02938735
0.10473241
0.03123381
