0.08272300
0.09344827
0.02935229
-0.02137670
-0.05064578
-0.13954875
0.00265057
0.05415465
0.08564901
-0.01119670
-0.04304023
0.15344468
0.15266096
0.21334007
-0.08359335
-0.11450680
0.01450210
0.03469791
0.06109506
-0.04386575
-0.01773125
-0.02749795
-0.17579490
-0.07332608
0.00600462
-0.03707020
0.07508072
0.05293534
0.02666882
0.05532736
0.18326469
-0.02245859
0.23756742
0.16570077
0.11280057
-0.17560255
-0.05038525
-0.11748330
0.01802646
-0.09439959
-0.03924127
0.13181384
-0.10954932
-0.16470716
-0.06667938
-0.02286030
0.06099986
0.01054348
-0.03142600
0.02092476
-0.10151850
0.02684926
0.09246386
-0.00180643
0.10574736
-0.02966679
0.09096504
-0.12004963
0.00403588
0.05081962
-0.09347561
-0.13169471
-0.05272746
-0.02310118
0.12101731
-0.08969470
0.09313500
-0.02312909
-0.05522711
-0.03130721
0.19052917
-0.05494120
0.13502915
0.00763064
-0.04482724
0.06295309
0.01067557
-0.00764318
0.04299455
-0.04245221
0.18882047
0.00883228
0.07194761
0.09069979
-0.08325050
0.13133386
0.08784932
-0.06659744
0.02813158
-0.08154986
0.10973749
-0.00237134
0.08113835
0.00528515
0.02390568
-0.04407942
-0.04095079
-0.01676885
0.21634550
0.07764457
