0.13433925
-0.10308777
-0.04565246
-0.02654393
0.10700837
-0.02707024
0.06834407
-0.19988765
-0.03447202
-0.08023368
-0.15363667
0.04948682
0.02747085
0.00326161
-0.12992672
0.10984014
0.03411443
-0.02913497
0.00222992
-0.02552356
-0.17050544
-0.02782808
-0.08099161
-0.09539414
-0.11265649
-0.05197906
-0.19509649
0.09393509
0.05066418
-0.00195111
-0.00338739
-0.07775698
0.09924018
-0.01297803
-0.06960943
0.13165181
-0.02189716
-0.05738312
-0.02861743
-0.08260485
-0.10912274
0.24608253
0.16127834
0.02996003
-0.12246829
-0.08431377
-0.01719793
0.07709964
-0.12976368
-0.22697533
-0.14117085
0.03249058
0.03812561
0.04400254
-0.01269231
0.01789497
-0.04638676
0.08397802
-0.13265608
0.04432891
-0.08268115
-0.03262464
0.05385208
0.10122806
-0.10888020
0.12281319
0.06431105
-0.00661145
-0.01901842
-0.02119918
-0.02952870
0.00224510
0.00499670
0.08047492
0.14875785
0.04548674
-0.02043024
0.06090596
0.01784997
-0.10031981
0.09247306
0.02991393
0.01316872
0.05019522
0.02546617
-0.09171941
-0.01581491
-0.01422862
-0.05182847
0.16387029
-0.08531343
-0.04713319
-0.06936338
-0.11439160
-0.01872795
-0.02669988
0.14905945
-0.02425996
-0.10367552
0.15620858
