0.04871675
0.03154597
0.01626749
0.10557529
-0.09879268
0.13877191
0.05824316
-0.09754749
0.09420994
0.10035448
0.14488692
-0.03566872
0.13912053
0.02235841
-0.12419379
-0.06586726
0.07887802
0.15215360
-0.10040438
-0.00943458
-0.05573432
0.15951760
-0.07604303
0.11299396
-0.05300239
0.06591036
-0.11237854
0.12731616
-0.18694228
0.02736917
0.03572719
-0.06964617
-0.08201542
0.05171038
-0.08793475
-0.00239629
-0.23929046
-0.17660159
-0.00379783
0.09487166
-0.13997983
0.05759291
0.04194916
-0.04993850
-0.00203029
0.18595874
-0.11885581
0.04074210
0.01761312
0.02733269
-0.00049903
0.02387918
-0.02132910
-0.14371000
-0.04956066
0.01989523
0.02196106
0.05122736
0.18847509
-0.14037249
0.05774085
0.01152672
-0.00322368
-0.05882087
-0.01082200
0.05773672
0.03616933
-0.13625999
0.07690267
0.02117422
0.16074760
-0.09439844
-0.06127376
-0.14869371
0.00030655
0.08444973
-0.04064620
-0.04405187
-0.02500535
-0.01362455
0.08685740
0.00134886
-0.04095914
0.05385962
-0.11578865
0.05080037
-0.01752380
0.18155046
-0.05505950
0.03594680
0.01000226
-0.09171680
0.07429876
-0.18892625
-0.16515049
-0.11113455
0.11079751
0.08350142
-0.10619489
-0.01525423
