0.00914148
0.15815564
0.19460836
-0.03820772
-0.00258749
0.08958844
0.05237853
-0.02009070
-0.01806009
-0.06759746
-0.19588586
-0.01350621
-0.10327797
-0.01965259
0.21281211
0.00292159
0.13014863
-0.09576370
0.10997747
-0.14429586
-0.02413471
0.02506822
0.05346408
-0.01071366
-0.09330729
-0.10498574
-0.06226304
-0.08787058
-0.04992771
-0.08195236
0.10708784
0.02327162
0.02444000
-0.07233561
0.02386617
0.02784950
-0.08070439
-0.10252831
-0.16682648
0.07525059
-0.08726552
0.00402965
0.00716567
0.00786450
-0.05502479
-0.01951560
-0.02646161
0.11635745
-0.09968396
-0.01775336
0.09194319
0.03630369
-0.09382336
0.06838402
-0.23294719
-0.04247016
0.13516819
0.04297634
0.06825097
-0.00801424
-0.03278154
0.06000059
0.19977251
-0.02314086
0.12389721
-0.04649765
-0.03707998
0.05610517
-0.07777327
0.08124123
-0.14512806
-0.20871235
-0.01370187
0.02835557
0.10996289
0.01031758
0.08228908
0.02074065
0.05858491
-0.08352554
-0.00658767
-0.05154031
-0.02043277
0.19801285
-0.12106369
0.00294669
-0.02766745
0.03270966
0.15456139
0.07865805
-0.05663786
-0.12361663
0.07311237
-0.08553853
-0.06166862
0.04012160
-0.13126262
0.13417671
0.00886505
-0.02018274
