-0.07825959
-0.25447087
-0.02997580
-0.05804084
0.16886669
-0.08182940
0.09251157
-0.17125780
-0.04642602
-0.04449419
0.02404543
-0.00801706
-0.18240522
-0.04518482
0.01540541
-0.15249545
-0.10846399
0.10556606
0.05198979
0.10904339
-0.06751630
-0.20681520
-0.02566894
-0.03417700
0.03339575
0.10377869
0.07295907
0.12397032
0.01142248
0.00317820
0.05883983
0.09210774
-0.02975314
0.08474919
-0.07233017
-0.03534009
0.03280001
0.00879747
-0.24696852
0.15090274
0.08607300
0.07275864
-0.00207484
0.00995829
-0.10739416
0.02566257
0.05177411
0.05188830
-0.07221361
-0.00342186
0.01135032
-0.01116326
-0.20574861
0.06036437
0.03907671
0.04881000
-0.04975863
0.07719391
-0.03806887
-0.09807608
-0.09405951
0.12793087
-0.06380965
-0.07718802
0.08213630
-0.12341913
-0.02643754
-0.02794555
-0.08100629
0.09709923
0.01780273
0.07748751
-0.08401786
-0.03759169
0.08855830
-0.14820503
-0.02726906
-0.00333688
0.05354745
0.03542967
-0.11526002
-0.18247544
0.03822304
-0.04471501
0.01486794
0.10883827
-0.00569591
0.01751744
0.11919369
0.09333819
0.06577649
-0.08323890
-0.01540220
-0.05464668
0.04169331
0.07551943
-0.13281783
-0.02783368
0.02451923
0.03031171
