-0.00426332
-0.03828732
0.02872236
0.00761748
-0.01478627
-0.02904274
-0.19682823
0.09954197
0.06167791
-0.00478222
0.18734383
0.09878556
-0.04327533
-0.12886245
-0.08738663
-0.09348379
0.04251580
0.00673931
0.11895377
-0.09650197
0.02429422
0.01647738
-0.03308634
-0.10156529
0.08384340
0.16446551
0.07164543
0.05437118
-0.09789656
0.04936481
0.12156232
0.07096432
0.01209981
-0.02337026
0.04735429
-0.08228953
-0.11278208
-0.13716363
-0.02392045
-0.06841444
0.09743637
-0.01368338
0.06741097
-0.18062698
-0.05075193
-0.07740338
0.06493979
0.03997731
0.23404702
0.16078028
0.11935110
-0.03333285
-0.21982319
0.04777098
-0.00537096
-0.02310061
0.13719284
-0.24732039
-0.04073759
-0.16794769
-0.10313565
0.03295200
0.08114610
-0.02415160
-0.06762053
0.13361573
0.03779160
0.07538439
0.08992256
0.10863287
0.20843917
0.06094800
0.05735473
0.02990421
0.04834416
-0.00161999
0.00069633
0.01982852
-0.18435574
0.09799894
0.05670777
0.02540523
0.06659765
-0.04422326
-0.07832349
0.04882656
0.09347308
0.04663712
-0.02411567
-0.12362970
0.07476340
0.04771465
0.11046044
0.04289179
-0.03085845
0.03881331
0.01871225
-0.11521730
-0.03191151
-0.05091683
