0.20040455
0.07169109
-0.10471593
-0.01641587
0.18667654
0.00191735
-0.00536071
-0.08233438
0.02861205
-0.04543008
0.03636694
0.09499183
0.14755194
-0.00139959
0.20564134
0.15108227
-0.07073055
0.13932043
0.04072358
-0.07675107
0.10617202
0.07931974
0.04937374
0.00881435
-0.08981672
0.20121148
0.10814798
0.14218098
0.04101822
-0.03407276
0.09952459
-0.11532921
0.03830964
-0.06039287
0.00254903
0.05568031
0.07794300
-0.02940512
-0.02479359
-0.21017700
-0.12318003
0.17297156
0.02978105
0.04640901
-0.10609251
-0.03398756
-0.16883516
-0.13387940
-0.12868896
-0.15964913
-0.11676612
-0.10453645
-0.06639838
0.10245306
0.16707996
-0.06618088
0.02444772
-0.01381637
-0.09858399
-0.08572175
-0.15731709
0.07323160
-0.00258966
0.08987207
-0.06269485
-0.03407840
0.04445964
-0.00159827
0.12026104
-0.07271381
0.12432283
-0.02781568
-0.01214533
-0.03771678
-0.04518722
0.14056925
-0.06700028
0.10729272
-0.01173076
-0.00574367
0.01229236
-0.00617131
-0.11094334
-0.08349493
0.03635264
-0.02344838
0.01534887
0.05648890
0.01239441
-0.03632821
-0.00696613
0.11379834
0.05636269
0.06711829
0.07562589
0.07988880
-0.06423651
0.20818620
-0.01285801
0.00346454
