-0.02873861
0.02731798
-0.05835511
-0.00458599
-0.12927762
-0.03442556
-0.07573247
-0.02575658
0.03205121
0.00566208
0.08967915
0.01011553
-0.25698645
-0.04640010
0.10534982
0.09893130
0.18701603
-0.06991585
0.12626285
0.01607609
0.06662644
0.02984825
0.04071909
0.02138337
-0.04145616
-0.22408796
-0.11677452
-0.14569394
-0.04513662
-0.23220100
0.03290409
0.09153769
-0.14055405
-0.01133001
-0.04805200
-0.04471247
0.07547671
-0.02123608
-0.05396025
-0.10377917
0.00988921
0.02761230
0.01001722
0.03328659
0.06901412
0.09688018
-0.05553460
0.00827853
0.04306327
0.00501235
0.03233457
-0.09636709
0.05882151
-0.04562812
-0.01690618
0.18359977
-0.00775455
0.02869727
-0.23308962
0.08365489
0.15117179
-0.10892505
-0.02106868
-0.06992923
-0.18908552
-0.12801464
-0.00415452
0.00198291
0.06512920
-0.03226905
-0.03139413
0.14651612
-0.06874471
-0.07618029
0.04765161
0.05265857
-0.00318440
0.00170595
-0.06421726
0.11537225
0.01956109
0.07093309
0.10570743
0.06690486
-0.19535173
0.10163992
-0.05076100
0.00923318
0.01605149
-0.16133956
0.14314457
0.02915299
0.06588397
-0.01315008
0.04917957
-0.00313355
-0.02555428
0.10026349
-0.00618120
-0.10300378
