0.00768307
0.03735897
0.03934392
-0.01118947
-0.18192112
0.20802170
0.03571641
-0.07900776
-0.02260905
0.15852594
0.01543719
0.01776362
-0.03359166
-0.15167997
-0.07055957
-0.08619612
0.00710971
0.01547846
-0.01812127
0.07270889
-0.03457009
0.02331647
-0.08630680
-0.09772604
-0.02919954
0.08200406
0.01930903
0.02960924
-0.07063103
-0.06839799
0.05697609
0.04428259
-0.13188363
-0.14918181
0.10105105
-0.00273680
-0.01595837
0.03768001
-0.01065851
0.02116918
0.04655495
-0.16073929
0.00146588
-0.00375615
0.04016398
0.03036146
-0.12364322
0.01311508
-0.09941059
-0.03523106
0.01050215
0.09502938
0.04623021
0.02652737
-0.14155778
0.01104607
0.11665549
-0.21042185
0.04596784
-0.24466887
-0.03032195
0.03960940
-0.16966231
0.07553303
0.02021458
0.09535328
0.04842145
-0.04435091
0.03239236
-0.00199898
-0.18783308
0.03365438
0.03359907
0.04220517
0.01122645
-0.01176350
-0.26718556
0.15400385
-0.09194130
-0.07165349
0.08290278
-0.05634487
-0.09937836
0.06378222
-0.02525859
-0.11156743
0.16390743
-0.03050301
-0.07698833
-0.13469647
-0.03241759
0.15448725
0.06247569
-0.10220262
-0.02008575
0.08564404
0.15497870
-0.01289845
-0.08133793
0.02869566
