-0.04456059
0.00250850
0.03127043
0.01954309
0.18380181
-0.14534936
0.07751389
0.10747526
-0.05350095
0.04490028
-0.00806245
-0.09361569
0.00911966
0.15111218
-0.03615778
0.05684551
-0.10157945
-0.08349088
-0.11224215
-0.12996460
-0.08538103
-0.08149649
-0.04004547
-0.14888417
-0.04591462
-0.07019802
-0.07190227
-0.02870143
0.10614760
-0.00043463
0.03813989
0.14362638
0.06201648
0.01172084
0.09837968
0.20199879
-0.04683059
0.07685205
-0.07373776
-0.11309546
-0.06136485
-0.00667920
-0.17770851
-0.14481284
-0.00516948
0.05440361
0.07115227
0.03961760
-0.01628807
0.04801286
0.22582130
0.17907488
-0.00537921
0.12813001
-0.05621719
0.03177827
0.01308291
0.06914525
-0.11005835
0.05654994
0.01527544
0.02978145
-0.09317944
-0.03565313
-0.13987996
-0.06647884
-0.08786090
-0.03167186
0.01533116
0.07681453
-0.09684383
0.02659853
0.09842211
0.08708323
-0.14443706
0.06631175
-0.01528820
0.12513840
0.08418324
-0.03160110
0.02440634
0.04627681
-0.22295223
-0.05561971
-0.03582258
-0.10370048
-0.20222487
0.07609697
-0.05560139
0.10618309
-0.08680469
0.08634137
0.06372354
0.05071954
-0.09402973
-0.01615318
-0.04257060
-0.08695383
-0.04031377
-0.14685822
