0.09930625
0.02799937
-0.07468205
0.05441958
-0.13277251
0.02347680
0.07763403
0.02045830
0.08447502
0.19579241
0.08872483
0.02563197
0.06161848
0.04085918
-0.12625233
-0.03998779
0.11760624
-0.00418537
0.05592986
-0.09665377
0.00619551
0.05764578
-0.13074569
0.03337917
-0.01746233
-0.09022312
-0.00360430
-0.18210130
-0.20434869
-0.11301944
-0.09512038
-0.11264579
-0.16569209
0.02767842
-0.15308877
0.01058427
0.07558167
-0.00021384
0.00894119
-0.03631426
-0.14238075
-0.00420788
0.09226763
0.16692291
-0.04131252
-0.15627110
0.01597428
0.03613265
-0.02179396
-0.11032955
0.19439579
-0.22658402
-0.04897240
-0.12691514
-0.06108712
0.03052313
0.01325669
-0.06825158
0.07461531
0.05976822
0.06216771
-0.04087323
0.10069476
0.06344742
0.24091634
0.10212357
0.11109869
0.00508753
-0.12372315
-0.03564822
-0.07277043
-0.05415769
0.05330972
-0.05346716
-0.08595733
-0.03930756
-0.01544989
0.03930821
-0.09148122
0.03047186
0.00749223
0.12718016
-0.02047067
-0.01291393
-0.11248479
-0.13302618
0.02981798
-0.02395833
0.04837432
-0.08572189
0.18327362
0.01173776
0.10054615
-0.02179105
-0.01560499
0.06626539
0.05336908
-0.10757760
-0.14718385
-0.10542777
