0.09470003
0.09509287
0.01065781
0.15097651
0.03966992
-0.05665361
0.03688785
-0.04135420
0.01094668
-0.02912315
0.01436281
0.12198255
0.12564871
0.08233414
0.02783222
-0.07602463
-0.01130703
-0.01955761
0.03189037
-0.01951822
0.02405721
0.10284496
0.15447665
0.04683947
-0.09605632
-0.09601156
-0.01994115
0.05092386
0.04571111
0.03291696
-0.10184232
-0.10552731
0.10443760
0.00147235
-0.00856536
-0.11505722
0.06082014
0.00303640
-0.01473804
0.11480410
-0.04990093
-0.10348341
-0.00487731
0.26647140
0.00831624
-0.07644804
-0.06350565
0.02335881
0.07265228
-0.10624043
0.05113992
-0.03012494
0.06794535
0.02038386
0.02555795
0.12779213
0.00504628
-0.13162726
0.15293015
0.03195175
0.03864723
0.05153386
0.00654801
-0.14956524
0.02090488
-0.07913503
0.09816729
-0.07899895
0.12337277
-0.02271015
-0.15737652
0.00188495
0.12395377
0.05243354
-0.07393633
0.05123121
-0.23358334
0.21289760
0.09210067
0.18891245
-0.12784932
0.04587341
0.07939672
-0.07340554
-0.04687371
-0.18277759
0.06614568
-0.12423451
0.12090982
0.02445143
-0.08713159
0.05420858
-0.00768695
0.03604577
0.08286315
0.08648464
0.03932015
0.01935074
0.12423371
0.17100757
