0.09527735
0.02983564
0.14395369
0.10422576
-0.00065531
0.05186402
-0.00729425
-0.02985589
-0.09406961
0.06241897
0.07037710
-0.02137001
-0.01383498
0.02094327
0.08120375
-0.12455408
-0.01103326
0.05419614
0.05549789
0.07798051
0.02978133
-0.02956888
-0.05627421
0.13123636
0.06477966
0.09300020
0.13724767
0.01254579
-0.03052887
0.02371069
0.06192782
-0.17383011
0.08531738
-0.16599871
-0.01087362
-0.02248287
-0.19164225
-0.04481244
0.04904222
0.08212187
-0.09500621
-0.12867268
0.13363377
0.00824360
-0.06139830
-0.03098557
-0.06130870
0.02773452
0.06558593
-0.16247934
-0.19306190
-0.00440801
-0.03861313
0.13813378
-0.02187030
-0.02802810
-0.10293140
0.14418764
0.10948966
-0.03271755
-0.03635050
0.07213022
-0.11751291
-0.04409852
-0.05428117
-0.01168713
0.24747582
-0.12472973
-0.14837190
0.16089891
-0.00537131
0.06165626
-0.10682403
-0.07283574
0.01623065
-0.04396278
0.15254148
0.05385379
-0.04492810
-0.06626553
-0.03828713
0.06975159
0.05903876
0.07904204
-0.11217417
-0.03693636
0.11148016
-0.14617021
0.04512383
-0.10085832
0.08306661
-0.03177046
0.17405260
-0.01927116
0.06575176
-0.11070855
-0.03941462
0.03440227
-0.25172086
0.00204193
