-0.07323630
-0.12039608
-0.04396506
-0.09245679
-0.06025410
-0.02570276
-0.10228465
-0.00164978
0.02900159
-0.08207299
0.09491281
-0.13514559
-0.03338323
-0.12650407
-0.02936428
-0.11280548
-0.04897935
-0.06311260
-0.10096918
-0.17593832
0.04814645
0.17042399
0.18944070
-0.04193645
-0.00391972
-0.03968441
0.00647117
-0.07828462
-0.16354993
-0.00310517
-0.10438797
-0.16209868
0.20230005
-0.01988244
0.03441303
0.10160539
-0.14355144
0.03520270
0.04275167
0.00707757
0.01344533
-0.04498383
0.06160906
-0.07242007
-0.06785664
0.06180306
0.14370359
-0.03292307
-0.04303568
0.03477032
0.09137110
0.08247788
0.02301800
-0.05405520
0.05365956
-0.00675119
0.11732423
-0.11998805
0.01203378
0.10989174
-0.04217151
-0.05323879
-0.07955118
-0.02374902
-0.01708592
0.01165116
-0.07526656
0.00703272
-0.05145372
-0.03141783
-0.07141709
-0.02406855
0.30417390
0.29034196
0.09772420
0.06707901
-0.10890488
-0.04981080
-0.05277703
0.04561082
0.04115336
0.00924272
-0.02899428
-0.07888777
0.00045344
0.09706229
0.03641371
0.01542501
0.05602117
0.04978119
-0.13773123
0.00159969
-0.03629438
-0.17331118
-0.11320055
-0.02725615
0.07033157
-0.01953711
0.02234532
-0.07651318
