-0.11027478
0.04284645
0.00168181
-0.03572381
-0.06212424
-0.04924028
-0.08534620
-0.10236242
0.12453945
-0.02376346
-0.17016538
-0.04805100
0.10435941
-0.05296328
0.17491952
-0.07671758
-0.07410493
-0.10167747
0.11454102
-0.05709206
0.04106948
-0.16220285
-0.05636077
0.06487937
-0.12601276
0.00493304
0.05397195
0.17502866
0.06309361
0.09317132
-0.03486457
-0.05696521
0.00555791
-0.08791777
0.11043108
0.07635442
0.09472554
0.12408207
-0.01062097
-0.05680188
0.05173097
0.11337195
0.08447872
0.09306039
0.14822822
0.02906615
0.11850312
-0.00116582
0.07769993
-0.13813578
0.15176882
-0.17468028
0.02024002
-0.03407280
-0.11406314
0.03305088
0.03269823
0.13888642
0.01346958
0.05684819
0.02392389
0.14444319
0.11126527
0.00104845
0.01223650
0.17512555
-0.02356804
0.08444069
-0.08644468
-0.07498813
0.08491213
0.06380398
0.10413383
-0.06231654
0.10018705
0.01692034
-0.00467224
0.16623994
0.14142902
-0.22154345
0.03508445
-0.08367788
-0.02948079
-0.06242058
0.15987553
0.12214189
0.05464882
0.06922796
0.04509087
0.06731537
0.02473106
-0.01756774
0.04996865
-0.03049921
-0.03881258
-0.02654675
-0.00867347
0.00079021
0.24917070
-0.12038741
