0.12972126
0.05665451
-0.10948851
-0.02163247
0.02962599
-0.02354241
0.13803507
-0.00437919
-0.02797802
-0.04898511
-0.03851013
-0.01013189
-0.17924312
0.07590720
-0.01468934
0.14420728
0.09940194
-0.10202803
0.04928270
-0.09395422
-0.09105242
-0.03156894
-0.12855693
-0.10001999
0.01302004
-0.11372104
-0.13917825
0.12432526
0.09114033
0.09946814
0.04628475
-0.00620392
0.11580468
0.14647325
-0.04535008
0.17806672
-0.14608878
-0.13985668
-0.05128976
-0.04579920
0.04475743
0.06280219
-0.06228206
0.08341189
0.06121153
-0.12749703
0.05134714
0.09447220
-0.08930006
-0.04852600
0.08758542
0.19256811
-0.03042846
-0.02843217
0.04642552
-0.02258290
-0.07545112
-0.10953319
-0.14550694
0.16442613
0.03617381
0.02763174
0.02959060
-0.06977804
0.04688463
0.10453099
-0.14280318
0.03180899
0.01450169
0.02641295
-0.00094028
0.03476994
-0.09687734
0.04380238
0.01705886
-0.03129787
0.04284488
-0.04656185
-0.04156258
0.03975084
-0.03812824
-0.13596724
-0.14065996
-0.06900334
0.16381001
0.20146313
-0.00586288
-0.13639031
0.00044045
0.06050942
0.22567741
0.15134556
-0.03514816
-0.10505085
-0.04324563
-0.09932324
0.11657785
-0.03715025
-0.01564673
-0.07670838
