0.01380524
-0.09709283
0.06081770
-0.01261016
0.03960925
-0.04132189
-0.08497600
0.09536908
0.10912273
0.14214020
-0.04469164
-0.04929151
0.03391469
-0.05888296
0.03955959
-0.07269037
-0.02018184
-0.13994220
-0.19057311
0.01710711
-0.03032758
-0.07876733
-0.01016028
-0.03587884
0.12830244
-0.04103105
0.12249553
-0.07508342
-0.08654370
-0.18482997
0.04000600
0.03636531
0.15821663
0.22943337
0.13351096
0.03317668
0.10151098
0.01031605
-0.01316901
-0.05762962
0.07153292
0.03182899
-0.10813168
0.05549071
0.09605303
-0.00023402
0.01244324
0.04272961
-0.07552678
-0.07390538
0.14297427
0.09999452
0.11990162
-0.06451088
0.10424748
0.09399250
0.08679484
-0.02378612
0.01152158
0.20865677
0.04893016
-0.15116048
-0.01690086
-0.19413880
0.07244231
-0.08175097
-0.00993169
0.04298002
0.03004693
-0.14171309
-0.06762721
-0.10027539
-0.05166031
0.19384035
0.02775458
-0.14604450
0.06928118
-0.03479634
0.08812176
-0.03714996
0.00607385
0.12374931
0.03238256
0.13443800
-0.01929249
-0.01371917
0.04196920
-0.04037345
0.03564736
0.05637421
-0.03724147
-0.09810256
-0.04324009
-0.02890047
0.06420380
0.00258328
0.09445224
-0.07453074
0.04468742
0.08177182
