0.11240210
0.04186563
0.11893885
0.07527767
0.05342832
0.01042799
-0.11475178
-0.00059113
0.01790355
0.04398485
-0.07921170
0.00792814
0.14916519
-0.04787304
0.00921180
0.01541860
-0.07965717
0.03143896
0.01836952
-0.20637193
0.19236971
0.11939687
0.10512368
0.07445051
-0.02971517
-0.10410671
-0.04078724
0.04363073
0.16587960
-0.08699506
0.16214006
-0.09135759
0.06977049
-0.00630880
-0.16946768
0.21701301
-0.10475015
-0.06141581
-0.03914886
-0.03259285
0.01848079
0.02858676
0.18162727
0.12343445
0.08362431
-0.05707368
0.09326413
-0.01726556
-0.02506562
0.04739185
-0.10377718
-0.20880302
-0.03590290
-0.07321789
0.07408559
-0.02279376
0.12498183
-0.04555995
0.05437371
0.04257286
0.03404392
-0.08415057
0.00522219
-0.01098913
-0.05010773
-0.02649453
-0.04195681
-0.02693832
-0.07479692
-0.10591893
-0.05604016
-0.02510252
0.08685377
-0.05105401
0.13521627
-0.11819054
0.16495966
0.01544123
-0.18809886
0.06137037
-0.19319719
0.02962194
0.19544607
-0.01442351
0.04228194
0.05842525
-0.03255257
0.07123250
-0.03254548
0.07626815
-0.08664452
0.00611719
-0.02522400
-0.06757346
0.00768820
-0.12794021
-0.14236229
-0.12616968
-0.06974674
0.07315017
