-0.13469395
0.14413456
-0.01152602
-0.01108082
-0.08982353
0.04861743
-0.07191079
0.07018860
-0.18729572
0.03340163
0.01455893
0.03974400
-0.02620346
-0.19153913
-0.07641088
0.21546553
0.07765177
-0.06344291
0.03840913
0.03692115
-0.19580600
-0.02535980
-0.16103270
0.09221804
0.07532188
0.11790091
0.16221338
0.00635090
-0.04188088
0.02349443
0.01745792
-0.01320866
-0.01435436
-0.08099774
0.00362820
-0.10715560
0.02095800
0.04910264
0.05318533
0.07136268
0.04198543
0.06987241
-0.00102713
-0.03041575
0.11077100
-0.14639332
-0.08800391
-0.06322829
0.04655762
-0.10870739
-0.00350786
0.03982108
-0.02654206
0.05362018
0.05052191
0.18940677
-0.11183064
-0.04250414
0.07774265
-0.01195082
-0.02027766
-0.05601699
0.09262999
0.06130440
0.06932571
0.01584334
-0.14193699
0.16884208
-0.06334823
0.04434344
0.12645158
0.01190499
-0.00914584
0.05662607
-0.02719560
-0.05732861
-0.17648737
-0.01658072
0.01213782
0.12002371
0.05509034
0.08259856
-0.01708965
0.11059056
0.07330352
-0.02751182
0.00752276
-0.11544029
-0.06852192
0.02839554
-0.06441563
-0.01609832
0.09764097
-0.05517504
-0.00899348
-0.08540852
0.05829219
0.04401603
-0.11921739
-0.06842363
