0.05860107
-0.06874884
-0.11727195
0.00904088
-0.04301768
-0.01730116
-0.09727111
0.00108049
-0.07231782
-0.10763469
0.09506239
-0.00110667
-0.12593717
0.13363452
-0.07808655
0.00928970
-0.11153904
0.19460633
0.19461303
-0.00188877
-0.07148190
0.09797472
0.03509176
-0.00784948
0.16019680
0.12051787
0.01731272
0.06038899
-0.00161798
0.03865860
0.08020396
0.11485234
-0.08667606
0.01164637
0.06716430
-0.12983366
-0.01084579
-0.06486597
-0.02904699
0.02636677
-0.07172261
0.08105488
0.01558705
0.15390784
-0.00742401
-0.02725407
0.02247736
0.05595806
0.11208931
-0.10775295
0.05466093
-0.13307915
0.06948660
-0.11505050
-0.00114632
0.15322176
0.01578876
-0.06694618
-0.05671882
0.00679094
0.05234163
-0.07393720
0.04321995
-0.07037172
0.00295069
0.02672449
-0.03031255
-0.00595744
0.08180536
-0.03192903
-0.20910450
0.05974700
-0.11026135
0.03899006
-0.05461448
0.10482677
-0.14800882
-0.06661851
0.03673365
0.06598545
-0.00664327
-0.04956952
-0.11519234
0.01476734
-0.12647923
0.22712910
-0.02432226
0.05502174
0.05836172
0.08287902
-0.04708197
0.17125561
0.02419776
0.02094101
0.02559316
0.11334370
0.11939578
-0.01515418
-0.19880835
-0.08858595
