-0.09591254
-0.00603002
0.01840517
-0.01555034
-0.16012790
-0.14301651
0.03578700
-0.03175269
-0.09732165
0.20824901
0.09530722
0.05452366
-0.00144924
-0.01236638
0.18224556
-0.08062371
0.07233593
0.04554114
0.05286718
-0.00753960
0.15659155
0.09490227
-0.13251352
0.02749258
0.05042400
-0.01509959
0.01638713
0.11324815
0.01946899
0.14763178
-0.07856806
-0.04001447
-0.02289368
0.04106487
0.03585454
0.08150865
0.05240014
0.02806671
0.06076469
0.11639674
0.07056042
-0.14178462
-0.07612760
-0.16737435
0.16372249
-0.02922786
-0.00726227
-0.15417293
-0.06714937
0.08225596
-0.09350998
0.15185423
-0.12904663
-0.10771261
0.03733224
-0.13212421
-0.21464022
0.04338416
-0.10412998
-0.04378426
-0.04216014
0.10757583
0.01328895
0.00491296
0.01588799
-0.17826949
-0.05321009
0.00563587
-0.03284572
-0.06097463
0.00995908
-0.21930615
-0.18216008
-0.02023521
-0.15429853
-0.05350581
-0.04348786
-0.02986007
0.02432177
0.00614679
0.06971355
-0.01397146
0.09434953
0.07102716
0.01879221
0.16825835
-0.00857857
0.04290005
0.01002730
0.11445664
-0.11271884
-0.07808948
-0.02713225
-0.01149824
-0.01617583
-0.04278425
-0.07412187
-0.13262631
-0.14085413
0.06774780
