0.08417265
0.00699707
0.02560323
0.07033496
0.07395615
0.03843255
0.06796616
-0.06915867
0.18723821
0.15613528
0.22572642
-0.14614286
0.02239503
-0.02932474
-0.06886665
0.13145604
0.03078237
-0.18552432
0.06440711
-0.09353801
0.13937868
-0.11754142
0.02916869
-0.01067709
-0.01847158
0.05331053
-0.08541328
0.00709858
0.17975373
0.06326079
-0.04945552
-0.03349469
0.09011927
-0.01542193
0.13823849
0.06780888
-0.02694395
0.08829206
-0.13605566
0.12552854
-0.02937662
0.03375944
-0.05051808
0.02665439
0.16208346
-0.04017541
0.02277374
-0.07068502
-0.01466305
0.01935784
0.00880796
0.11139953
0.11717440
0.08493234
-0.00562764
-0.01520958
0.13150702
-0.07063946
0.03541669
-0.04107670
0.09207715
0.04294326
-0.01101020
0.10519816
0.08886976
0.02388839
-0.19436860
-0.06794144
-0.10575449
-0.00431505
-0.06493359
-0.21777122
-0.03308347
-0.14147683
-0.02819338
0.01276858
0.15365080
-0.12179811
-0.01418937
0.12366034
-0.01785866
0.12855888
-0.00030617
-0.09160770
-0.04950007
0.10090443
-0.04033061
0.13298596
-0.05564687
-0.03229314
0.01408041
0.07765729
0.10433695
-0.04212828
0.12997079
-0.04651708
0.10167279
-0.04544702
-0.01323872
-0.20053325
