-0.00604247
-0.14346174
0.05850458
-0.08380974
-0.09222506
0.14925026
0.18024329
-0.06829003
-0.00308823
0.16362416
-0.04503334
0.14316075
0.06833427
0.00462788
-0.02943440
0.14113070
0.05926887
-0.05274338
0.03273530
-0.07318158
0.01241519
0.12768811
0.04433162
-0.06332127
0.02900586
-0.05816462
0.16831789
-0.14951197
-0.05497257
0.06430369
-0.06837868
0.00149105
0.05455811
0.10483418
-0.07727579
-0.01415998
-0.03931577
-0.00952181
0.03079820
-0.05156404
0.06669277
0.03556681
-0.03937064
0.02300167
0.08203923
0.08277944
0.05569788
-0.00541788
-0.05168768
0.01867998
-0.03885430
-0.02768076
0.07708698
0.12061531
0.04966497
0.17114824
-0.12746908
0.00189110
0.00794237
0.13457717
0.04178311
-0.02699337
0.04619615
0.05355021
0.01522253
-0.16899819
0.08527785
-0.29103385
0.00912640
-0.12930963
-0.02959990
0.11657531
-0.04280017
0.15980452
0.06488361
-0.02054301
-0.07531294
-0.04133542
0.03121562
-0.19759325
0.05126786
0.02329451
0.06825565
0.17066779
-0.02698537
-0.08173209
0.09832718
0.07456702
-0.01191383
-0.04946812
0.02074824
-0.09417184
0.00550925
-0.05317354
-0.06829254
0.08068276
0.00252971
0.11261925
-0.09055360
0.02002704
