0.06998257
0.02383827
0.00386853
0.08310913
-0.01615661
-0.09077671
0.05440852
0.06597076
-0.07075586
0.13019866
-0.10013466
-0.07717714
0.04797983
-0.19384035
-0.11881076
-0.03446766
0.10535274
0.12413227
-0.07439176
-0.06027773
0.03399869
0.08626601
0.22986768
0.03016407
0.07226719
-0.03813042
-0.08845249
0.01183838
0.02365116
-0.07198865
0.10496379
0.12702382
0.03603158
0.12339418
-0.04758276
-0.12014365
-0.11531774
0.03638375
-0.03094802
0.03989075
0.09667116
0.04841613
0.05411094
-0.15181081
-0.04698166
-0.02003119
0.13822729
0.01689496
-0.14075639
0.14704972
0.04430465
0.00140947
-0.04322417
0.10832019
-0.07552937
0.19605996
-0.01626654
-0.08689968
-0.12104332
-0.02800056
0.00433721
-0.03411589
-0.06368816
0.05077476
-0.06915129
0.02471361
-0.02375831
0.05676376
-0.13944882
0.08588151
-0.09217879
-0.07614518
0.09058097
0.15432944
-0.03766757
0.01893816
-0.10714363
-0.14406845
0.10505341
0.06701554
-0.00309342
-0.04630069
-0.11112592
-0.04983309
0.13372811
-0.02145360
0.05095199
0.00844670
-0.11948317
-0.15308087
0.09400262
0.01992102
0.25470258
-0.01339729
0.05824560
0.01314209
-0.05796557
-0.07303947
-0.09000027
0.09057112
