0.09045132
0.03446939
0.04401403
-0.04531709
-0.10681836
-0.11086679
-0.09525510
-0.04917244
-0.09560695
0.08168237
0.02000113
0.01821194
-0.09875083
0.05912757
-0.20349771
-0.05212948
0.04826022
0.16226851
-0.03360272
0.07038993
0.18206531
-0.05067929
-0.05687402
0.18753049
0.00955309
0.09244092
0.02494609
0.06074099
0.05329667
0.03541584
-0.22619463
-0.04309145
-0.03676423
-0.07145888
-0.06315705
-0.04129723
-0.09765142
0.00360325
-0.06420831
-0.06173430
-0.13234490
0.07116455
-0.14973879
0.06455657
-0.00025383
0.05142740
-0.05280819
0.04351516
0.07615746
0.01822495
0.01323600
0.00240872
-0.01079285
0.01321362
-0.02910625
-0.14034795
0.08643969
-0.05194896
-0.00802909
-0.01334241
0.05153961
0.12175139
-0.17710815
0.02337767
-0.03290323
-0.11109422
-0.02911154
-0.01304985
0.18080859
-0.11871693
0.15657308
0.00224723
0.06741230
-0.03484702
-0.08537879
0.05335435
0.06362077
0.07451530
-0.01929687
0.08035271
-0.01613683
0.10680579
0.01173546
-0.02017580
-0.13707661
0.18603962
0.05831515
-0.03360667
0.01648978
-0.02571360
-0.05079240
-0.06656753
-0.12625806
0.11130227
0.07024692
-0.01581940
-0.03108661
0.08144351
-0.14976836
-0.23144425
