0.00641974
-0.01733782
-0.13037300
0.05151630
0.07886557
0.02571453
0.03572098
0.04016405
0.03479998
-0.04619006
0.04069248
0.05033415
0.13993368
-0.17183247
-0.15568960
0.06663004
0.11512727
0.03213495
-0.12169944
-0.05816710
0.10302159
0.12523094
0.07192432
-0.14959800
0.04599601
-0.19748230
0.02298919
-0.01222122
0.07709278
-0.01299620
-0.10526669
-0.03056352
-0.01246453
-0.15212280
0.03129188
-0.08965084
0.11327974
0.04942341
-0.05076632
-0.11330209
-0.17095068
0.09089490
0.13383413
0.02711158
-0.05995150
0.04840576
0.00546642
0.02778292
0.17539590
-0.02064628
0.01192200
-0.11936447
-0.07339448
0.10444690
-0.05584149
-0.18752143
0.05718498
0.05858049
0.05266055
0.08407647
-0.06795072
0.03636902
-0.02566648
0.04449579
-0.08897439
0.02712524
-0.02105316
0.19737702
-0.01198032
0.04280927
0.04673400
-0.05099262
0.12034198
0.04144355
0.10447196
-0.06884854
-0.08220462
0.05513334
0.06959872
0.06267135
0.09970455
0.00740532
-0.01100757
-0.10656572
0.00939258
0.05738884
0.12743925
-0.07395409
0.04899904
0.07555188
0.11148011
-0.01345921
-0.10984185
-0.04253884
-0.08036853
-0.00178811
-0.16674153
-0.06703719
-0.06008412
0.07812972
