0.02899412
-0.14482407
-0.09438834
0.11981135
-0.04461828
-0.09276898
-0.02954417
0.10234971
0.03515716
-0.18450574
-0.04519254
-0.13045740
-0.05010713
-0.15577790
0.05482916
0.08429198
0.06930721
0.08196567
0.10202539
-0.06679413
-0.04173161
-0.11363486
-0.16119997
-0.07668912
-0.10765734
0.00438123
-0.03073779
0.03575478
-0.07655425
0.02785953
0.01601861
-0.13444334
-0.16061054
-0.19133194
-0.05370443
0.00686393
0.04192930
-0.08155072
-0.03483004
-0.18618354
0.14613295
-0.06454133
0.03073860
-0.13143777
-0.04038300
0.07868148
-0.09935731
0.04089180
-0.09684097
0.05306636
0.04046827
-0.01013058
0.14709413
-0.13173949
0.04395058
0.14599704
0.02547927
0.05805198
-0.01522852
0.07227916
-0.14728637
-0.09278443
-0.08937383
-0.09389858
0.19622864
0.14187934
-0.05080438
0.03622090
-0.13558500
-0.05788056
-0.02396572
0.02504180
0.09870490
0.05060169
-0.00162258
0.10186699
-0.01509050
0.05369794
0.16678409
-0.09592632
-0.02301191
-0.08030606
-0.12860955
0.08117807
-0.03783606
-0.13951760
-0.08396151
0.08079921
0.05302914
0.00923591
-0.12996362
-0.04266718
-0.07889778
0.10975949
-0.05431137
0.06978543
0.13900528
0.10963831
0.05097960
-0.10573079
