0.16249190
0.08264021
0.18546765
-0.14813151
-0.00649172
-0.05695237
-0.04488222
0.10937344
-0.05016059
0.02417208
0.10196221
0.04462017
0.11975842
-0.05279892
0.07770538
-0.12809276
0.04369034
0.03528012
-0.03392470
0.05165737
-0.20077735
0.15524701
-0.07946937
0.03640947
0.05190126
-0.13816766
-0.04012349
-0.13963157
0.06593961
0.00664209
0.10284626
-0.08399171
0.07579708
0.02122469
-0.01304484
0.09474249
-0.12904548
-0.04708817
-0.03438622
-0.07553419
-0.04212289
0.19273391
0.04773278
0.02264162
0.01640990
-0.02225641
0.00916704
0.05825322
-0.01115334
-0.12552423
0.05335038
-0.12352534
0.02200836
0.06144297
-0.04030558
0.03990371
0.14721256
0.00950962
-0.01065739
0.10515740
-0.05110074
0.14080834
0.16092722
0.01890816
0.05158179
-0.08491568
-0.00699280
0.14744539
0.02550190
-0.01241510
0.15797839
-0.03636513
-0.00520801
-0.00182407
0.12970646
0.06026765
-0.03656827
0.06343305
-0.04237111
0.15846411
-0.19026390
0.03559214
0.09417717
0.00289346
-0.10059410
0.07925259
-0.04397362
0.06297073
-0.02187362
0.05061063
-0.01577883
0.07601753
-0.05127189
0.20230140
0.10849528
0.06544580
-0.05473116
0.06587432
-0.02753121
0.14841579
