-0.06238735
-0.02330558
-0.19358481
-0.22303855
-0.14560530
0.07698438
0.13916405
-0.05484430
-0.03882355
0.01528075
0.07002614
0.07564634
0.21545640
0.04064918
-0.10042026
0.19935182
-0.08579337
-0.06061313
0.07799579
0.01509230
0.00586748
0.00050867
-0.11517365
-0.11051999
-0.14414343
0.06498772
-0.07701606
-0.14914026
0.04097264
-0.02183570
-0.11204230
0.02495589
0.03780121
0.04328054
-0.05245148
-0.03043060
-0.03715090
0.01414149
0.04389131
0.14124067
-0.05288707
-0.05405166
-0.01518003
0.09984185
-0.03425933
0.07981775
-0.06324738
-0.07359637
0.15588693
0.07397081
0.04882017
0.00057105
-0.05156824
0.10104356
0.09726267
-0.15148523
-0.09903210
-0.03166495
0.12760263
0.03362555
0.11242886
-0.04962443
0.04101994
-0.05343713
-0.16122039
0.02646272
0.00335704
-0.06548958
-0.04728035
-0.06701444
0.04474817
-0.08948556
0.05088712
-0.02507182
-0.02030621
-0.07538336
-0.07194746
-0.05785827
-0.07907318
-0.06073647
-0.05520213
-0.13066341
-0.15006478
-0.26901589
0.04691694
-0.08380476
0.01900193
-0.03389420
0.07203557
0.03262027
0.12721231
0.02047771
0.04634045
-0.03256233
-0.07864172
-0.14824476
-0.11789717
0.15138448
-0.11162009
0.04402245
