0.01426730
-0.13404589
0.07156857
0.03295644
-0.01548253
-0.02556030
-0.07752111
-0.05014497
0.08440748
-0.00275613
-0.02806468
-0.06391251
0.02324434
0.13830654
-0.04801263
-0.09774984
0.02197672
0.00756394
-0.04785283
-0.15116691
-0.01928609
0.02155636
-0.12676971
0.00722202
0.12137331
0.04293784
0.06828264
0.09055852
0.08221443
0.08419279
-0.11212973
0.07472010
0.18786093
0.09387951
-0.04865357
0.08492895
-0.08731789
0.14599794
-0.17175848
0.02847063
-0.08103981
0.04895322
-0.01607510
-0.02693202
-0.13235235
-0.02329178
0.11624212
0.06884593
-0.02354552
-0.02033343
0.05705162
0.07546744
0.08318167
-0.02931415
-0.16306005
0.11882893
-0.00509170
0.09004527
0.11009391
0.05952872
-0.06049189
-0.06139038
0.05963250
0.05191018
-0.09589885
-0.10641930
-0.12853249
-0.23476002
-0.06342868
-0.18192087
0.06360092
-0.03797700
-0.02106067
-0.15525024
0.09870872
0.12687183
0.13119401
-0.09701696
-0.06653638
0.07362153
-0.02302807
0.07254475
0.05304856
-0.09627879
0.09181073
0.01194326
-0.06809815
0.06471805
-0.09536864
0.01385868
-0.06619202
0.07568251
0.03560971
-0.11450045
-0.10875318
0.06920783
0.24782521
0.01748944
0.09209088
0.19394505
