-0.05528263
0.02910243
-0.11532720
0.13807281
-0.13141971
-0.13179501
-0.09440946
-0.00438742
0.07750990
-0.00011918
0.02356264
-0.08781336
-0.03156157
0.04483417
0.20152149
-0.05165885
-0.14202599
-0.10216869
0.04451997
0.09413982
0.11752940
0.09935638
0.02744350
0.10965900
0.06457829
0.03547563
0.08657630
-0.08476800
-0.07061602
0.00228288
-0.03903903
-0.06373576
0.10248535
-0.03647508
0.06543259
-0.15651818
0.07562480
-0.05111545
-0.20222076
-0.05529352
-0.02386429
0.09234733
0.03684657
-0.04737271
0.01666939
-0.02278543
-0.00621698
0.07436138
0.06190485
-0.13918872
0.11429601
0.08930769
-0.00949957
-0.08016566
-0.01883775
0.01876940
-0.13304418
-0.03678451
0.00050392
0.05502804
0.08609513
0.10884602
0.15633186
-0.07806157
-0.09372436
0.11966592
-0.13223890
-0.07341229
0.09555892
-0.14207486
0.06712087
0.09569022
-0.09921185
0.07493316
-0.15809074
-0.05882311
-0.00236832
-0.02689787
0.03113713
0.01414813
0.07754670
-0.10531307
-0.04419768
0.12662756
0.04109532
0.02284241
-0.00104775
0.12955429
0.18756933
-0.11068993
0.02175270
0.11263058
0.03841428
-0.23963419
-0.06908430
-0.04099615
-0.02271805
0.11352872
0.18214647
0.04281534
