0.06265052
-0.05471096
0.03252160
0.06107788
-0.01145803
-0.08412881
0.02181355
0.09846379
-0.19908952
0.01042093
0.01290105
0.03198845
-0.03461391
0.03091238
-0.05064797
0.02333614
0.10494876
-0.00829700
-0.09864922
-0.00944895
0.03967973
-0.02470060
0.15185387
-0.04032629
-0.03885537
0.14896407
0.02729805
0.04893142
0.12190457
-0.05988891
-0.01697447
0.07947824
-0.07282089
0.02183380
-0.10634498
0.04655551
0.20435654
-0.01485720
-0.03677030
0.15183606
-0.08574089
-0.03442342
-0.00299729
0.05548405
-0.09954694
-0.08846225
0.02782822
-0.01728898
-0.15319997
-0.15755031
-0.15832963
0.00181076
0.04141987
0.06097522
-0.09707389
-0.18380629
0.05413454
-0.00769701
-0.00162219
-0.03712023
-0.02847935
0.17383512
-0.01406305
0.04669002
-0.19847342
-0.13595452
-0.07145376
0.01341800
0.03305837
0.22941385
-0.16063388
-0.15796597
-0.02570212
-0.07947214
-0.09493472
0.08710188
-0.03900169
0.04282650
0.01859647
-0.14631224
0.07000565
-0.02342834
-0.06052610
-0.01400244
0.03595477
0.10100177
0.00933179
-0.15764901
0.07626392
-0.04995230
0.16866602
0.05576182
0.05979408
-0.03117248
-0.07707959
-0.06671852
-0.11852056
-0.07529049
0.10803729
-0.05468553
