-0.10943641
0.05966748
-0.10077895
-0.15720547
-0.11943163
0.05050150
0.19764125
-0.05339223
0.07637691
0.14930386
0.11254194
0.14937856
-0.05552845
0.09626654
-0.02262153
-0.13745312
-0.03296678
0.03281359
0.16983377
0.08308760
0.02335231
0.09107853
-0.04762614
-0.12130999
-0.06361578
-0.10972288
0.09092681
-0.01252725
-0.11014636
-0.01918793
-0.07826749
-0.02909017
0.13182691
0.13804641
-0.06886678
-0.03465116
0.03925400
0.01056219
-0.04730562
0.09462432
-0.13135520
0.23571264
-0.03313124
0.03714477
-0.06536318
-0.09446940
0.10495585
0.00356763
0.02137256
0.01163750
0.06444601
0.16100022
0.06158524
0.06363579
0.11467505
0.08317743
-0.10644947
-0.02445171
-0.15042160
0.05383501
0.17608875
0.14624857
0.08524756
-0.08680931
-0.06823164
0.01663995
-0.01220181
0.08033259
0.12165599
-0.02324284
-0.00664184
0.10136908
0.04528625
-0.15550975
-0.07511225
-0.06962357
-0.12272291
-0.01679730
0.01216340
0.12900852
0.06536490
0.10762945
-0.06975897
0.02979634
0.15139565
-0.05995783
0.06231514
0.11787630
-0.09624172
0.04516312
-0.08392627
-0.04393703
-0.06165090
-0.04646536
-0.02858952
-0.07746096
-0.05815569
0.04636205
0.15459343
-0.14269770
