0.04890219
-0.12776664
0.02437788
0.00387351
-0.04697293
0.02790175
0.07464094
0.01670432
-0.04927075
-0.09578784
0.03148159
-0.09898848
-0.07381762
0.00274363
-0.15408203
-0.01251831
-0.15397034
0.14511745
0.01323598
0.01924864
0.00653879
0.11369331
0.00354904
0.09688255
0.06863700
-0.16727942
-0.01161535
-0.05252761
0.13748745
-0.10568690
0.03844474
-0.03645816
-0.07582647
0.01465589
-0.11629278
-0.06168475
0.13111768
-0.04156557
-0.03697979
-0.04523458
0.10875464
0.16857562
-0.08982300
-0.04447963
0.18853610
-0.02737828
-0.14826208
0.02933502
-0.07376110
-0.17161101
0.01065476
0.04316219
-0.08391394
-0.14329209
-0.17116561
0.10774569
0.05168439
0.07953027
-0.08713718
0.06049075
-0.09483237
-0.08518774
-0.02566107
-0.00696945
-0.08646340
0.03661375
0.00283948
0.00342105
0.14301802
-0.12179878
0.05656407
0.01220072
-0.06022600
-0.07537653
-0.14865259
-0.09456140
-0.16844222
-0.02422647
0.02307289
0.02460621
-0.05672289
-0.01672824
-0.03070371
0.07773741
-0.01673918
-0.01518240
0.02125542
0.02874718
-0.28114950
-0.15002234
0.00019490
0.07785777
-0.05828384
0.01981006
-0.12086658
-0.18354031
0.00817874
0.06549424
-0.05572374
-0.01720064
