0.01080465
-0.06726628
-0.17458603
-0.09529069
-0.06384894
0.04475211
0.06076995
-0.07766122
0.08190134
0.06600328
-0.01241124
-0.09407046
0.08821706
-0.01282864
-0.10022721
0.02494957
0.05177924
-0.14454583
0.18457559
-0.21252752
-0.16171446
0.12104767
0.03215763
-0.04241676
0.00114678
0.07232273
-0.08584191
0.09178905
0.06896017
-0.00446508
0.01890956
-0.06218064
-0.08471357
-0.03844121
0.10171292
-0.02370681
-0.04466261
-0.09684327
-0.11209070
0.00218761
0.10287304
0.12178591
0.05539817
-0.03056195
-0.03635370
0.03615880
0.09270670
0.09634648
-0.20954805
-0.00459507
-0.09560846
-0.04660352
0.17160291
-0.07689276
-0.16651681
0.01750685
-0.01231003
-0.04109572
0.08697280
0.05598645
0.03717579
-0.02738896
0.03462251
-0.02880842
0.01840193
0.05702200
0.03358993
-0.06653830
-0.05310722
-0.10286496
0.09862505
-0.00257657
-0.06497302
0.06702471
-0.05051823
0.04410701
0.14998547
0.09273811
-0.01583907
-0.01125786
0.19156940
-0.01689091
0.02978364
0.03223820
0.09146044
0.02129093
0.03621972
0.03185867
0.26592527
0.08663761
-0.08667926
-0.12039773
-0.15969733
0.18197221
-0.08098653
0.09811587
0.05279117
-0.15098356
0.20004785
0.05461854
