-0.16528250
0.22884410
0.09890093
-0.13457264
0.02037090
-0.00410337
-0.06984791
-0.16717570
-0.08728343
0.02530808
-0.05124150
-0.07900781
0.00452959
0.24018992
0.02264175
0.07091434
-0.04990259
-0.14355649
-0.10389069
0.04998603
0.00444049
-0.00434475
0.07935691
0.19183219
0.08875934
-0.03086063
0.02775720
0.08674945
0.00648903
0.13581438
0.11393184
0.05522881
-0.14346206
-0.11024939
-0.09300042
0.09656596
-0.00238974
0.17523796
-0.01109605
-0.00097145
-0.02065594
0.11834711
0.09713736
0.01719889
-0.04611221
-0.03460165
-0.03346232
0.06279298
0.09345749
0.15163293
0.09570184
-0.09936084
0.09273304
0.01165583
-0.06536913
-0.01851346
-0.01330456
0.00018093
0.01306326
-0.01249023
-0.04098619
0.11360763
0.13338564
0.05024591
0.00643766
0.13109044
-0.03399438
-0.02777885
0.00523334
0.09181734
-0.00939030
0.05062566
-0.00922931
0.02055587
-0.18232828
0.12874371
0.09278066
-0.09772541
-0.22812298
0.15272100
0.00544534
0.08608061
0.05465356
0.03812875
0.10818153
0.04387570
-0.15715817
0.06264955
-0.03137129
0.01787542
0.02024084
0.03163650
-0.05140726
-0.05267317
-0.09901434
0.10112058
0.00865815
0.04177588
0.09538710
-0.10655890
