0.07282975
-0.12079747
-0.00863984
-0.11024744
-0.00117234
-0.10411893
0.02852635
0.07362968
-0.03788627
0.01461883
0.07604330
0.05809401
0.00412301
-0.14683717
-0.03979165
-0.17657527
-0.03326279
0.07819115
0.04200872
0.21520023
-0.01710707
0.06274076
0.00964143
-0.08313563
0.00277160
-0.05056064
-0.08177317
-0.05346228
-0.01778305
0.23443749
-0.04690179
-0.06134719
-0.06417805
-0.00011747
0.10177924
-0.10295282
-0.21768387
-0.00759247
0.08836381
-0.21412508
0.06835320
0.11091171
0.01545251
-0.17378804
0.00177569
0.05004292
0.07377638
0.06287481
0.06503170
0.09980416
-0.10627503
0.09173859
-0.15582062
0.00473702
0.02898895
0.09716983
-0.08676066
0.01613227
0.11840877
0.03491483
0.06700571
-0.00281509
-0.05279846
0.08931079
0.05370954
0.09652316
-0.04023882
0.00485249
0.09274767
-0.09444160
0.05020091
0.04200575
0.13768740
0.17454260
0.11610649
-0.09980764
-0.14512632
-0.11899158
0.06426716
-0.04697621
-0.09506089
-0.01668567
-0.00925190
-0.12075875
0.00221296
-0.09665466
-0.07409094
0.08007062
-0.04746528
-0.06194887
0.13302237
0.09113717
0.03856460
0.02765705
-0.08048550
-0.06042274
0.06964139
0.00534119
-0.04798804
0.18363708
