0.11854019
-0.07453852
-0.07814659
0.19606298
0.04981312
-0.02624174
-0.08750682
0.09346957
0.02898151
-0.19179256
-0.07652121
0.25160388
-0.00099677
-0.16938952
-0.07522758
-0.03557173
0.05884071
-0.01378748
0.00860499
-0.00151287
-0.08135342
0.09935339
-0.03094381
-0.03925750
0.01651840
-0.00567133
-0.04418105
0.01076717
0.17900285
0.04585424
-0.05549508
-0.07366150
-0.02023806
-0.13350864
0.15466721
0.01730437
-0.09855624
0.01021737
-0.12228663
0.04933303
-0.01537272
0.00355883
0.03065318
0.07232182
-0.06859926
-0.12428015
-0.00880150
-0.06971252
0.03600200
-0.15711826
0.07273357
0.02595592
-0.09416516
-0.02687482
0.07097893
0.20555627
-0.02974229
0.11707191
-0.07290981
0.01752658
-0.01757798
0.02882463
-0.04219721
-0.12041243
-0.02293844
0.03724575
-0.04287761
-0.01561693
0.03405506
0.04568033
-0.06214582
-0.02273494
0.07375212
0.02802014
-0.11418610
0.13112685
-0.05223794
-0.05917894
-0.12059884
-0.00928743
-0.00870118
-0.02733871
-0.07112504
-0.14067239
0.25520064
0.12714262
-0.03041172
-0.00973192
0.03040405
-0.00102821
-0.04831762
0.07912609
-0.09643169
0.16580603
-0.14937072
-0.02739104
0.07392102
0.00998912
-0.12733021
0.07809261
