-0.11426273
0.09792455
0.17773161
0.02413641
-0.00607429
0.08334596
-0.14943871
-0.02305318
-0.17770225
0.03808218
0.00260298
0.02925579
-0.03803557
-0.16579637
0.08845097
-0.05813555
0.01599120
0.08462846
0.05099299
-0.07350295
-0.02308063
-0.01918802
0.08819649
0.11445845
-0.09441044
-0.09033574
0.01164244
-0.00010667
0.01791709
-0.09326715
-0.11920526
-0.00702517
0.11002459
0.05632890
-0.01052583
-0.03407731
-0.09980710
0.08009166
0.07610267
-0.01473037
0.03450787
0.02427733
0.08254354
0.14606919
-0.15653933
-0.02733142
-0.00716720
-0.11356612
-0.02582592
0.07233047
-0.06739484
-0.18690515
-0.09067830
0.02557471
-0.06778947
0.08429572
-0.04962117
0.02058252
-0.05304273
0.05619248
-0.14581975
0.14600750
-0.01944780
-0.01226750
-0.12679508
-0.00014484
-0.00625114
-0.10719952
0.05304579
0.17895178
0.10588273
-0.00559697
0.04960072
0.01905198
0.03739822
-0.18357394
-0.08060658
-0.02527915
0.05638894
0.03245313
-0.00907726
-0.19204609
-0.12674107
0.11906018
0.01223282
0.00155066
-0.02999519
0.25833826
-0.06087153
-0.01261532
0.04774145
0.11769822
-0.01161190
0.08596659
0.08848667
0.02329204
-0.11682197
0.07146397
0.00924628
0.13794445
