-0.11945259
0.07973172
0.17265909
0.01309363
0.01516245
0.10317526
0.04262564
-0.03922998
-0.05530065
0.03763604
-0.04633992
-0.12587737
0.01566696
0.04469435
0.05197726
0.11637042
-0.02458739
0.04802985
-0.09197525
0.23720083
0.04289017
-0.04278055
-0.04796058
0.06126497
-0.08089369
-0.01464855
-0.05630510
-0.01096122
0.08038090
-0.01144261
0.03580326
-0.10713143
0.11500551
0.02858159
0.10974658
-0.03614452
0.08630165
0.00339512
0.11223757
0.04197026
0.05794026
0.12701323
-0.01526757
0.04017186
-0.05543868
0.01610612
-0.27555122
-0.08341280
0.01298609
-0.11033895
-0.04876171
-0.09540778
0.02627414
0.01414017
0.02756517
-0.00739864
-0.08998273
-0.00795715
-0.15106984
-0.06090465
0.03393960
-0.14094688
-0.01393773
0.16844204
0.10104129
0.00792552
-0.01740407
-0.09357935
-0.00448132
0.01232646
-0.03233459
-0.02299655
-0.06297664
0.05307224
0.09043583
-0.16654430
0.02392542
0.05698074
-0.12307956
0.00196575
-0.04465162
0.00267299
0.13201742
0.08838869
0.18994871
0.08538642
-0.01652334
0.18278784
-0.04435000
-0.05264580
-0.06746687
0.17540592
-0.00770698
-0.03785705
0.11845768
-0.13199906
0.05609977
-0.00621802
-0.06422313
-0.07753902
