0.02818431
0.10354934
-0.08823208
-0.02857129
-0.04490616
-0.00662955
-0.04460062
0.07461563
-0.15269688
0.19909650
-0.13432706
0.09936531
0.11400793
-0.01640712
0.01772381
-0.04421232
0.07733153
0.03156875
0.02274967
0.08468644
-0.00836323
0.11834819
-0.00229778
0.06831875
0.00755492
0.05073063
0.01784274
0.05799901
-0.04133139
0.11803448
-0.03326050
0.03622032
-0.11187787
0.13599336
0.08334268
-0.02953676
-0.08730579
-0.03720625
0.03762836
0.04226198
0.06650072
-0.05431851
0.00410134
-0.01651204
-0.06066729
0.08242118
0.03547602
-0.03345552
-0.03928845
-0.00277094
-0.06847996
-0.08805805
-0.00691781
-0.03883776
-0.02871839
0.04406321
0.17278867
-0.08035270
0.18432771
0.01325430
-0.06662947
0.06397342
0.03862837
-0.05334134
0.01246833
-0.14121099
-0.25227168
0.02995912
-0.10670118
0.06252839
0.05938770
0.10029530
0.06363716
0.07598708
-0.02736662
0.22071617
0.02637800
0.03935961
0.12996946
-0.10277411
0.29860874
-0.11978733
0.14055772
0.13154718
-0.06576299
-0.19419626
-0.09001571
0.01576370
0.04577927
0.03110688
-0.04637358
-0.00574447
0.17630992
0.04230803
-0.02077474
0.00185169
0.09426655
-0.03127651
0.08241981
-0.07910498
