0.16213552
0.03941861
-0.02582589
-0.06143043
-0.22537084
0.01895425
-0.06631937
0.01965006
-0.12725253
0.06619385
-0.05641756
0.03433897
-0.06472020
-0.00592100
0.10236074
0.00578413
0.02735685
0.10580821
-0.03754305
0.03887718
0.09020690
0.09645531
0.05357866
0.22653893
-0.10762892
-0.07127613
0.02481213
-0.03834799
0.04158412
-0.11626583
0.00672879
0.07231170
-0.08542798
-0.02887760
-0.17093193
-0.07050543
0.02581514
0.10931874
0.10608924
0.02172302
-0.05106881
-0.12116081
0.06689072
0.03197754
-0.04749964
-0.02073613
0.00606692
-0.06473628
-0.05752896
-0.02400240
-0.04793506
0.11733151
0.01976688
0.04883632
0.18232719
-0.03126740
-0.02490291
-0.11131813
0.03969435
-0.04114034
-0.06362158
0.05523628
-0.11668454
-0.21818168
0.14178725
0.11282678
0.05692460
-0.15561751
-0.03427220
0.19340486
0.06923485
-0.06089646
-0.04729677
-0.03059586
-0.02578615
-0.08317601
0.16905842
0.08253095
0.03241163
0.12948321
-0.07994328
0.00405806
0.00863222
-0.09900100
0.05699700
-0.01671195
0.10766797
0.05892250
-0.04854812
0.12108757
0.09812735
0.07639585
0.07419973
-0.03244878
-0.12426030
0.05637515
0.07446668
0.08542610
-0.08865703
-0.04940199
