-0.05930421
0.09927509
-0.10824332
-0.07011560
0.04610487
0.02867464
0.07067091
0.08390882
-0.02970701
0.21401183
-0.01234256
0.07990536
-0.01216953
0.02339156
-0.13106683
0.03355086
-0.02668176
-0.13320324
0.02513723
-0.20886948
0.03467869
0.09170559
-0.05574024
0.03864630
0.02865054
-0.06016015
0.00777998
-0.10688873
0.06197223
0.08806374
-0.00263264
-0.04771296
0.17923607
-0.15583432
0.12959502
0.08015780
0.10162517
0.11809618
-0.22648865
0.04242436
0.00349569
0.00345158
-0.06534866
-0.14630538
-0.08715639
0.03358910
0.00538166
0.05313277
0.07050097
-0.10019739
-0.00134987
0.04552541
-0.07449496
0.13176249
0.07922002
-0.03414313
0.00831047
0.05598878
-0.05902228
-0.17008584
0.03873457
0.00636710
-0.10916561
0.12305307
0.04726983
-0.00458426
0.05137179
0.00891040
-0.05504994
-0.15453102
-0.03865319
0.03131450
-0.08882413
-0.09176658
0.12202829
0.06149119
0.06512001
-0.19376218
-0.04968602
0.10942063
0.03058862
-0.18438463
0.08004756
0.00805661
0.09492416
-0.15750146
0.08168688
-0.03850162
0.03995541
-0.18002604
0.04780750
-0.21524901
0.02872435
0.00051072
0.00574353
0.07764973
-0.03626279
-0.03697793
0.01758743
0.12572613
