-0.15844934
-0.17557713
0.09608112
0.05715667
0.02698119
0.09316328
0.00651144
0.01347788
-0.08428350
0.00091573
-0.10600000
-0.08580633
-0.04597455
0.01336519
0.15441047
0.03636968
0.03912631
0.05233729
0.11595636
0.05591515
0.00613394
-0.04171754
0.05753371
-0.16218307
0.00402038
0.09086825
-0.02195993
0.05556837
0.01661122
0.05635920
-0.04753859
0.16100246
0.03820785
0.01358429
-0.11469733
-0.01860714
-0.13926367
-0.02780132
-0.11841029
-0.00616220
0.01466298
-0.04667916
0.15730661
0.13187372
0.13620934
0.05690834
0.07514217
-0.06331618
0.01269844
-0.10812902
0.02310581
0.11003058
-0.10605292
-0.02012287
-0.14123620
0.05840660
0.11857300
0.11015540
-0.09880838
-0.06830547
-0.00984153
-0.03806455
-0.05082239
-0.24320323
0.06133480
-0.02258326
0.06679557
0.02548359
-0.28694058
-0.02902726
0.07572817
0.10068691
-0.03055957
0.05014432
0.02292611
0.08880956
0.18916548
-0.08780389
0.20229918
0.02066058
-0.07697568
-0.07806475
0.01134531
0.01329655
0.03958549
0.07967040
0.03483438
-0.09869704
-0.06648707
-0.07310818
-0.05688177
0.03421396
0.03282314
-0.02192008
-0.09622371
-0.03139100
0.05751709
-0.01248570
0.13875636
-0.07884063
