-0.03934965
0.05228879
-0.07570508
-0.05704674
0.02321186
-0.05099131
-0.11144699
-0.05026473
-0.06171723
0.06270512
0.02013508
0.04952898
-0.04171002
0.19203634
0.00989811
-0.08345017
-0.12008264
0.00894993
-0.03689195
-0.12264885
-0.04262345
-0.14769942
0.06191152
0.17634073
0.06715724
-0.02931988
0.12335233
0.02640339
-0.20131577
-0.01312114
0.00713997
0.05100659
-0.01490374
0.10648288
-0.12051713
0.22310934
0.12267724
-0.02238823
0.02612998
-0.07917236
-0.08444175
0.00690911
0.08942328
0.08399592
0.19337788
-0.02956082
-0.02023264
-0.24806637
-0.02799269
0.01325551
0.00342325
-0.05875700
-0.11679853
-0.03728892
0.19964197
-0.08428674
0.00024173
-0.10502391
0.10565077
0.07134851
0.01454682
-0.00431288
0.13416923
0.05241760
-0.00032041
0.01239877
0.13962255
0.04489365
0.02439198
0.05158311
-0.00894455
-0.08956468
0.03335081
-0.14718129
-0.06297576
0.09598062
-0.06301482
0.02450566
-0.01953007
0.02517195
0.03843061
-0.04544570
-0.19274897
0.09264292
-0.05061666
0.02583846
0.08796268
-0.09819962
0.11396439
0.06724140
0.01110279
-0.03255081
0.10933994
0.04044319
0.04829550
0.24430885
0.05031884
0.10673829
-0.00459827
0.16350849
