-0.05832198
0.03870826
-0.12926680
0.02959185
0.04577982
-0.01636126
-0.02622832
-0.08136404
-0.04197981
0.04421870
0.03043410
-0.08461521
0.03297543
-0.03601606
-0.10168815
-0.10438992
-0.07960261
0.04057954
-0.11946703
-0.08157939
-0.01162893
-0.18446584
-0.05624036
0.16090517
0.01490141
0.04192933
0.11299686
-0.23575544
-0.09116255
-0.16316324
0.13251269
-0.06228909
-0.00433046
-0.01977589
-0.04722240
-0.00591799
0.07268828
-0.01660152
-0.01493013
-0.10978761
0.07326718
0.21273928
-0.05579735
0.04859399
0.17498544
0.11434087
0.03915188
0.12290689
-0.15057098
0.00676380
0.13790850
-0.07210484
-0.09527121
-0.07021774
-0.07104516
0.02020559
-0.03684433
0.02571234
-0.03744673
0.04929880
-0.04083776
0.02815157
0.03834553
-0.10686420
0.06113144
0.02333188
0.09467193
0.08443306
0.14786615
0.04732594
0.09553357
-0.04725254
0.10457229
0.13060936
-0.04877396
-0.02560471
0.14953745
0.02296619
-0.18657432
0.19265073
-0.04980499
0.14881758
-0.02506959
0.04506008
0.14216496
-0.00425564
-0.18693752
-0.00288630
0.01034964
0.01915109
0.01956126
0.02032614
-0.01243795
-0.05329010
-0.12235420
0.11255976
-0.06584501
-0.10501741
0.06701121
-0.03763026
