0.07631107
0.08194007
0.07039895
-0.13442241
0.03706687
-0.09105644
0.07492598
0.07934395
0.08509061
0.15249686
-0.11969716
0.03246518
0.13239071
0.00267133
0.00229029
-0.05882152
0.09305491
0.02230403
0.10166224
-0.08660631
-0.06969905
0.00353415
0.01625439
-0.07959814
0.03100504
-0.02333556
0.10670058
0.00464463
0.02208468
-0.07507761
-0.14052339
-0.19501957
0.16856080
0.04995794
0.12464532
-0.01231541
-0.13102479
-0.09547279
-0.09915278
-0.20171589
0.05750463
-0.07982392
0.02492203
0.01216883
-0.05601198
0.10646119
0.02613058
-0.12844904
-0.00732253
0.02488010
-0.04211146
0.02809084
0.10681720
0.03721586
0.09257816
0.16118318
0.13951892
0.02947390
0.13679518
-0.12888031
0.00329612
0.05290910
0.02855778
-0.02280249
-0.17674197
0.00306312
-0.10485210
-0.05187865
0.06973170
-0.07131168
0.07072878
-0.06445077
0.16329235
0.08790823
-0.09348286
0.06215374
0.19040777
-0.22222194
-0.04087538
-0.10742138
0.02834492
0.07375584
0.01638485
0.00062152
0.02784387
-0.08925705
-0.08489435
0.06513963
-0.04530975
0.12652687
0.08512809
-0.08047675
0.03108207
0.06091186
0.01630779
-0.04937591
0.08725166
0.26079444
0.00593134
0.04376421
