-0.08734521
0.04728553
0.04411079
-0.04140282
-0.09437473
-0.22302050
-0.04475231
0.04416127
-0.01137717
-0.12877559
0.08989081
0.06931308
-0.01790428
0.00773148
0.00692692
0.01677709
0.07259334
-0.03388900
0.14944785
-0.10766528
-0.03028018
-0.07532386
-0.06261443
-0.15536791
0.10963993
0.00717445
-0.01193697
0.00904925
-0.06684800
-0.03479489
0.08439982
-0.00626082
0.04806267
0.06163845
0.09670055
-0.05031522
-0.07009322
0.03568770
-0.08867507
0.11056704
-0.10094962
0.10266860
0.15297084
-0.12118569
0.11118019
0.04881159
0.01087783
-0.02238109
-0.01746562
0.08304033
-0.06082357
-0.05735255
0.29065025
0.14968341
0.10225854
0.09010262
-0.00238645
-0.16360822
-0.01796658
0.07161481
0.06316126
0.15090033
0.11494694
0.04268336
-0.05189104
-0.02658581
0.04802463
-0.04429926
-0.04183029
0.13678665
-0.01258237
-0.14871865
-0.20623272
0.02306093
-0.04505658
-0.03737818
-0.01313151
0.00350180
-0.09584882
-0.00238392
-0.20650667
-0.08783275
-0.03707198
0.02608892
0.02612895
0.11914096
0.15822587
0.04184941
-0.07774103
0.05015414
0.11781818
0.10611430
0.00963833
-0.13690251
-0.12120623
-0.03443291
0.04896541
-0.05543496
-0.14755159
0.12424178
