-0.03483092
-0.20083186
-0.00105653
0.21948392
0.03093032
-0.10295272
0.03364132
0.07324312
-0.13295176
0.05294429
0.14353657
0.02293018
-0.03020440
-0.10194250
0.00704814
-0.10160112
-0.03337349
-0.04186019
-0.00475440
0.04678595
-0.04234185
0.00699818
-0.17224326
0.10073930
-0.09963863
-0.02821323
0.01707251
0.08994126
-0.08050634
0.00269577
-0.05907262
-0.10925255
-0.00365182
-0.01714180
-0.00409220
-0.10356762
-0.05170678
0.03348265
0.06980233
-0.02717953
0.20001520
-0.10215190
-0.13474075
0.16430157
-0.09321020
-0.01900453
-0.09964745
-0.11793708
-0.07773736
-0.01637044
-0.04499990
0.08715831
-0.04206157
0.12755261
-0.08265330
-0.15673996
0.02963799
0.13269548
-0.02339393
0.12416020
-0.02446792
-0.06358861
-0.12446591
0.10761246
-0.13023439
-0.03278788
-0.07832303
-0.07771151
-0.02851169
0.01440509
0.02372260
-0.08487110
0.03425111
0.05175908
-0.01409466
-0.02283924
-0.12153165
0.03119046
0.16544608
0.07529225
-0.01155781
0.05793940
0.01860294
0.05757697
0.01238886
0.00096090
0.15978513
0.01237927
0.06416375
0.07819502
0.13336521
-0.01564288
0.06316458
0.00659252
-0.04853925
-0.01027631
0.06073802
-0.07509127
0.15912614
0.18933120
