-0.07555409
0.19733051
-0.03294773
-0.16078701
0.09478935
0.00249347
-0.03556195
0.05164504
0.08868491
-0.06367260
0.01108188
-0.03104343
-0.05776894
0.04751869
0.07208547
-0.13691641
0.11093391
0.01487341
-0.02358680
-0.15873530
-0.02570292
-0.00695104
0.01037253
-0.04361911
0.09254373
0.15669149
0.12427465
-0.02303855
0.03353655
0.04064324
-0.06213575
-0.00114791
-0.05892997
0.00687067
0.16088936
-0.01869015
-0.07302424
0.13764602
0.08724482
-0.05250285
-0.07364744
0.14098932
0.00313481
0.01851231
0.03490338
-0.06286112
0.10881097
0.23514655
-0.24860576
0.01978250
0.09446898
-0.07952711
0.00896728
0.01704721
-0.05993245
0.07060663
0.12139872
0.02230672
0.03693999
-0.05461130
0.11176954
-0.00902065
0.04403439
0.11739274
-0.02970291
-0.01940457
0.00904926
-0.02231569
-0.12680274
0.04820616
-0.14405100
-0.03042368
-0.14073911
0.13005240
0.00853298
0.04786130
-0.02626504
0.15857131
-0.04036950
0.11508850
0.11523062
-0.05252218
0.04290540
0.01265103
0.21134877
-0.09935134
-0.15834233
0.03106299
-0.09689198
-0.05887307
0.03311980
-0.12971312
0.10709413
0.04211073
0.14213986
-0.03116295
0.09123802
-0.11181156
0.02406632
0.11226246
