0.03148651
-0.12617082
-0.03125015
0.29742466
0.03311173
-0.10543649
0.02307998
-0.06589215
-0.10005379
-0.09100271
0.01138924
0.07586946
-0.00708588
-0.12659052
-0.07454162
0.17354771
-0.06421826
-0.04453454
0.12294372
-0.13004744
0.06904406
-0.04278011
-0.07094357
0.09441314
0.01377520
0.03232181
0.03294071
0.02120865
-0.08373006
-0.11342518
0.05127332
-0.05323199
0.16405149
-0.02901123
0.03729705
0.18381171
-0.00453731
0.03489815
-0.01881601
0.14990700
0.02503458
0.11399782
-0.03510686
-0.15788612
-0.00298186
0.11774027
0.07394065
-0.02195369
-0.00029153
-0.09118440
0.06882608
-0.07946894
0.03252318
-0.11089580
0.00866714
0.15465925
0.01185012
0.04001094
-0.02661963
-0.12336786
0.12613381
0.14599843
0.03395848
0.03759526
0.03195071
-0.13632425
0.01300839
0.07124625
-0.12061596
0.10755160
-0.08516067
-0.00999638
-0.08488075
-0.03212551
0.09432168
-0.08851491
0.04181120
-0.01948542
0.02099607
-0.04102221
0.11910331
0.14908840
0.00609067
-0.18896884
0.00609993
0.13461962
0.01544423
-0.03555214
-0.00989923
-0.29376553
-0.02157532
-0.04548818
-0.03817094
-0.00618162
-0.13565276
-0.15522764
0.05802950
-0.06793245
-0.04771425
0.06937111
