0.03167851
0.07713044
0.01972599
0.00722051
-0.05198782
0.07163796
0.13867598
0.04049183
0.02616766
0.02004162
0.08804788
-0.02817576
-0.04361299
0.04528795
-0.02609673
0.07593836
-0.12464772
0.11293943
-0.06221186
0.02031237
-0.03983970
0.06076019
-0.12069912
-0.09087955
0.13899634
-0.08305390
-0.05946515
0.00530627
-0.06800934
0.01249200
0.10012954
0.00584841
0.14698394
-0.12344467
-0.02423721
-0.07442422
0.03137761
-0.10743046
-0.14982862
-0.03350916
-0.15454957
-0.07647322
-0.04660252
-0.14223308
0.04801746
0.02602274
-0.05340141
-0.11855701
-0.02344129
-0.01429236
-0.18502540
0.11132597
0.03708514
-0.14931359
0.16843251
-0.01307442
-0.12545851
-0.07885226
0.02236939
-0.12259782
-0.04032208
-0.00864317
-0.03618593
0.01734214
-0.06062760
-0.02133134
0.01624034
-0.18903933
-0.16333440
-0.09086121
0.00679952
0.01726787
-0.06225465
0.11175308
0.09647477
-0.01508053
0.28316777
-0.03110597
0.08373540
-0.00536626
-0.14687030
0.16006699
-0.09056090
0.00627817
0.16355646
0.05472825
0.03159019
-0.01238243
0.02087882
0.16094689
-0.03925052
-0.01886394
-0.03879226
-0.03508581
-0.01468672
0.05269683
0.00751099
-0.06477495
0.14066372
-0.07404344
