0.06252043
-0.10079265
-0.02936105
-0.15382731
0.02238013
0.07942078
0.03459647
-0.07090972
0.04349062
-0.04491477
-0.01361794
0.04119048
-0.13800879
-0.07543674
-0.03780205
0.02247395
-0.01911258
-0.01339161
-0.04090545
0.15503770
0.02713884
-0.08218213
0.03542493
-0.18087674
0.07710909
-0.18285362
0.05059498
-0.14216918
-0.01849971
-0.11122427
0.01927805
-0.05697634
-0.03767121
0.14628908
-0.08563066
0.07190259
-0.06494201
-0.03392841
0.10757073
0.04050411
0.03750191
0.09776170
-0.04981181
-0.01411311
0.03356915
0.01910057
0.07766964
-0.14903928
-0.07686970
-0.10682928
-0.13100551
0.04980793
-0.03749507
-0.08946723
-0.01692884
-0.14725651
-0.10361131
0.02645956
-0.14654136
0.12736801
-0.11136783
-0.00466530
-0.06139434
-0.01439175
0.03489201
0.10361706
0.10293182
-0.03610248
-0.01520630
0.02069752
0.14055548
0.07618448
-0.13881267
-0.06212766
-0.09531158
-0.07964630
0.06067706
-0.03976264
0.13551869
0.04453917
0.02720417
0.17746554
-0.03304324
0.03123800
0.05185663
-0.05447709
0.01581737
-0.12008871
0.08754120
0.16077874
0.02608653
-0.18535030
0.15936048
-0.10841794
-0.10751319
-0.07296826
-0.02278819
-0.11760392
0.25824405
-0.07892800
