0.01836047
-0.06044364
0.10148016
0.09364178
-0.15407754
-0.06481179
-0.04536375
-0.02568500
0.01062259
-0.05673939
0.04388809
0.04766640
-0.08531441
0.03806365
-0.11359350
0.08352414
-0.02165304
0.07290610
-0.10059356
0.07916767
-0.02797341
-0.00735529
-0.02751337
0.06796646
0.18253426
0.09073439
0.00298195
-0.07569578
0.00851020
-0.10101390
-0.00884535
0.09538952
-0.00885965
0.12077445
-0.05044199
0.04430372
0.03341860
-0.14177126
-0.05284303
0.10175294
-0.11520678
-0.01551711
-0.09864755
-0.09917932
-0.09330156
0.08334682
0.00066475
0.03788279
-0.05621625
-0.01262026
0.08474777
-0.13036331
-0.07680315
0.10333846
0.17156912
-0.08740207
0.04447932
-0.12625254
0.06659554
0.01347984
-0.10265124
0.05153538
0.12803696
-0.01595829
-0.09099084
-0.11319960
-0.12574681
0.04034556
0.03436523
-0.07934104
0.07634910
-0.10789560
0.15060282
-0.21544339
-0.02772101
0.07627631
0.00124291
0.00496859
-0.05149018
0.19899201
-0.04661120
0.07067575
0.12264570
-0.03440228
0.14668250
0.04494813
-0.15064732
-0.04771899
-0.01470375
0.06459287
0.07216511
0.07058118
-0.14651576
-0.15448991
0.13623968
0.08337803
0.04173572
0.15655933
0.18701266
-0.07819878
