0.07370081
0.01275499
0.04878909
-0.08119098
-0.12314259
-0.04685820
-0.09904197
0.04426009
-0.03455465
0.02049643
0.04461283
0.05965323
0.01180947
-0.01755164
-0.05347557
-0.16649213
-0.00698863
-0.04934793
0.04221438
0.06260552
-0.05304334
-0.11450954
0.04710034
-0.02346624
0.13862825
0.09465233
-0.01055742
-0.17147010
0.02495425
-0.06895596
-0.04425146
-0.05789276
-0.09243689
-0.13215451
-0.00288221
-0.02375431
0.15416928
-0.06227086
-0.07872104
0.01864775
0.08647832
0.13139687
-0.05182115
-0.03199582
0.03071608
-0.00239326
-0.05748123
0.06724281
0.01244670
0.08191183
-0.02111815
0.07588062
0.07299119
-0.02530769
-0.13268290
0.04530773
-0.00711464
0.12045698
-0.02574041
0.03932113
-0.00628983
-0.05870928
-0.00245378
0.04651977
-0.02731295
-0.05296290
0.06584251
-0.09160605
-0.13964348
0.01121053
-0.11786921
-0.15461586
0.01053584
0.05618583
-0.05974788
0.04405523
-0.13707305
0.00019407
-0.11741395
-0.09554176
-0.09319111
-0.23266074
0.07333125
-0.17650171
-0.00304226
0.03292695
-0.09288374
-0.00365135
0.21914961
0.10275929
-0.04372010
-0.07317745
-0.02821906
-0.09704007
0.05143167
-0.03633307
-0.25051183
0.13795155
0.01881854
0.08676381
