0.02438054
0.06190765
-0.12072391
0.00799878
0.17794514
0.00226940
0.00774170
0.08907064
0.06669418
-0.00827162
0.02832266
0.06999758
0.00058342
-0.09657286
0.10781363
0.02154142
0.00655207
0.10761378
-0.16900310
0.11443788
0.01615883
0.04780689
0.09033610
-0.15081784
0.18236863
-0.01273710
-0.21499355
-0.15533669
0.12043772
0.01704325
-0.00510266
0.02945910
-0.09236092
0.03454233
-0.04827469
0.02475145
0.15145500
0.05975405
0.13287187
0.11149838
0.00949039
-0.01615085
0.06727366
-0.11051926
-0.01228965
0.05125387
0.05268642
-0.05758034
0.02156193
0.00071653
-0.10945163
-0.08676680
-0.04104273
0.10109124
0.06860719
0.12531941
0.08332468
0.03180717
0.00300086
0.01947997
0.12369209
0.02541747
0.09690810
-0.00319544
-0.19785139
-0.02990865
0.01257973
-0.06293158
-0.00442408
-0.14234643
-0.06371684
-0.07574253
-0.02159501
0.04354310
0.05360170
0.09904520
0.09543811
-0.04122326
0.14523281
0.00883334
-0.09352736
-0.08923820
-0.09046791
-0.12173753
0.12263014
-0.02486868
0.09581316
-0.04859190
0.13519373
0.03285936
-0.08937864
0.07550233
0.05714246
-0.14756902
-0.13207539
0.01312455
-0.06644331
-0.04925384
0.07230823
0.02824986
