0.15941584
0.15608509
0.09132680
0.06892145
0.02023551
-0.01821418
-0.04372601
-0.06421637
-0.05915534
0.17165326
-0.20779421
-0.02081079
-0.04022891
0.09237387
0.02651013
-0.09723964
0.13052329
0.16033033
0.02883891
0.01195431
0.03833863
-0.04568524
0.14053935
-0.18746887
0.14923252
-0.07847972
-0.08297113
0.01631381
0.03448958
0.05543460
0.06125316
-0.13552662
0.07094879
0.06904762
0.07127582
0.01805022
0.03016016
-0.08534124
-0.00112282
0.08081553
-0.15088988
-0.03972732
-0.13392178
0.13511917
0.04611477
0.13105591
-0.03754529
0.05632121
0.06090895
0.10391871
0.02496125
0.05337052
-0.16518108
0.12397050
-0.04996631
-0.06881190
-0.16811067
0.00993597
0.00787807
0.03542507
0.06469067
-0.03045810
0.10844879
-0.04574781
-0.12215145
-0.04163494
-0.07003511
0.01609094
0.04331049
-0.11390662
0.02972829
-0.05171638
0.09151905
-0.07383284
-0.00875106
-0.05124944
-0.02609879
0.05302692
-0.07437051
-0.13967325
-0.09916793
-0.13608451
0.04794959
0.02058478
0.07439054
-0.07896476
0.03491488
-0.05839626
0.06145219
0.05737745
0.01964093
0.19404470
-0.10740340
-0.02161044
0.00064825
0.01892304
0.07520438
0.14473291
-0.06729120
0.01655238
