-0.14959828
0.00197065
-0.08121101
0.02483642
-0.20727863
0.01187085
-0.01438406
0.03005901
-0.04400695
-0.09021406
-0.01349521
0.01876172
-0.07376672
-0.09041942
-0.03647415
-0.14065772
-0.15104935
-0.15573190
0.02646446
0.01427338
0.00488256
0.26663508
0.03721087
0.05250403
-0.01571721
-0.13401238
0.10812003
0.09620329
0.03732445
-0.16822919
0.05671328
0.02778743
0.17613468
0.00523526
-0.05711749
-0.07748349
-0.02509527
-0.03615616
0.08899541
0.18685706
-0.10126556
-0.01569553
-0.01757975
-0.14756603
0.01448538
-0.04165979
-0.05047382
0.09759405
0.05445683
-0.06005152
0.07164224
-0.03051964
-0.05113222
-0.00129557
-0.08382893
-0.03345625
-0.04267326
-0.02336360
-0.00998013
0.16298222
0.06371405
-0.04054413
0.07770922
0.06800375
0.07875374
0.00409303
-0.11090842
0.05124397
0.03009881
-0.08234213
0.15460406
-0.02861159
0.06893275
-0.08390999
0.11620414
-0.02227640
-0.04383719
0.07025424
-0.01934095
0.14061883
0.15155293
0.01001865
0.20480424
-0.04935707
-0.06912976
-0.10538323
-0.10247525
0.03481898
-0.03404519
0.06282183
0.02524595
-0.05223560
-0.03675483
-0.07072385
0.01733081
-0.01972540
0.06831475
-0.25008138
0.15106028
-0.09282424
