-0.11606890
0.18337884
0.06412964
0.03534316
-0.15687049
-0.10240062
0.05354254
-0.02609743
0.10026012
0.16443112
-0.22957492
0.09770168
-0.02877816
-0.07069346
0.09969023
-0.11230243
-0.00351819
0.06882348
0.14514998
0.06689338
-0.07022517
0.16905614
0.03748060
0.03355647
0.04580982
-0.12136523
0.04381447
0.17425308
0.10201139
-0.03018619
-0.05286290
-0.18092561
0.07597925
-0.05484050
-0.08201929
0.06390918
0.03322553
0.00263164
0.07407757
0.06323254
-0.08611648
-0.11785694
-0.01693043
0.12546688
0.03310899
-0.08630615
-0.02724320
-0.21317982
-0.04104783
-0.13647348
-0.02970057
-0.08714834
-0.02110445
-0.13154565
-0.02108224
-0.00796411
-0.01559581
-0.08994417
-0.06057191
0.07302866
0.02480311
-0.11595852
-0.04456316
0.03120641
0.00846187
0.21356650
-0.11608572
0.10184218
-0.06965311
0.10853573
0.12860026
-0.00383949
-0.01401004
0.02587886
0.16568887
-0.09716665
0.07000668
-0.05978994
0.02492509
-0.04919670
-0.06592237
-0.16718916
0.13091805
-0.10141684
0.07848715
-0.03990401
0.04755805
0.04094384
-0.11085931
-0.01278591
-0.10578385
-0.06619196
0.01596803
-0.06317436
-0.09562446
-0.17684968
-0.02877132
0.12943158
0.12146741
-0.02013827
