-0.03672651
-0.05156309
-0.05064939
0.00782592
-0.10011842
-0.06924325
-0.01194524
0.03545048
-0.02027646
-0.00024315
-0.06243012
-0.15081247
-0.05984836
-0.05872604
0.14178416
0.10153754
0.05052321
0.12121041
0.00813075
-0.05639386
0.08508297
-0.06724373
-0.07738719
0.05376567
-0.05766135
-0.10330263
-0.07801213
-0.06317671
-0.13593690
-0.07357401
0.05224003
0.21460728
-0.05821499
0.05933907
0.17645288
-0.00156961
-0.03761706
0.02081137
0.02060541
-0.08154246
0.01127031
-0.05875195
-0.10876312
0.01174751
0.08912397
0.05925395
0.00017315
0.06966156
0.10697402
-0.01395676
-0.03249421
0.07054433
-0.00082998
0.18523438
-0.12846466
-0.14804147
-0.10535074
0.01375733
-0.00575880
-0.02360040
0.09278731
-0.01511460
0.05116624
0.16132530
0.11480396
-0.04834226
0.22004526
0.09635023
0.02296074
-0.10554891
0.16880300
-0.01106232
-0.01128612
0.00291229
0.02240550
0.21934900
0.13407350
-0.00796401
0.15755792
-0.03486330
-0.10574343
-0.04516595
-0.06017618
-0.01235952
-0.00680863
0.08189831
-0.06988408
0.09914926
-0.03037001
0.05073521
0.18226361
0.01347621
0.04971644
-0.06878374
0.02299763
-0.07817874
-0.01701447
-0.07014556
0.00896142
-0.08732402
