-0.20136322
0.01248147
0.08863975
0.15968630
-0.00684087
-0.02151409
-0.18150066
0.02377483
-0.07093532
-0.06811419
0.02894404
-0.01417112
-0.05444876
-0.10918454
0.00908477
-0.07797948
-0.06978698
0.03450167
0.11453107
-0.03263601
0.01429506
-0.04263470
0.00109026
-0.08859402
-0.08008996
-0.03473737
0.12473751
-0.06870244
-0.04183605
0.12560271
-0.09150187
0.05234280
-0.07317203
-0.00530083
0.01942447
0.05791652
-0.01618138
-0.05950754
-0.01959643
0.10505283
0.17049842
0.02900351
0.09978009
-0.07393076
0.02558156
0.10231951
0.00767108
-0.03419411
-0.10914792
0.15580812
0.01887970
0.06962213
0.14893984
-0.01458216
-0.07293261
-0.00679331
-0.14883686
-0.08668389
0.01374822
-0.01596582
0.15117608
0.06873536
0.01490792
0.03887923
0.02826783
0.02327763
-0.00330972
-0.08009041
0.06921227
0.02169656
-0.10050471
-0.06425517
-0.02599743
-0.08155462
0.01874347
0.00794112
-0.09239456
0.16428110
-0.17840210
-0.04154047
0.07434842
0.14927232
-0.09360183
-0.05434012
0.15929130
0.03115766
-0.08480709
0.02545448
-0.14096018
-0.13964152
0.05224007
-0.16370286
-0.03395167
0.10697642
-0.08223292
0.20614528
0.10356966
-0.14476844
0.08779168
-0.13188458
