0.04967238
0.05107426
0.02145282
0.07089716
0.05211113
-0.08021527
-0.14246018
0.04778854
0.01796331
0.05164665
-0.15465607
-0.06740011
0.02083081
0.14016804
-0.12483974
0.01366267
0.02286031
0.02977003
-0.08448617
-0.08512426
-0.05716487
0.00716074
0.05071836
0.21556227
-0.16659809
0.10330535
0.10873447
-0.01050522
-0.09877906
-0.03612542
-0.03504695
0.06025992
0.02544275
0.07465453
-0.00833542
0.06105384
-0.01016787
0.18682657
-0.07346436
0.07639233
0.23507915
-0.06058530
0.00735938
0.08017011
0.00941919
0.09943216
0.03086642
0.14248017
-0.02253880
-0.18012736
0.08226738
-0.03754133
0.00491280
0.06577991
-0.20216109
-0.03744551
0.06123043
-0.23769899
-0.11640521
-0.08509806
-0.05058304
0.06931145
-0.13844309
-0.01314889
0.06596534
0.04898345
0.00661991
0.05797455
0.16421454
0.01309408
0.16942759
0.18758253
-0.05017030
-0.04091212
0.06330712
-0.07833182
-0.17253047
0.02832166
0.04538318
0.02055395
-0.10026453
-0.04087699
0.10738485
0.01875869
-0.02014340
-0.05983117
-0.03785244
0.00309977
0.03169588
-0.07317641
-0.10378535
0.00456813
0.01699291
0.00356191
-0.06417657
-0.17301190
-0.01789789
0.09023278
0.18872382
0.05385260
