-0.11348759
0.06021587
-0.00862364
-0.15420282
0.03042393
-0.07676065
0.11237526
0.00434378
0.01907626
-0.06552387
0.04352420
0.00540108
0.01798892
-0.02665240
0.05354058
-0.20298504
0.01378753
0.08722930
-0.01586683
0.04811093
-0.04955572
0.01437570
-0.04859719
0.09528638
0.03910755
0.11450141
-0.00347516
-0.00493558
0.02607243
0.12053169
-0.19890252
-0.13951890
0.10541624
0.15757552
-0.01704080
0.11266119
0.18059841
0.01578606
-0.03790789
-0.03971097
-0.02131450
0.06646377
-0.01420086
0.16954011
-0.02826748
-0.05957186
0.04531365
0.01958203
0.03849036
-0.17424750
-0.01248286
-0.15258171
0.01542346
0.06366060
0.09816181
0.06266022
0.04028380
0.06453011
-0.00471522
-0.00320400
0.08491926
0.09048123
-0.03918139
-0.14956542
-0.19101139
-0.13502720
-0.08322365
0.03720808
-0.06456367
-0.00710133
0.03073985
-0.11535723
-0.07075580
-0.06236179
-0.06672304
-0.03655331
0.06550724
-0.04223056
0.05777890
0.02832122
0.01596580
0.08113992
0.17809919
0.12210801
-0.13181960
0.04409803
-0.10375947
-0.16733377
-0.10075236
-0.18157363
-0.09414206
0.11270142
-0.03965214
0.22308342
0.03252288
0.08355031
-0.01214927
-0.02326586
-0.06519006
0.01338278
