0.11457419
0.01433301
-0.01602851
-0.09772529
-0.01994662
0.09727257
0.00818754
-0.00098394
0.05293820
-0.07195537
-0.03651245
-0.11689090
-0.14924800
-0.03339235
0.08212553
-0.03900745
0.08351514
-0.07890011
-0.01014332
-0.06962764
0.04242235
0.05331996
-0.05084386
-0.08043045
-0.27132817
-0.13845926
0.08134297
0.18906211
0.03857580
0.00354070
0.05022397
-0.15561151
0.09919310
0.01716849
-0.07879204
0.00036604
0.00608724
0.00950483
0.08956469
0.01169760
0.01108633
0.13570406
-0.21309746
0.03697116
-0.13471118
0.02111068
0.14675277
-0.15929361
0.01041526
-0.07258475
0.07808077
0.02966865
-0.11309833
0.05745747
0.07509879
-0.08913208
-0.05504964
0.13139907
-0.03283597
0.08382304
0.14049527
0.08796739
0.13176160
-0.04209563
0.08373331
0.14262575
0.10878641
0.17028114
-0.15966763
0.07523571
0.01770582
0.02251853
0.10920242
0.00106129
0.05848981
-0.08272057
0.01673236
0.05381968
0.00385183
-0.04230596
0.09336851
0.14864734
0.04380421
-0.11125089
0.00252259
-0.00944634
-0.23782910
-0.02684643
0.05929063
0.06628382
-0.18946266
-0.02558994
0.07688623
-0.05940705
0.06421050
-0.09723617
0.08900605
0.13223921
0.07635860
-0.01672322
