-0.06432307
-0.06252830
-0.12308071
0.12899437
-0.20758116
-0.10942516
-0.16833682
-0.11391232
-0.23681117
0.05107904
0.00343046
-0.08744518
-0.11035220
-0.11179448
-0.02361933
-0.17151930
0.03449991
-0.00761928
-0.02903161
0.05532352
0.02932700
-0.02923716
0.00261135
-0.01131092
-0.05310215
0.09427527
0.10197094
0.00613962
-0.08709146
-0.09949447
0.02129084
-0.02244596
-0.06897700
0.01119801
-0.10048530
0.02887538
-0.13504559
-0.20813472
-0.01765334
-0.08328990
0.12987359
0.11643349
-0.05192147
-0.08200120
-0.01835523
-0.02681095
0.11750630
-0.02954333
0.10225464
0.10494628
0.21372964
-0.03218597
-0.04031354
0.14213947
-0.06263042
-0.15399578
0.00735653
0.04243317
-0.03078900
-0.02974663
-0.11560564
0.14613281
0.01708092
-0.04645625
0.03408279
0.07077560
-0.08891931
0.01910742
-0.04091588
0.14001806
0.01348050
-0.09539880
-0.00942070
0.03808970
0.17817706
0.00335622
0.04848230
0.10184878
0.04315539
-0.07377550
-0.01366192
-0.05579846
0.05994857
0.13065379
-0.00186115
0.08946769
-0.05910085
0.01351237
-0.01496867
0.13828292
0.02493480
0.06511947
-0.02894035
-0.05372689
0.03347975
-0.06942214
-0.11550553
-0.02562640
0.13564623
-0.03327772
