-0.05101281
0.04437435
-0.04298508
0.02117230
0.06910298
0.08206895
0.05222252
0.12235089
0.16437400
-0.16849931
-0.15793467
-0.08192406
-0.17740190
-0.03170798
-0.02987003
0.02223607
0.02540917
-0.06092695
-0.07221662
0.07044858
-0.03391406
-0.12175330
0.00091523
0.01812549
-0.03649618
0.05891957
0.02004787
-0.01889897
-0.00390996
0.04068333
-0.03919476
-0.09367186
-0.01381479
0.01146742
0.04523366
-0.00267476
-0.04061080
0.05295042
-0.01008053
0.07165810
-0.00797385
-0.00055870
-0.00815658
-0.08179949
-0.08230679
-0.08534965
0.15848036
-0.01777538
0.08350195
0.03100263
0.16509104
0.08231748
-0.10894577
-0.02905654
0.07917194
0.02558886
0.20113345
-0.00425233
-0.13779463
0.03943148
-0.08096311
0.00438945
0.09572290
0.02736411
0.02660580
-0.01751161
-0.01300128
-0.00915197
-0.24852994
0.03492007
0.08792699
-0.11522069
-0.13514010
0.05514144
-0.13385742
-0.14911912
0.07005555
-0.05809568
0.11053865
-0.11474401
-0.05455019
0.02146084
0.04877835
0.04152264
0.01700004
-0.02040507
-0.05143039
0.04266336
-0.03434802
0.03743650
0.09658064
-0.19972488
0.16022517
-0.05612252
0.11689225
0.13777048
-0.13042873
0.01571088
0.30777954
-0.01905735
