0.01632123
-0.14000180
-0.00756246
0.14348073
0.00879768
0.00370107
-0.06567496
-0.00275644
0.02078456
0.03814242
-0.03334954
-0.02115200
0.18102890
-0.20202064
0.19943466
0.03019670
0.08946026
-0.14886753
-0.05278143
-0.02487418
0.03781396
-0.14940750
0.04218996
-0.10849503
0.00592102
0.05835638
0.02925709
0.09684678
0.08999844
-0.05822683
0.02299491
-0.08447914
-0.11824035
0.08273014
0.00000446
-0.00491276
0.08150472
0.05318838
0.03132718
0.11184100
0.08317415
0.02144798
-0.06175613
-0.05828461
0.10663926
-0.14418599
-0.00218824
-0.17433377
0.09128846
0.07708467
0.00010395
-0.00633673
-0.22241007
0.05198866
-0.19612387
-0.20747080
0.00715046
-0.08484619
0.03680982
0.06055893
0.07672831
-0.06182751
0.04019899
0.00900214
0.07389594
0.04796183
0.08032045
-0.01180248
-0.01316788
0.09015019
-0.18997121
-0.04513768
-0.11366079
-0.03422405
0.05802749
0.07386527
-0.09079160
-0.04213947
0.01225754
-0.02610859
0.02699912
0.03577575
-0.08318954
-0.01581832
-0.19072613
0.10245812
-0.05627520
-0.10769018
-0.02271658
-0.12779934
-0.00186581
-0.05015419
0.19481280
0.10184121
-0.22335853
0.03947882
-0.12507017
-0.02281591
0.01470674
0.06688841
