-0.04083754
0.05133253
0.06426966
-0.00082945
0.18089186
-0.09258843
-0.04599347
0.00737005
0.00247892
-0.02107794
-0.04538571
0.07801554
-0.00571486
-0.07632923
0.16205435
0.08630078
0.14086172
-0.00253068
0.18125923
0.08701214
-0.17106714
-0.11971282
0.05521824
-0.01099273
-0.01360631
0.10168569
0.16104686
0.03701541
0.01204705
0.21296422
-0.00101026
-0.04262719
-0.05629860
-0.06960289
0.00772930
-0.08144707
-0.17582722
-0.12156523
0.04126979
0.10324803
0.11378014
0.21882377
-0.10255704
0.12910079
0.00772790
-0.04425763
-0.04034047
0.08416883
0.06147390
-0.17088548
0.09694818
0.07807656
-0.02235978
-0.09283915
-0.07281199
-0.11695158
-0.00475089
-0.03677213
-0.02951363
0.02094367
-0.02813040
-0.16057434
-0.05664485
-0.04951469
-0.16233734
0.08379541
-0.20498982
0.03993811
-0.02789237
-0.03446241
0.06127578
-0.02871767
-0.02146150
-0.08246167
0.10650993
0.09381866
0.06494494
0.05026283
0.06872938
0.06568448
0.03728650
0.05975898
-0.06708942
0.00277653
0.05207205
-0.06863908
0.00007232
-0.01774075
0.11745315
0.04470288
0.10354980
0.05891182
0.09548524
-0.00894054
0.01089479
-0.05943095
0.03666886
0.29086193
0.00923280
-0.00431378
