0.03433281
-0.11854836
0.09364778
0.07279265
-0.02702031
0.16053706
-0.12727702
-0.01651974
0.00997614
0.02030847
-0.14893385
-0.16976857
-0.10185677
0.00919308
0.00855559
0.07029125
0.13785741
-0.10392073
-0.00390031
0.09851907
-0.02515304
-0.06651511
-0.07355543
0.05472323
0.10020578
-0.13750148
0.01817707
0.03076417
0.05360320
-0.05637658
0.21652155
0.00702725
0.01754695
-0.10158772
0.00135533
0.09150771
0.02828267
-0.08988304
0.00374563
0.11467286
-0.16996719
-0.01934434
0.01346493
-0.05212702
0.07360137
-0.00963083
0.12884436
0.00371202
0.10076425
-0.07712278
0.00688635
0.03625684
-0.10010556
-0.09941808
-0.13217459
0.33684843
-0.00284843
-0.03677618
0.05713339
-0.00267158
0.01868117
-0.10057131
-0.01930093
-0.07698611
0.01316730
-0.03649924
-0.06077893
-0.03491833
0.08306739
0.05147415
-0.04124359
0.03552948
-0.03254771
-0.01909232
-0.04778319
-0.02059172
-0.12335160
-0.06945781
-0.07988249
-0.10396080
0.06771917
-0.00075504
-0.15942273
-0.06704967
-0.06917701
0.09794499
0.04436358
0.10713475
-0.08828238
-0.00956893
-0.09606910
0.09147860
-0.03472040
0.05522424
0.05738775
-0.03983873
0.06453157
-0.01094903
-0.01844528
-0.09891779
