-0.01226264
-0.00524040
-0.05678010
-0.00820261
-0.06275924
0.01711866
0.15003200
0.08342552
-0.03964417
0.01409604
-0.01546913
-0.04138832
-0.03038119
0.10767810
-0.05286204
0.01843542
0.05969042
-0.10008433
-0.14592177
0.07460095
0.03737355
-0.05170745
0.10945482
0.03068097
-0.03945452
-0.04271562
-0.04859959
-0.10592139
0.26444571
-0.22001524
0.02644828
0.00054740
-0.12406344
-0.01410790
0.03775192
0.09936513
0.01091855
0.05628625
0.16954981
-0.01053791
-0.05544509
-0.13829623
0.08218168
-0.04926159
0.13765799
0.00698489
-0.01301033
-0.05449089
-0.04985363
-0.12207420
0.05800759
-0.04061189
0.06182470
-0.16343603
0.03330544
-0.08837914
-0.15122050
-0.02271671
0.05951412
0.09973890
0.11916968
-0.03657130
-0.09270629
0.29310357
-0.05309772
-0.06807576
0.04585171
-0.10375510
-0.06437649
-0.14738303
-0.01926488
-0.10864022
0.03751482
0.01819227
-0.06935119
-0.03701699
-0.05509293
0.01627835
-0.06320737
0.02615458
-0.08179247
0.05655927
-0.01593356
-0.19740589
0.01839218
0.09109652
0.12185630
0.02209516
0.14246438
0.06663514
0.20280847
0.02560572
0.04618857
0.04198121
0.05369559
0.08007957
0.10260326
-0.09488902
-0.12454145
0.12859342
