-0.10508612
-0.04674338
-0.09174832
-0.14156761
-0.06400717
0.10542337
0.01853694
-0.03970612
0.10697501
-0.06325707
0.08874408
-0.07079058
0.02156458
0.07050356
-0.06614529
0.10554244
0.11798818
0.06230473
-0.04616164
0.02758024
0.13320995
-0.00155147
-0.13609357
-0.00891138
-0.09161315
0.06932817
0.00352444
-0.14577256
-0.02039946
0.12717849
0.07193049
0.05219490
-0.15009269
-0.05790501
0.10041651
0.04896746
-0.01209531
0.05591130
0.03746391
-0.10019531
-0.04026573
-0.20346535
0.14872770
-0.11894010
-0.06409751
0.04352102
-0.07537121
0.00486317
-0.06924564
0.01283649
-0.00609219
0.11480304
-0.08336053
0.11025593
-0.01854768
0.11321335
-0.02798286
0.15710998
-0.00532702
0.01194846
-0.13855586
0.01440634
-0.08537899
0.06425388
0.00674725
-0.05003240
0.14954753
-0.02549921
-0.07422308
-0.01172526
0.01980233
-0.07064916
-0.10101407
-0.13406413
-0.01116514
-0.08035199
-0.03172403
0.02700097
0.10032228
0.11319273
-0.00597301
0.06027825
-0.17219156
0.04603349
0.02485467
-0.03361340
0.07586688
-0.08949107
0.04802442
-0.03695845
-0.17231035
0.06731531
0.00865936
-0.11839907
-0.01921917
-0.00118857
-0.01386569
0.07875636
-0.04831549
0.10915300
