-0.04275713
-0.02512246
0.06309880
0.10849855
-0.02223174
0.13584339
-0.06510292
-0.04178845
-0.03474962
-0.05944559
0.07812034
-0.01680100
0.16627487
-0.00055036
0.16759885
-0.21822012
0.03249248
0.02545786
0.17378710
0.02350378
0.15977527
0.16997466
-0.05570664
-0.10692536
0.07706899
-0.07319692
-0.01411294
-0.05129845
0.00905317
0.05356116
0.06395852
0.01218109
-0.08503589
-0.07605723
0.02624987
-0.19615828
-0.10546946
-0.14061181
-0.02945083
0.04357466
0.21236329
-0.00037062
-0.09587785
-0.04073036
0.04114996
0.09176561
-0.04122661
-0.00041398
0.10649475
0.02009262
0.00721951
-0.02973109
-0.03454103
0.09501262
-0.04774498
-0.00424506
-0.09284079
0.05421856
0.02237693
0.03965226
-0.00241807
-0.06664316
-0.00766160
-0.11531772
-0.03040714
0.20719414
0.15017988
0.07792945
0.03933979
0.07422772
0.03497860
0.08367460
0.10828197
-0.09171271
-0.01715155
-0.00243825
-0.04985172
-0.08928135
0.11424109
0.05997210
-0.08179104
-0.09453437
0.03836407
-0.06186022
-0.10761169
-0.02222264
-0.07586020
0.07629877
0.20713876
-0.15275182
0.07521084
0.03793600
-0.07566459
0.08636043
-0.07977932
-0.16903296
-0.10087776
0.05192120
0.03684737
0.09004211
