-0.16465942
-0.14063261
0.02481101
-0.00808145
0.07084656
-0.04723843
0.04203246
0.06899004
0.17739791
-0.00795172
-0.01695124
0.00812361
0.00683248
-0.01573503
0.17263980
0.11404383
-0.04777436
0.07620083
0.11453765
-0.08593603
-0.09875132
-0.03180305
0.02118121
0.01100358
-0.00955158
0.01807927
-0.08780016
-0.08095655
0.03193741
-0.01827275
-0.03827522
-0.15772278
0.01932945
0.03502584
-0.12822948
-0.01851039
-0.00239653
0.07465668
-0.06818014
-0.05897528
-0.07506116
-0.16394032
0.00594759
0.02876878
-0.07399579
-0.08786170
-0.10863960
-0.01821191
0.09811752
-0.26039504
-0.20873163
0.09563735
-0.06615141
-0.00590129
0.10848396
0.14025315
0.00278608
0.06053252
0.01737263
0.04357763
-0.03403815
-0.13870820
0.05236007
0.05758747
-0.03708231
-0.05237720
-0.13389473
-0.04942901
-0.05510114
-0.03470714
0.15178523
0.03254389
-0.03710568
0.02741668
0.02694182
0.10716773
0.07976021
0.09158814
0.01508795
0.03358088
0.09775356
0.00817843
-0.14365791
0.01573318
-0.08670144
-0.00691630
-0.04439768
-0.06370159
0.10432147
-0.03532524
-0.00002224
0.00667468
-0.13164288
0.10753532
-0.01356274
0.07375725
0.02499569
0.10396249
-0.06827910
-0.15827170
