-0.01766695
-0.11239929
-0.01200824
-0.07375338
-0.01606849
-0.04321660
0.01311621
0.05455599
0.09888975
-0.03465410
0.11145224
-0.10767426
-0.03170871
0.04235014
0.14235428
-0.05416167
-0.08135760
0.10877842
0.05991710
0.03414040
0.07219565
0.15549194
-0.02661791
-0.01009067
-0.05147723
-0.00087511
-0.06539464
-0.07640027
-0.06401763
-0.08342098
0.17941174
0.06534868
-0.04238067
-0.08857665
-0.02365699
0.10380080
-0.11464517
-0.06475547
0.11455474
0.04991311
-0.18105703
-0.13417324
-0.02621533
-0.05575416
-0.13494827
-0.00113031
-0.00263710
0.02161983
0.07888508
-0.10962896
-0.09429031
0.09615625
0.00291890
-0.06858238
-0.10762369
0.06304039
-0.02304073
0.00759186
-0.08939023
0.16740298
0.10051075
0.01269766
0.03276229
0.06686659
0.11801071
-0.14628260
-0.14929196
-0.06418654
0.00770830
0.01202427
-0.08049439
-0.14760021
0.07360161
-0.03831105
0.00541680
0.03635377
0.13937562
-0.19432651
-0.00903303
-0.00595792
-0.03242642
-0.00234353
0.12173114
-0.14891040
-0.19292704
0.03865232
-0.20424065
-0.02809447
-0.07950691
0.20638981
0.02914031
-0.00534565
0.04465667
-0.11493649
-0.04750584
-0.07985749
0.05812827
-0.07999098
-0.02940534
-0.14767748
