-0.05288291
0.01946097
0.18075232
-0.12410367
-0.17214181
-0.07564242
-0.15520921
0.01581672
-0.00865149
-0.08512599
0.05311227
-0.13381660
-0.02368600
0.02485442
-0.02023282
0.00770797
-0.04098047
-0.05505472
-0.02580251
0.00145600
-0.05276167
0.00710414
0.08053263
-0.20416077
-0.04538462
0.00803267
-0.00677414
0.17418382
0.08389313
0.05271380
0.06861958
-0.09669411
0.06165317
-0.02902450
-0.18374204
-0.20162931
0.06987899
-0.06085128
-0.00221694
-0.03146838
-0.09741399
-0.05026683
0.03897383
-0.21006390
0.02865659
-0.08515479
0.08524750
-0.00502672
-0.01428612
-0.09103662
-0.10532473
0.10580317
-0.09830205
0.09637127
0.09846321
0.00857980
0.04741344
-0.03699989
-0.04905318
0.12109854
-0.24712891
-0.03837164
-0.02131549
-0.07329584
0.12920167
-0.00447774
0.04957884
-0.04338083
0.02932738
-0.22930555
0.11612220
0.06802237
-0.06852944
0.08882984
0.09451429
-0.11769868
0.06283955
0.02772562
-0.04983045
-0.00838036
0.17401749
-0.01699471
-0.06646905
0.05664347
0.09750690
-0.00529581
-0.02147419
0.10118695
0.15791145
-0.02132042
0.06778655
-0.17726052
-0.06585195
-0.06139173
-0.12978968
0.00377361
-0.07860884
-0.09634209
0.10398343
0.00844669
