-0.01734008
-0.15220181
-0.09134410
0.05859425
0.00043010
0.08465644
0.03887092
-0.12843888
0.11362255
-0.11349042
-0.00747940
0.01191037
0.03817418
0.13086019
0.09496362
-0.08953426
-0.08708434
0.09269976
0.05701061
0.01633794
-0.00400199
0.05375572
-0.04237662
0.19497190
-0.00397670
-0.00288742
-0.03369191
0.02117469
0.01290119
-0.08216230
0.08439930
-0.06162527
-0.08026173
0.04287812
-0.04267432
-0.02659448
-0.13220194
-0.05783985
0.05663156
-0.02012060
-0.00445918
-0.09067530
-0.15285535
-0.07564435
-0.04869277
-0.03976738
0.09636120
-0.02741372
0.11767652
0.13748869
0.01347271
-0.04814150
0.00974651
-0.03817867
-0.02042344
0.06465061
0.07061716
-0.11668559
-0.10180231
0.11400212
-0.04505107
-0.05025660
0.13780844
0.07070404
0.11238807
-0.04671221
0.14812659
-0.04038871
0.01078691
-0.07758396
0.01423054
-0.02637477
0.04211292
-0.10413994
-0.10442136
-0.08393824
-0.06869501
-0.07761989
-0.05057919
-0.14559494
-0.08108566
-0.18883252
-0.14810093
0.03858675
-0.10434135
-0.01222960
-0.06705866
0.07298849
-0.21295533
0.00122385
0.14047306
0.08204711
0.06071948
-0.03713142
0.30696002
-0.00883142
0.09357179
0.15565517
-0.02407318
0.00246433
