-0.01522266
-0.04327966
-0.02484828
0.05408833
-0.15814914
0.03876218
-0.12030126
-0.00898691
0.09359056
0.08722229
-0.07483961
0.02578397
-0.10737440
-0.00596049
0.10679590
-0.15655809
0.14642254
0.06105018
-0.11150292
0.14953771
0.05459451
0.07581150
0.02550851
-0.00370930
0.09778258
-0.09634127
-0.14344874
-0.01659076
-0.00385387
-0.08409558
0.01905987
0.05868089
0.08110505
0.11039473
-0.01391692
-0.03918687
-0.01183143
-0.03482091
-0.00716519
0.08552403
-0.00743944
-0.00022609
-0.11962813
-0.07728473
0.16450430
-0.03803013
-0.18874572
-0.02056380
-0.10277124
-0.06188540
0.03831863
0.11787829
0.09949972
-0.14265129
0.14748607
-0.13961534
0.14455755
-0.07488985
-0.02122390
0.22572773
0.05239755
0.15772854
0.02264751
0.20547452
0.02059295
-0.02867787
-0.17932391
0.11188307
0.04202766
-0.02083100
0.14294617
0.14487496
-0.08320143
-0.02485203
-0.11002990
0.07953683
-0.02300459
0.02940329
-0.03788762
0.07814114
0.02055452
0.03191010
0.11125239
-0.01347043
-0.19038661
0.07816712
0.03938247
0.04362459
0.04506400
0.06950864
0.10245388
0.00906036
-0.05789693
0.10811631
-0.03680746
-0.07590911
0.07504271
0.08310638
-0.04147931
0.09312431
