2.81870767
2.25647476
3.07412613
3.36535369
2.26972563
1.22570315
3.57697723
2.97893306
4.09958839
1.32509500
3.19257613
2.47885288
1.95963908
3.76259321
3.41543425
2.33287914
23.04194932
3.70217926
5.12375323
3.92358304
2.37430906
2.85360886
3.15721487
0.90095211
2.79335327
2.65446402
2.74774338
3.20006911
1.70029036
2.44794438
1.54130451
2.91441253
3.27421215
2.62539453
2.97618027
3.96861750
3.13104597
3.09769826
1.35740279
2.39917080
3.12132318
3.47403036
4.42552036
1.72119939
4.90996269
1.50015391
3.48337997
2.69149346
3.37710516
2.50834862
3.10030262
2.13540270
2.72642085
-2.51282852
3.33265902
3.94510986
2.06505533
2.50149917
1.61627737
3.19454783
1.67309562
3.49313357
2.21343996
5.30626421
4.19137224
61.96586883
3.59138334
1.97716878
3.62195060
2.62982206
1.46318406
3.54192159
3.25893396
6.93609934
1.69570179
3.33916498
2.89024691
2.30048634
2.28668742
1.63825088
3.08907086
2.30904400
2.30731693
1.54699790
2.89144053
2.68953563
3.68320986
4.67958529
2.22026519
3.74832147
3.63871502
3.25884851
1.97155096
3.00577301
3.67708139
4.07121447
4.38900172
1.77754445
2.24375784
4.40043465
