0.04925470
-0.17814694
0.02015382
-0.06648546
0.09391428
-0.07307429
0.00064550
-0.08007979
-0.05821244
-0.02221867
-0.01954156
-0.04482461
0.09637040
0.04698774
0.15844931
-0.02368426
0.09110161
-0.17929731
0.05453330
0.03172710
-0.03195889
0.05939014
0.07495882
0.08828091
0.03585464
0.05133770
-0.05756833
-0.09353988
-0.02285731
0.01593338
0.08122078
-0.06751870
-0.04180662
0.25405169
-0.05317541
0.16401429
0.08209234
-0.04764232
-0.00910094
-0.01837706
0.04044105
0.11664026
-0.13988585
0.17284796
0.06643147
-0.04688206
-0.01076271
0.02558735
0.02529617
0.10255963
0.09311235
-0.03063707
-0.01109720
0.06266898
0.01027760
0.09705477
-0.05865773
0.04028673
0.02462751
0.11887920
-0.11492018
0.00006384
0.00456903
-0.20002360
0.10660059
0.23993826
-0.01983106
0.02451560
-0.03968216
0.03282482
-0.03244131
-0.00869294
0.13820731
-0.07236244
-0.04918655
-0.00648379
-0.01131448
0.12293235
0.17349145
-0.08354882
-0.05475024
0.04445416
-0.03251583
0.17021074
0.13972071
0.04774616
0.04814064
-0.02890267
0.06522360
0.09629556
0.01209168
0.16468315
0.05727961
-0.00940467
0.03168412
0.09366084
-0.03400736
-0.00729941
0.20270398
-0.04047789
