0.09307032
0.07171051
-0.03318264
0.08636741
-0.11466608
0.13427577
0.11279215
0.00179938
0.03925729
0.09520555
-0.03185509
0.05301217
0.06679393
0.03615268
-0.13807205
-0.03262591
-0.19208570
-0.03722772
-0.07677213
-0.00933488
0.03668296
0.08067526
-0.01391542
0.00390183
0.09848851
0.12603716
0.02114936
0.08371190
-0.07094449
0.15411831
-0.06441978
-0.07460236
0.05230429
-0.00635015
-0.15420283
0.10472708
0.06757217
0.16014490
0.02865772
0.06852250
-0.11191800
0.18073516
0.23049963
-0.03706331
-0.06753093
0.09720813
-0.11034618
0.01493043
-0.01310401
0.08034630
-0.19136670
0.01199784
0.02545761
-0.17214588
-0.01543885
0.06115424
-0.12400158
-0.02916310
0.01913323
-0.05079382
0.15290905
0.07478712
-0.05625383
0.03223288
0.10971805
0.02412626
0.05413141
0.06251161
0.07184301
-0.12856735
-0.06578258
-0.03429979
-0.15526593
-0.13625958
0.03476222
0.03488508
0.08986862
0.03553515
-0.07452925
-0.00152829
-0.06964308
0.08428550
-0.14686047
0.08353602
0.04841373
0.07514270
-0.05624019
0.01916068
-0.00398843
-0.14685064
0.04711975
0.04301910
-0.07222789
0.12052761
-0.17156534
-0.03994757
-0.03798768
-0.06937140
-0.06453370
0.04695092
