-0.16663757
0.02791656
0.08351012
0.10816830
-0.04123495
-0.09285666
0.07429457
-0.00424423
0.00544677
0.11641877
0.17300858
-0.08290365
-0.04635580
0.00804179
0.06358581
0.12715002
0.05378013
-0.04059767
0.09495759
0.05508823
-0.01534937
0.05624665
0.01910945
0.17274673
-0.02376139
0.12002556
0.11238516
-0.05049865
0.06444683
0.08511240
0.15510526
-0.12283038
-0.07637312
0.01524107
-0.22415875
-0.14461000
-0.17130746
0.06629304
-0.05970579
0.28439265
0.07687795
0.07718193
-0.01514745
-0.02962338
0.07718660
0.11178169
0.13824191
0.13028221
0.10350433
-0.00234788
-0.00247550
-0.08328426
-0.01273579
0.03718849
-0.13179689
-0.03868777
-0.03861300
0.00888116
-0.03097108
-0.03060819
-0.12398739
-0.10977228
-0.12263141
0.02921258
0.04096016
-0.17743693
-0.10643246
-0.03498417
0.05145960
0.01980906
0.08152108
-0.12814464
-0.06215271
-0.12798848
0.00848839
-0.07717988
0.07221192
-0.16004183
0.00764330
-0.20484175
-0.08612677
-0.00745345
0.03771753
0.03146396
-0.16652803
0.04476675
0.07573742
-0.07563386
0.09625441
-0.05327275
-0.08031411
0.01771458
0.06222248
0.04380005
0.02820759
0.05604008
-0.02941425
0.06501742
0.05894824
-0.14779744
