0.04506659
0.12414161
0.00531992
-0.11098141
-0.07869522
-0.07239887
0.09943215
-0.04332765
0.00824791
-0.12024736
-0.01651209
-0.14664997
-0.06335721
0.06850470
0.15420736
0.04378583
0.00877070
0.09680603
0.06566591
-0.22088329
-0.16159576
-0.07516703
-0.07879775
-0.14433763
-0.06117714
-0.08399028
0.09923780
-0.05501857
-0.11509414
-0.03754639
-0.06178270
0.02364636
-0.02086152
-0.13399068
0.05234400
-0.03282769
-0.05412151
-0.07683032
0.07160712
-0.00982526
-0.14006066
0.19580135
-0.03082032
0.02444888
0.03200470
-0.11784604
0.11014464
0.02265029
0.01295727
0.12182505
0.01435007
-0.15534668
-0.00144856
0.10526049
0.10937708
0.02387325
-0.15274795
0.09889691
-0.00517596
0.01730835
0.11556823
0.03632787
-0.33573608
-0.15006572
-0.07468473
-0.11647207
0.01384216
0.01370646
-0.06251744
0.10548276
-0.07108348
-0.03117180
-0.06019617
-0.08085921
0.00492635
-0.12575012
-0.02815907
0.07489362
0.07340136
-0.17553228
0.03668527
-0.04130925
0.04063748
0.01552475
-0.02850981
-0.00120110
0.05483159
0.06548599
-0.06762048
-0.11972464
-0.03779769
0.09200174
0.03092101
0.03553795
-0.03991561
-0.06906099
0.18734421
-0.00948568
-0.00299885
-0.02468691
