-0.09185314
-0.04161653
0.07801262
0.03049126
-0.16882677
-0.03071467
0.17071498
-0.07008281
-0.25669707
-0.20160180
-0.11396274
0.06376666
-0.05786166
0.02133188
-0.01767678
-0.04318240
0.13533628
-0.13481116
-0.12547538
-0.02905314
0.08478793
0.10484064
-0.18630115
0.05151657
-0.07568690
-0.02761881
-0.18052785
-0.03660111
-0.08210741
-0.07161538
0.13281612
0.10609166
0.04874562
-0.11221030
-0.11427938
0.02673940
-0.18071756
-0.00903723
-0.07085374
0.03372837
-0.11143327
-0.01717916
-0.16545533
0.00611665
-0.02181485
-0.16075162
-0.01853562
0.00901264
-0.08288021
0.07411782
-0.06371789
-0.17371338
-0.03519675
-0.09033433
-0.06645867
-0.14084775
0.07460575
-0.12725373
-0.01281580
-0.02738746
0.04854619
-0.09123383
0.03635371
0.08274997
-0.02261062
-0.04030015
0.04065532
-0.01061913
0.17306285
0.01154865
-0.19052768
0.06329521
0.06134100
-0.10015005
-0.06082071
0.07399414
-0.09133999
-0.05343731
0.02004234
-0.10788842
0.02115764
-0.00544231
0.16013151
0.03972111
-0.05759020
0.08070045
-0.04608883
0.09668502
-0.14260199
0.09564548
0.03774413
0.05557493
-0.03886652
0.06780575
-0.00723820
0.02894543
-0.06121607
0.06898331
-0.00698512
0.07197408
