-0.01053338
-0.00128809
-0.02559594
-0.02997863
-0.00844500
0.06450493
0.08528351
-0.06238200
-0.00864089
-0.03576383
-0.07329535
0.13184142
0.01400801
-0.00757358
0.17243399
0.02406625
-0.00123015
-0.01732720
-0.02144742
-0.09080129
0.02156157
0.15711004
-0.20846110
0.09071314
0.07078712
0.11200533
0.03341362
0.01863146
0.07672629
-0.06692945
-0.25824377
0.01178806
-0.04131536
0.10077341
-0.14902869
-0.10222982
-0.00257737
0.02613623
0.07048638
0.03922867
0.07706170
0.00462657
-0.00204385
0.06919493
-0.02540001
-0.15635483
0.16587862
0.08042095
0.02290155
-0.03116648
0.02153019
0.08568441
0.09611333
0.09168503
-0.08128426
0.05252941
-0.04333637
-0.05645076
-0.15615389
0.05357730
0.10803394
-0.18601955
-0.09897802
0.16363805
-0.03991646
0.10771431
-0.05167539
0.10079936
-0.04934160
0.04773846
-0.09234222
-0.09505553
0.07404734
-0.01413492
0.01427762
0.04716957
0.16510291
-0.07223315
-0.12116151
-0.05942199
0.11284836
-0.09321919
0.00884839
0.08116583
0.19411884
0.02938798
-0.05281979
0.02507795
0.01716767
0.17131206
-0.13317353
0.12370666
0.12170053
0.09262317
0.02840369
0.08718393
-0.15648230
-0.05759286
0.09398210
0.11337674
