0.17404608
0.09281581
0.16567516
-0.04998098
-0.14005355
-0.03617229
-0.09923178
-0.10182527
-0.03479220
-0.13759820
-0.08326667
-0.01042830
0.00998857
-0.07282182
-0.02462262
-0.00300409
-0.03312909
0.06402986
-0.08327125
0.04148165
0.13749387
0.15285225
-0.04807200
0.04580479
-0.08974908
0.04289979
-0.15313212
-0.15800162
-0.08432213
-0.16804714
0.04580879
0.00647046
0.09049195
0.02812953
0.05955220
-0.09038492
0.07943551
-0.00253410
-0.06026013
0.10423763
0.06830301
-0.01717846
0.02533152
-0.03444165
-0.07756139
0.01918024
-0.02485304
-0.03570999
0.03316789
-0.04368528
-0.02994598
0.15263677
-0.20806226
-0.07015265
-0.11630687
0.18653516
-0.02349767
0.14997602
0.01634944
0.00565290
-0.10783148
-0.09829667
-0.00648849
-0.05707567
0.18934005
-0.10463724
0.12741842
0.03890710
-0.03120871
-0.09472984
-0.06848922
-0.06213123
-0.12363886
0.13963307
-0.07459083
-0.11147350
0.00155082
0.00183804
-0.12668744
-0.04345562
0.02228003
0.11783668
-0.03214983
0.08443294
-0.14824796
-0.03720535
0.01575126
-0.22147203
0.02056602
-0.05711161
-0.10180538
0.10763152
0.02695918
-0.06898363
-0.03372339
-0.13199878
-0.09643365
0.12506187
0.18369160
0.06951489
