-0.04602271
0.00788986
-0.00319909
0.15760566
0.00464220
-0.05138412
0.04913474
-0.10100451
0.04564551
0.02100349
-0.03287393
-0.05206644
-0.09964583
-0.15723229
-0.03549055
0.06505707
-0.05975737
0.13263825
-0.07435385
0.17919271
-0.05793701
0.00831143
0.12011123
0.10323872
-0.06341672
0.06182081
-0.09327478
-0.14278545
0.05534092
-0.14477530
-0.17896202
-0.00502614
0.11598573
0.10193419
-0.12513944
0.00312069
0.06720227
0.08151395
0.13063727
0.13277300
0.07167423
-0.11923274
0.00332318
-0.11550200
0.10321107
0.14581609
-0.16753007
0.06993316
-0.02869474
-0.04000661
-0.07441998
0.10575213
0.03207488
-0.00994949
0.03492462
0.08480916
-0.07278076
-0.06651671
0.05762934
0.13272473
0.10464305
-0.00967630
-0.11147241
-0.19609860
-0.07755564
0.09454759
-0.04596333
0.02374904
0.01781015
-0.18437671
0.10471789
0.16947280
-0.00325575
0.08358391
-0.06339070
0.04989882
0.17771850
0.10979465
-0.05858683
-0.08534415
0.00444584
-0.01983909
-0.00525116
0.10639496
0.01850983
0.13928285
-0.00359585
-0.01115214
0.06639278
0.03568006
-0.01756930
-0.13293283
-0.09344381
0.05163229
0.04548930
-0.12286651
0.01003662
0.04430836
-0.09837085
-0.08355308
