-0.11220545
-0.08770596
-0.12811794
-0.08284493
0.05415884
-0.02926761
0.01688504
0.07162582
-0.05912669
0.06711157
-0.01646590
-0.02627150
0.02926414
-0.01541352
-0.05130786
0.15067152
0.00429393
0.00192917
-0.03580687
-0.13020328
0.11091493
-0.08531059
0.01006407
0.00500919
0.10172216
-0.02242741
-0.07252339
-0.05011529
0.01215755
-0.01689630
-0.13040974
0.09162773
-0.04244562
0.22351490
-0.00132437
-0.02254908
0.00759458
0.01960913
0.04852675
0.23279001
-0.17218529
-0.08970575
-0.06061873
0.02729454
-0.03328984
0.04984093
-0.12321952
0.10234553
0.02347690
0.02923038
-0.10899893
-0.05276540
0.01455169
-0.06783611
0.07228497
-0.05630614
-0.06988925
0.04140610
-0.07937229
0.08593918
-0.13415526
-0.06492770
0.18028652
-0.07526512
-0.04134333
0.02461887
0.03156018
0.25952752
0.12404393
-0.04492987
0.05887447
0.12596108
-0.00436515
-0.21516901
-0.02721129
-0.11512366
0.05181865
-0.00960738
0.09296234
-0.08992171
0.10221910
-0.10299134
0.13408055
0.01592200
0.10573357
-0.12648213
0.07651959
-0.05266350
-0.13635539
0.11183542
0.03640473
-0.01400162
0.02022221
-0.04290493
-0.12066529
-0.18715333
-0.15210088
-0.04160691
0.05956355
-0.00930275
