0.01100763
-0.05967760
-0.03130980
-0.02428964
0.00999599
-0.00487705
0.08719899
-0.06979736
0.09625446
0.09201310
0.04678559
0.02497428
-0.10282971
0.06227398
0.00509721
-0.03396664
0.05197581
0.05621315
0.17006339
0.01643701
-0.12906025
-0.12682096
-0.10193459
-0.10353018
-0.04459536
0.07700567
-0.04924750
-0.05982125
-0.13163841
0.03487755
0.00883767
-0.02823857
-0.00081716
-0.03914273
0.04903161
0.17286531
0.03521896
0.09338202
0.04131944
0.00799206
0.18117673
-0.13714582
-0.04053328
0.11104136
-0.02039928
0.04359543
-0.03528546
0.11754602
0.07251650
-0.04336703
-0.02233659
-0.05030654
0.05475058
-0.19237811
0.07202113
-0.13508712
-0.17128970
-0.02248605
0.10575023
0.13578708
0.11141902
-0.11556376
0.07544161
-0.04408640
-0.20444456
0.09224713
-0.08989862
-0.10215797
-0.13947689
-0.02646209
0.10691049
-0.11769331
0.15058133
-0.04433276
-0.01716821
0.04065092
0.13036869
-0.06899308
0.15021351
0.04330056
-0.11301494
-0.12128927
-0.06060380
-0.04803111
0.15667034
-0.12232036
0.24348536
-0.22444343
-0.02247446
-0.03108859
0.02182622
0.03495818
-0.07242550
0.03379379
-0.13974802
-0.06955259
0.12315793
0.07592613
-0.08440785
0.12398557
