0.09010034
0.08844459
0.00300720
-0.04019086
-0.00987712
0.11049061
-0.10692036
-0.05037750
0.09312517
0.07551366
-0.04423130
-0.01846044
-0.01390628
-0.02458189
-0.21808312
-0.03814261
0.02758657
0.21882630
-0.13055340
-0.05672810
-0.03440710
-0.08410719
-0.06014063
-0.17175699
-0.01003434
-0.04628188
0.04775225
0.00512420
0.09513427
0.14466609
0.01087660
-0.11050687
0.02179052
0.12480779
-0.00852190
0.03459900
-0.08625273
0.13470916
0.03604572
-0.03768011
-0.14942250
-0.06137750
-0.09168602
-0.04396542
0.03095593
0.07402756
0.01389168
0.00747226
0.03343810
0.23682342
0.02969787
0.01256513
0.14083671
0.00799298
-0.06007017
0.08318031
-0.03194511
0.01803949
0.07821364
0.07211704
-0.14311273
-0.21083549
-0.06263338
0.14744801
0.02098248
-0.01354537
-0.01391453
0.09266603
0.02949881
0.04247025
-0.18659708
-0.01553426
0.00171273
-0.07676558
-0.00204846
-0.05376252
0.07764697
-0.05095042
0.11645500
-0.00380640
0.07993460
0.20394504
0.00596498
0.13340626
-0.09572759
0.16275077
-0.10786374
-0.00583682
-0.02917324
-0.10257258
-0.11675511
0.05769580
-0.12399957
-0.11966862
0.10076252
0.00015140
0.03389038
-0.08045238
-0.01756576
0.02739744
