0.12786695
0.05068036
-0.10824748
-0.20602915
0.01293030
-0.02109364
0.05149950
0.08487658
-0.01859015
0.01381719
-0.06698930
0.11155881
0.00481835
-0.04945922
-0.04248169
0.16885500
0.04717188
0.03904444
0.03128905
0.04219164
0.04385619
0.00059213
0.15894789
-0.02223472
-0.07832639
-0.03833040
0.10985686
0.07257639
0.10883496
-0.01988744
0.01401681
-0.16848697
0.08781341
-0.00998186
0.00520405
0.09411878
-0.02538691
0.04001034
-0.06666338
-0.04938958
0.05030182
-0.01966635
-0.14539508
-0.04994916
0.27019332
0.04576669
0.01997524
-0.03798340
-0.16896441
0.01259242
-0.28592978
-0.08575038
-0.13513083
-0.01980766
0.09970211
0.04791398
-0.04120131
-0.15104943
-0.04951298
-0.11009945
0.03988409
-0.05438401
0.13156679
-0.01090028
-0.14104987
0.00735831
0.06661878
-0.04605566
0.05736665
0.03150968
0.03570194
-0.03032521
-0.01185379
-0.01246882
-0.01193126
-0.13518760
-0.00169628
-0.11055063
0.01188184
-0.10832265
0.12655401
0.07624035
-0.05007250
0.19173150
0.10580709
0.07925124
-0.19248725
-0.11754501
-0.06521773
-0.03043147
-0.12179801
0.06083446
-0.04854197
-0.01535735
-0.05094103
-0.00819626
0.12742832
-0.16998784
-0.08928698
-0.04373177
