0.17463168
0.02321910
0.09102577
-0.10046063
0.10580532
-0.05225780
-0.03102380
0.06298986
-0.03748967
-0.20068318
-0.18278437
-0.12753709
0.05029168
-0.04586167
-0.03059099
-0.09902135
0.17293573
-0.02226416
-0.07426397
0.02379858
-0.14472008
-0.04808079
0.00911363
0.19240662
0.02750486
0.02885856
0.07168686
0.09572205
-0.04929916
0.03286185
-0.15604465
0.04369760
-0.10424596
-0.01491876
0.01897759
-0.07785565
0.11754420
-0.04746500
-0.05818378
0.06244216
0.12140893
0.01633816
-0.09691893
0.09592624
-0.06944671
-0.18648137
-0.09150364
0.14195313
0.18963719
0.01985048
0.00851242
-0.16390419
-0.16541492
0.06905295
-0.02299136
-0.07186197
-0.04808364
-0.04352989
-0.01142436
-0.10062307
0.01924679
0.02562570
0.07598354
-0.04624865
0.14629140
-0.03051735
0.04942680
-0.04211431
0.15720023
-0.04389466
0.08545587
-0.03281557
0.08700017
0.10046669
-0.01470922
-0.03075200
-0.05175081
-0.01756774
-0.03982749
-0.17312310
-0.02498659
0.02682853
-0.06930881
-0.05929735
-0.05587373
-0.00367756
-0.07535630
-0.11462147
0.14209023
-0.05132160
0.04987006
-0.10790208
0.18197171
0.00085264
0.10725776
0.07101324
-0.00076589
0.02898250
-0.05727563
0.01040682
