-0.07786241
0.02366416
-0.00930816
0.07801231
0.09435807
0.10691338
0.06364715
0.06220946
0.18718165
-0.11408511
-0.03415685
-0.16670464
0.09041892
0.00211753
-0.02943924
-0.16925686
0.01803999
-0.02554391
-0.13323952
-0.11383103
-0.07493913
-0.02461623
-0.16215102
-0.01789824
0.06055103
-0.03704481
-0.06864972
0.02990955
0.10828798
-0.04392258
-0.04589978
-0.14120875
-0.09615551
0.05958796
-0.01117759
0.07519239
0.06588245
0.03695722
0.07539806
0.14982899
0.05672897
0.04189320
-0.00422214
-0.12217293
-0.04966052
0.03204652
-0.10930523
0.04604456
0.03172803
0.00983682
0.02964521
0.00234298
-0.00216902
-0.00086132
0.09140919
-0.00889375
-0.25974895
-0.04781143
0.01927304
0.09438587
0.13575086
-0.09259019
0.07482915
0.02339878
-0.02049292
0.00243303
-0.00276268
0.01380391
0.02336590
-0.06604485
-0.10277269
0.09498032
-0.02161241
0.13911546
-0.09089105
-0.05843201
0.13977827
0.13843409
-0.10119921
0.02030987
0.13189437
0.13106877
-0.12636563
0.15916253
0.06507073
0.02235886
-0.02218475
-0.09500262
0.00934473
-0.02524889
0.22719465
0.01869182
-0.01705377
-0.00137969
-0.06026102
0.20375545
0.06264945
0.00736560
0.11047004
-0.00325804
