-0.09213558
-0.10620031
0.06082978
0.03609709
0.01397767
0.04551165
-0.00884436
-0.05089000
0.04144117
0.05550657
-0.09726219
-0.22002240
-0.06203266
-0.10944435
-0.08515570
0.09233741
-0.07173117
-0.01048059
0.27156230
0.00217869
-0.09406886
0.02069587
-0.13635506
-0.07200040
-0.05163410
0.00111770
0.11413952
0.01483269
-0.01844410
0.02157118
-0.11354594
0.03883731
-0.05942443
0.04642867
-0.03364586
-0.08587559
-0.16292786
0.01516115
0.04388365
-0.05485629
-0.12908379
-0.11034871
0.09745026
-0.06992827
0.02677549
-0.00150936
0.09423376
-0.05216206
0.00186456
0.16394668
0.06980418
0.20712908
0.02217472
0.06534852
0.10480554
0.09247089
-0.08829300
-0.19441866
0.05513648
-0.08044646
0.20151976
0.05143643
0.06666648
0.06883387
0.10920597
-0.02841612
-0.00622384
0.02105016
0.10016188
0.04663769
-0.04930770
0.09028820
0.02637738
-0.09478430
0.00295847
-0.10705227
-0.07025324
0.05632549
-0.18039732
-0.13520422
0.13253102
0.04006649
0.06110814
0.09896952
0.11864538
0.02853787
0.08020358
-0.07127583
-0.02805251
-0.03108286
-0.06455311
-0.04961496
0.04250774
-0.02182327
0.01461909
-0.03739769
0.00594772
0.09061059
-0.16275955
0.12893903
