-0.00886828
0.11694479
-0.10688501
-0.02516578
0.10715279
-0.11518184
-0.17508236
0.05238573
-0.04461318
0.16146131
-0.09847569
0.00303957
0.03545756
-0.00022078
-0.01524199
-0.10495683
-0.05335600
0.06751185
0.10549599
0.01406854
0.03504377
0.05370274
0.19391131
-0.05603680
-0.00846410
-0.11723261
-0.08749479
0.01341847
0.04694132
0.05248947
0.04279204
-0.09238266
0.05889818
-0.04758569
-0.02997567
-0.21976812
-0.10178824
-0.17806396
-0.03383835
-0.08984720
-0.04363023
0.02543817
-0.13387422
0.07180613
0.08833926
-0.01710624
-0.01900488
-0.01651166
0.05786743
0.00826250
-0.07250703
-0.07672866
-0.04711629
-0.05774519
-0.04256251
0.01427780
-0.05854399
0.08284745
-0.02890835
0.03645241
-0.03973181
0.06478564
-0.12344654
-0.14756815
-0.07078295
0.21616250
0.16105164
0.06944358
-0.01808324
-0.04556619
-0.02404410
0.02385853
0.14446861
0.06379371
0.13810652
-0.11235659
-0.21297836
-0.03447719
-0.11992564
0.02328817
-0.13193000
0.04200467
-0.04773590
0.03018387
-0.01600316
0.13384294
-0.10629286
-0.03128437
-0.14003684
-0.15803490
0.12660286
-0.03247065
0.00690747
-0.06137550
0.02952541
-0.01850162
0.01402215
-0.08881860
-0.03265896
0.14388416
