-0.04373872
-0.10753336
0.10661881
-0.08226223
-0.17831717
-0.07572912
0.13287251
0.02315167
-0.03358391
0.01870747
0.03556921
0.04010260
-0.01650835
0.20918356
0.09690194
-0.22681289
-0.08712050
-0.00297523
0.04552637
-0.02607453
-0.00419980
-0.02975235
-0.12053903
0.19502130
-0.01795887
0.21286786
-0.08151696
-0.02355031
-0.11985001
-0.07834726
0.08259919
0.06920506
-0.08016660
0.01382337
-0.04032678
0.07578718
-0.07044672
0.14246171
-0.14196498
0.02662348
-0.13854699
-0.06644777
-0.09849300
0.14182453
-0.01488197
0.02983526
-0.13203488
-0.08791360
0.03182754
-0.00944248
0.06049372
0.10595605
-0.08418805
-0.08887048
0.04176467
-0.01106303
0.00118113
-0.08109071
-0.08686156
0.04091291
0.14286191
-0.03173029
0.10147462
0.12542390
0.09816239
0.13885755
0.03285338
-0.14781549
-0.07543214
-0.01415296
-0.13295434
-0.04800120
0.11672342
-0.07146756
0.01858677
0.02575700
0.16896842
-0.02305934
0.05909541
-0.11275401
-0.08031948
0.02990200
0.04801475
-0.04323618
0.02515728
-0.06160177
0.05258373
-0.06431365
0.02301135
0.03227029
0.13120827
-0.10159218
0.01957379
-0.15808632
0.01161405
0.07181902
-0.09772144
-0.01878499
0.11250395
0.15161990
