-0.09212100
-0.01960876
-0.08707427
-0.16442462
0.12172324
-0.05135442
0.00326236
0.22542784
0.03646205
-0.00279551
0.07684281
0.02563851
-0.12870577
0.07833619
0.00089630
-0.00949431
0.08128504
0.02085867
-0.05845877
-0.12881167
0.06947188
0.08400880
0.02168236
0.00978665
-0.00957411
-0.01262151
-0.02240929
0.15294263
0.12381964
-0.03977795
0.07891729
-0.06185373
-0.07647295
-0.01304330
0.02211299
-0.06032678
-0.15354302
0.08538470
-0.04759494
0.00244922
0.06238176
0.00889591
0.00241735
0.03813905
0.05853978
-0.06150298
0.03755432
0.06472883
0.03763317
-0.16244866
0.12241176
-0.11098470
0.20752959
-0.07056309
-0.02342361
0.11621605
-0.14489336
0.04947780
0.07848564
0.05739010
-0.07757282
0.04855873
-0.10450270
0.03187797
-0.05886638
0.02019400
-0.08703136
0.04407468
-0.05248411
-0.09088269
-0.23539761
0.05020075
0.18546804
-0.05924915
0.15350523
-0.01970422
-0.08665297
0.00881619
-0.04355574
0.07408321
-0.09167218
0.01380522
0.03070084
0.01357513
0.03056915
-0.04518947
-0.15778263
0.03606762
-0.10088412
0.11880695
-0.03285962
0.09204083
0.18395287
-0.03620397
-0.06420109
0.11860286
0.03380831
0.00397752
0.01517290
-0.07884185
