-0.01635112
0.01154355
0.09476829
-0.00688438
-0.07573327
-0.05297694
-0.06705275
-0.11297047
0.12847707
-0.21727314
-0.00960349
0.01350790
0.02149716
-0.02224621
-0.15912253
-0.05671148
-0.10710532
0.07164824
-0.04098248
0.04956697
-0.00661227
-0.05825671
-0.07663358
-0.14449562
-0.08327956
-0.06369339
-0.01148607
0.04316869
0.02397756
0.08930870
0.00502369
0.10664016
-0.01896495
-0.03023343
0.08495002
0.03358931
0.01441962
-0.04699870
-0.01594791
-0.09159825
-0.02008143
0.02030846
0.16619760
-0.04605362
-0.04397235
0.02353091
0.01525649
0.00100978
0.01121255
-0.21357570
0.13693123
0.06440417
-0.04369037
-0.06821593
-0.07191818
-0.17499169
-0.02586096
0.12435604
-0.16293538
-0.18186108
-0.00251084
-0.14049089
-0.02992886
-0.07828714
0.04498882
-0.04493816
0.01269814
0.04382606
0.04218829
0.05040809
-0.03056665
-0.25733708
0.02628198
-0.09682637
0.05542207
-0.13821109
0.10671064
-0.09391815
-0.06834070
0.04149228
0.24439808
-0.09850640
0.18647886
0.05110693
-0.09305030
0.07963568
0.02311489
-0.04897090
-0.04554950
-0.21377011
-0.01675573
0.05530792
0.02756528
-0.03459010
0.11098827
-0.04130790
0.06417558
-0.12064749
-0.02011600
0.02983412
