-0.02385386
-0.02176950
0.05059885
0.03943256
0.25036680
-0.11216022
0.06323736
0.08783047
0.05484863
0.01656138
0.04996638
-0.22305649
0.06344085
0.03008578
0.07521691
-0.02675828
0.00511599
-0.00644966
-0.11809573
0.13025234
-0.16436126
0.00347712
-0.06005832
0.05942649
0.00596105
-0.17414666
0.11040592
-0.06046093
-0.11575211
-0.06195968
0.04843921
-0.02829046
-0.22336981
0.11597656
-0.02702794
0.07946254
0.08693267
0.03699943
0.00773411
0.11460814
-0.11507293
-0.05273733
-0.10315259
-0.03780643
-0.11906925
0.10602347
0.01369354
0.04302073
0.04821707
0.13517027
-0.05280168
-0.11137358
-0.08953280
0.04402019
0.01386587
0.02242362
0.01791965
-0.02387393
-0.13795244
0.01593677
0.12863820
-0.09498235
0.08104271
0.11044370
-0.06742176
-0.00213371
0.02102602
0.08815991
0.08782789
0.01030623
0.01090968
-0.04353699
0.01522143
-0.14177520
0.04218240
0.18473558
0.09028292
-0.11956061
0.10418698
-0.13343541
0.10168524
0.00445959
-0.11960504
-0.08809468
0.01604111
0.07706323
-0.06196195
-0.09031683
-0.05345437
0.05920902
0.07171421
0.00627114
0.11633108
-0.00959437
0.05018735
-0.07588289
0.02254699
0.01879036
-0.03662818
-0.02883236
