0.16472838
0.09627351
-0.08144445
0.12523158
0.05541006
-0.09614010
0.10695586
-0.17920632
0.02253855
0.17658829
-0.13288959
-0.07796865
-0.11915646
0.02666036
-0.16916882
-0.00888363
-0.14891949
0.00043017
-0.00139719
0.03181754
0.01467531
-0.14064948
0.05144238
0.08663160
0.00071498
0.16902817
-0.11342094
0.16451351
0.01000567
-0.12466704
-0.00714230
-0.06556597
0.01324102
0.13667750
-0.02037408
-0.23054157
0.05913964
-0.04004539
0.02682527
-0.00073396
0.07152067
0.07981662
-0.02576521
0.00535279
0.00884582
0.00152426
0.09188504
0.06230895
-0.05147865
-0.01025022
0.00375222
-0.05836799
0.07496576
-0.12100611
-0.00242658
-0.08673056
0.01332634
-0.01880736
-0.11985918
0.00942281
-0.06001738
0.01586434
0.08154898
0.10417890
0.00357583
0.01283071
0.03332877
0.01902387
0.15045496
0.00747421
0.17445598
-0.00682980
-0.03136069
-0.14172163
0.06215670
-0.00814897
0.05444273
-0.08165403
0.16019370
0.08406186
0.03862949
-0.03880019
0.04138623
-0.01729333
0.12566092
-0.12161866
-0.00538414
0.14105713
0.20836291
0.01575553
0.04540256
0.02207399
-0.12603354
-0.07300086
0.00646283
-0.05376773
0.00146981
0.06581139
0.08581166
-0.13182205
