0.02901816
0.02195922
0.20922891
0.11713650
0.04952632
0.09017098
-0.02079094
-0.14748906
0.09413686
0.01078280
0.13437556
0.08471598
0.07133087
-0.02905083
0.07399699
-0.03318019
0.02278947
-0.00542330
0.02733143
0.19731552
-0.01212020
-0.03373292
0.11069310
-0.05667171
-0.00295749
-0.10383049
0.02695534
0.04332861
0.04791053
-0.00033798
0.05147598
-0.04124549
-0.14533348
-0.04689274
0.06749471
0.12654631
0.07738455
-0.04688945
0.02933720
-0.09159250
0.05054102
0.03475390
-0.12826113
-0.02617906
0.13772728
-0.16850366
-0.05521024
-0.13227611
-0.08844295
-0.13915870
0.03108445
-0.07877473
0.00826989
0.05303452
-0.02705119
0.05281519
-0.01780773
-0.02423556
0.02878624
0.08243850
-0.02883460
0.13860720
-0.10469723
-0.17878058
0.01897884
-0.19530572
-0.24380990
-0.01364309
0.00961510
-0.03525743
-0.03032832
0.03824019
-0.04018030
0.00997442
-0.03527262
-0.04077215
0.14741091
0.15829366
0.01517907
0.06700511
0.10554467
-0.13339624
-0.20365298
0.09974996
0.00377683
-0.12133083
0.05809957
0.06156276
0.15917064
-0.01827055
-0.01758186
-0.09582278
-0.21755104
-0.05972064
0.09574555
-0.09094654
0.01953990
-0.12472744
0.12197055
0.10755927
