-0.01847657
0.04918486
-0.05795271
0.06167909
0.02400645
-0.06269397
-0.15548350
0.01933446
0.00420890
0.05125428
-0.08138898
0.06016389
0.13002442
0.02196692
0.13852368
0.01740786
0.14725585
-0.14964699
0.02676216
-0.03812557
0.04202117
-0.12532726
-0.12728854
-0.04704753
-0.11977944
-0.00644486
-0.05543893
0.02631062
-0.06600788
-0.08978388
-0.03220037
0.02219534
0.11047558
-0.02200279
-0.04523681
0.02582285
-0.03532938
-0.14033422
-0.06841440
0.06107333
-0.21961249
0.01230806
0.09736424
0.07189406
0.03739521
0.06685292
-0.05724630
-0.03022432
0.02295715
-0.04575650
0.10598104
-0.05806207
-0.02879278
0.08592063
0.13694677
-0.01661118
0.11601642
-0.09875950
-0.03734600
-0.01027523
-0.02364783
-0.08883920
-0.13883329
-0.02820627
0.14909219
0.10612894
0.02214644
0.09393835
-0.01648125
0.02600175
-0.01060173
0.02475303
-0.07998651
0.06444265
-0.16247889
-0.10866290
0.06056955
-0.00134513
-0.00543953
-0.14784834
-0.08632087
0.11169854
-0.01248095
-0.22869883
-0.00595114
0.10156475
0.13104080
0.00267629
-0.00667289
-0.07038743
0.07030037
-0.11128613
-0.13518483
-0.05175135
0.09276967
-0.08769856
0.02627597
-0.08103171
0.17697740
0.05035888
