-0.02762605
0.07761587
-0.18268591
-0.08784454
0.01452680
0.03568260
-0.08155622
0.01829102
0.01206616
0.00329598
0.07604219
-0.02886017
0.03085623
-0.04685993
-0.09209607
0.03348376
-0.33032725
-0.03951770
-0.05084428
0.03474774
0.02744406
0.09182907
-0.04534290
0.00596242
-0.03376776
0.14666012
-0.01108574
-0.07628315
0.13770264
-0.15108114
-0.05457607
-0.07942989
-0.05504974
-0.05051873
0.12027386
0.02386179
0.21911567
-0.04356390
-0.00652249
-0.00359532
0.10289862
0.01901452
-0.00475717
-0.01337516
0.11277514
0.03717366
-0.02332096
0.00967140
0.18756233
0.12827022
-0.03221101
-0.02381560
0.04336104
-0.07615317
-0.02093296
-0.09306438
-0.15807973
-0.03578385
-0.01005103
0.04441857
-0.00816280
-0.14746927
0.05181616
-0.06314436
-0.10510049
0.11168897
0.03962099
0.00437513
0.01401870
0.14302988
-0.04375828
-0.04921455
-0.13802513
0.09217328
0.04514353
0.03896374
-0.08556743
-0.03171964
0.01768057
0.04597883
-0.03190700
-0.16115705
-0.08070870
0.01944325
-0.01596364
0.13153797
-0.15189787
-0.12250974
0.02422265
-0.11106162
0.09320109
0.05396340
-0.01728596
-0.11056644
0.01040265
0.05940045
0.02962809
-0.03146687
-0.01548962
0.10677728
