-0.01627723
-0.06071732
0.02723881
0.03595388
-0.03531947
0.01326904
0.26802568
-0.00075850
0.07120763
-0.04636942
-0.05291958
-0.03466504
0.05659673
-0.08035403
-0.18575730
0.00533489
-0.04375048
0.02807066
0.00848171
0.07309394
0.09030020
-0.13289480
-0.15283852
0.05036877
0.03071564
-0.09415052
0.12404915
0.00330943
0.01238768
0.02746233
0.07560487
0.15283037
-0.02626298
-0.17350045
0.10159946
-0.09300524
0.12467854
-0.05909605
0.14952055
-0.08079904
-0.11153769
0.09593287
-0.13664547
0.06822842
0.04389167
-0.01436252
-0.03423852
0.20629483
-0.03754701
-0.01906781
-0.09410761
-0.08154933
-0.05850759
0.17137935
-0.03913946
-0.06917882
-0.04493398
0.07161599
-0.13190162
0.06286878
-0.13346187
-0.01311748
-0.18314573
0.05372605
0.06945946
-0.06892663
0.03183686
0.01632489
0.11620098
0.01287086
0.10420533
-0.01170627
-0.06499155
-0.00380760
-0.01998225
0.08838711
-0.00562842
-0.08433392
-0.01552304
0.11915622
-0.04159432
-0.06602611
0.09864474
0.01014802
-0.03636114
-0.07406724
-0.14835371
0.01537547
-0.03178090
0.03197145
-0.14601831
0.13251347
0.04884203
-0.15705376
0.10596988
-0.05890448
0.03029762
0.02200103
-0.08803937
-0.28685437
