0.09513513
0.00480849
-0.04151598
-0.07997823
-0.02265778
0.05683320
-0.14292476
-0.00644265
0.07374974
-0.13392014
0.06309554
0.06440310
-0.08315172
-0.14181766
0.04082849
0.07618762
0.05457172
0.07190751
-0.11142939
0.05503452
-0.05467274
-0.05291547
-0.14666156
0.10370760
0.01650131
0.09460218
0.14243031
-0.10719817
0.06061205
-0.00120278
0.08617974
0.10441325
0.07733909
-0.07706954
-0.01192272
0.02489858
0.29772845
0.11562311
0.21874720
0.03907130
0.01996762
0.05779820
-0.04974919
0.11703553
-0.01485855
-0.12947814
0.08208675
-0.14785273
-0.17384255
0.02718602
-0.08963457
-0.08584722
-0.01526562
-0.04608475
-0.02099983
0.02564547
-0.11014779
-0.11539849
-0.19790058
-0.03678496
0.06261638
-0.06619665
0.04725602
0.05093093
0.09338994
0.09326053
-0.06493139
-0.08076703
0.00456133
-0.06267026
0.13693803
0.13006671
0.00896773
-0.04026175
0.04814965
-0.06186151
-0.01178430
-0.05000273
0.00995276
0.10636031
0.06998730
0.10779806
-0.08622259
0.01694842
-0.09269211
0.03627462
0.03070084
0.12219251
0.10361532
0.06157396
-0.04760911
-0.04486802
-0.19338381
-0.04225798
-0.14621853
0.08764703
0.08501846
0.01303522
-0.03566939
0.01348549
