-0.01250417
0.18671464
-0.00490461
0.00450205
-0.11836447
-0.04293106
0.05251136
-0.11842069
-0.02805290
0.06237442
-0.00466515
-0.13226884
0.03298104
-0.08549483
-0.06383780
-0.07498067
0.00981924
0.02540645
-0.14762522
-0.12163677
-0.02885118
-0.12082936
0.16327583
0.08315067
-0.01429524
-0.08092908
0.00164762
0.09231420
0.02141708
0.05018261
-0.00614387
0.04060110
-0.04421954
-0.22289272
-0.00053479
-0.14257083
0.25000689
0.07131889
0.03191919
-0.03371653
0.11542939
0.00876506
0.13453492
-0.02029951
-0.03081822
0.05611629
0.08233200
-0.02836268
0.09956268
0.00211947
-0.01998108
-0.03656919
0.07485708
0.09908001
0.09277902
-0.00341135
-0.02159283
0.09406102
-0.03186530
-0.06098870
-0.08492026
0.10363565
0.10442545
-0.00081137
-0.02503064
0.05132662
-0.05101111
-0.03174502
-0.01117259
-0.03857487
-0.06036269
0.11643524
0.13443640
-0.18424234
0.03417097
-0.03024734
-0.14240028
-0.01907586
-0.08851236
0.00505391
0.01412150
0.04239696
0.16070040
-0.10416168
0.02534853
0.18820841
0.16178877
-0.01768729
-0.07531994
0.14079070
-0.00424369
-0.02258130
-0.02118065
-0.05987182
0.00099734
-0.10331997
-0.09310498
-0.06019906
0.06637361
-0.03639953
