0.16158245
-0.03964911
-0.10190585
0.14528419
-0.04067586
0.02959873
-0.05411943
-0.14588964
-0.08809713
0.12203111
-0.03860602
-0.01396620
0.02790191
0.10943782
0.01417213
-0.02403812
-0.07927527
0.05419870
-0.19420140
-0.10926705
0.06847428
0.04155648
-0.11873931
0.04993970
0.04365814
-0.11013373
-0.00667488
0.14898575
-0.04589480
-0.12531459
0.01476338
-0.05209141
-0.03335770
0.03814304
-0.00509920
-0.03547202
-0.09594513
-0.07627901
-0.09518106
-0.05627710
0.16371922
0.01373106
-0.05108704
-0.01189071
0.02281421
0.02567344
0.02963907
0.10141440
-0.03197920
0.03302393
-0.05752793
-0.17287246
-0.05318703
0.13186434
-0.03297544
0.09502940
0.05596602
-0.05554114
0.17793187
0.08122451
0.08393487
-0.08459109
-0.06017452
0.06011576
0.11157064
-0.00245321
0.15920085
-0.01188462
0.06677525
0.00031308
0.10173161
-0.03041664
-0.00291866
-0.14026528
0.02810804
0.00834495
0.04911005
0.03145075
-0.06224460
0.06175200
0.24273075
-0.05965273
0.08669757
-0.05372919
-0.08447878
-0.10441552
0.05350615
0.00309153
0.08124935
-0.01767025
-0.10930243
-0.01844535
-0.00685999
0.05694995
-0.11256384
-0.17140104
0.04266983
-0.07221465
-0.04563931
0.05118266
