-0.02384966
-0.10779284
-0.02897744
-0.00884090
-0.14985275
0.01959925
-0.08385962
-0.00961090
0.03428792
-0.09225899
-0.02939714
0.03570031
-0.18722571
0.10565153
0.24725288
0.09784217
-0.03220325
0.04371206
-0.10565244
0.19150963
0.09593549
0.08029558
-0.08932395
0.03262925
-0.05693631
-0.03176039
-0.05813110
-0.10460699
-0.09267625
-0.02140588
-0.17325460
0.06196469
-0.01201338
0.07130220
0.02749947
0.05040869
-0.15125256
-0.10404923
-0.04558572
0.01118327
0.11511149
-0.02957119
0.12865624
0.04848506
0.11973949
0.01294639
-0.06698380
-0.15107695
0.01585717
0.08347801
-0.02983890
-0.05515081
-0.03147610
-0.11183345
-0.05027843
-0.01843227
0.00467500
-0.00650477
0.06234556
0.01114850
0.18499804
0.03182101
0.18402699
-0.07374582
0.05369864
-0.02654106
0.06120410
0.06057061
-0.22293620
-0.13533533
-0.14695833
0.04098115
0.14993497
-0.03332937
0.08284282
0.05563561
-0.10724821
0.04053472
-0.07668019
0.15463286
-0.00332122
0.16684352
-0.04334858
0.06011196
-0.00640361
-0.20620466
-0.10016034
0.06246550
-0.00559743
-0.11409121
-0.06387972
0.02544647
-0.10127067
0.09942797
-0.06534123
0.18447254
-0.11012758
0.02031386
-0.15511826
-0.07379779
