-0.05192796
0.06094454
0.13553747
0.15908675
-0.08713729
-0.11964287
-0.04302496
-0.05415402
-0.06393680
-0.07337261
-0.04674850
0.17366091
0.03365236
-0.08525343
0.09335285
0.06766282
0.04907262
0.00852329
-0.03818963
-0.04313412
-0.07996000
-0.06821793
-0.19018512
0.05606509
-0.06550725
0.01372296
-0.05981510
0.00756622
0.06400856
0.02862208
-0.01590958
-0.15841843
-0.01195229
0.01858725
-0.06894215
-0.10845675
0.00951164
0.16336312
-0.04497471
0.18694410
0.03599609
-0.01981800
-0.02315619
-0.03084955
0.00870915
-0.11873592
-0.07328169
-0.11058792
-0.01161823
-0.00631350
0.03740291
-0.02414015
-0.02989875
-0.16725129
0.11692366
-0.17686645
0.18697818
-0.05684078
-0.09824604
0.04854736
0.11342922
0.08442776
0.04010962
-0.00414648
-0.06502263
-0.00794181
-0.00299549
0.00518893
0.07371182
-0.05148733
0.09496178
0.01292110
-0.11673865
0.05460271
0.08147405
-0.12179445
-0.01461449
0.07521167
-0.06201867
-0.00142840
-0.05536268
-0.10170304
-0.01184978
-0.14649971
-0.03643513
-0.00186561
-0.01245616
0.02901459
-0.06685758
0.11551269
0.01834371
0.13824253
-0.18469819
-0.08177450
0.01867747
-0.09446488
0.07290893
-0.21543915
-0.07259422
0.09382961
