0.07018895
-0.06783078
-0.00879418
-0.09088005
-0.11243341
-0.16780643
0.14516912
-0.18553937
0.21506900
0.06976914
-0.19310068
-0.00825068
0.08079774
-0.06285936
0.07266157
-0.09476246
0.00896712
0.13913994
0.03417327
0.11314063
0.00598393
-0.06212267
0.04689570
0.00490276
0.19451282
-0.07484231
0.00903917
-0.13347883
0.14857023
0.06030823
0.12940369
-0.02312390
0.04113065
0.11883492
-0.02678443
0.05197829
-0.12836104
-0.02676785
-0.01091641
-0.06392319
-0.14400610
0.02626087
0.02193419
0.05683891
0.08844086
-0.07985819
0.02395073
0.01324225
0.10935495
0.08444308
-0.07157739
-0.16574398
-0.07413437
0.09030470
-0.00067415
-0.01860270
-0.06362348
-0.05707443
0.04229772
0.06922905
0.04624218
0.01643841
0.10674973
-0.01647311
-0.00148711
-0.08944549
0.01831870
-0.01346686
-0.09313059
0.05070280
0.02465482
0.18824523
0.04718526
0.04728506
-0.01610853
-0.09975487
-0.10832921
0.03089821
0.14005598
0.03449881
0.08704472
-0.04475772
0.02863310
-0.02408949
-0.07233857
0.06794748
-0.02561913
-0.29375646
0.17667452
-0.02728124
0.03497214
-0.04149265
0.01428716
-0.02385747
-0.00561115
-0.03971270
-0.10078184
-0.04189395
0.02686256
-0.01778613
