-0.00726159
-0.04336831
0.04031263
0.10386560
-0.05881945
-0.04847748
0.09212622
0.16519789
0.09199842
-0.13261234
-0.00660797
0.03038068
0.00703567
-0.05109358
-0.16960336
0.11658513
0.10254328
0.06986601
-0.03649294
-0.12697538
0.05636727
-0.08319488
-0.02315809
0.12071451
0.09288047
-0.03179128
0.03537629
-0.06402478
-0.07575049
-0.01913566
-0.12431459
0.18240540
0.04867071
-0.07364096
-0.00067543
0.09277744
-0.01678537
-0.02220296
0.07513118
0.14262657
0.08391808
0.01311692
0.05124685
0.00224294
-0.04330215
-0.06360443
-0.07584547
-0.08181921
0.00105045
-0.15343281
-0.01236761
-0.14617066
-0.02592496
-0.08889356
0.01408636
0.09400180
-0.16227637
-0.07231567
-0.07235040
-0.04450176
-0.01872248
-0.08974028
-0.02475544
0.09594465
0.01391355
-0.04820698
0.02950310
0.05253840
-0.17161458
-0.01688956
0.19190753
0.00554046
0.01688343
0.15226269
-0.11639053
0.08240171
-0.02968561
0.02395704
0.05821418
-0.02006427
-0.06143539
0.06201599
-0.01188717
0.01049939
0.05761539
0.08706139
-0.02397759
-0.09401219
0.04116243
0.12659632
-0.05988826
0.04824355
0.13661544
-0.00703397
0.03193105
-0.01065271
-0.08932683
-0.07736148
-0.11888399
-0.01623939
