0.04160154
0.14189531
-0.17477638
0.06670994
0.02466419
-0.10118128
-0.03354882
0.02651028
0.27687546
0.21428287
-0.10444637
0.23482466
0.05612754
-0.00487882
0.05530263
-0.01585908
-0.00960556
0.11526410
0.10902286
0.10965407
0.05195653
-0.09342829
0.05549574
0.12613809
0.03782775
0.08005850
0.05624213
-0.02347849
0.02273806
-0.06091535
0.06873887
-0.08875359
-0.08270296
-0.06263428
-0.22781152
0.11129347
0.02516135
-0.05841195
0.10602570
-0.13242715
-0.00791092
-0.01868176
0.02469835
0.02420717
-0.06691936
-0.00232519
-0.01275738
0.04856832
0.08459051
0.08582909
-0.06682441
0.00598559
-0.09394129
-0.08615619
-0.00052996
0.11858598
-0.05955225
0.02873512
-0.01745440
0.08645449
-0.08426544
0.00251911
0.04275131
0.08515879
0.11948210
0.00664885
-0.11541055
-0.05743498
-0.08213900
0.18186466
-0.04763168
0.05788181
-0.01488822
0.06875549
-0.05917957
-0.10849939
-0.11005514
0.03777359
-0.01372425
-0.01516947
0.10981793
0.02256110
0.01530546
0.12284689
-0.06224488
0.05390073
0.06461425
-0.01885725
0.01668729
-0.09020620
-0.08882188
0.00811459
0.05588380
0.20005022
-0.05160011
0.01449458
-0.00638294
-0.14956603
-0.03396464
-0.13886177
