-0.01283438
0.09064074
-0.09872631
-0.01994177
0.06888820
0.07357060
-0.07891207
-0.03155981
0.02572114
0.03168858
0.08593651
0.07362296
-0.13365145
-0.04525039
-0.00321190
-0.04523345
-0.09591662
-0.04852453
-0.11578459
-0.13414311
-0.06311866
0.08784209
-0.03211650
0.12657749
0.01247184
0.02815903
0.08589479
-0.10500295
0.10558077
-0.00048063
-0.04044994
0.00384389
0.04848219
0.00799169
-0.04565168
0.11130327
-0.10313569
0.00918989
-0.13119464
0.02181096
0.01007357
-0.01193171
0.07586275
-0.09191484
-0.15429158
0.12774817
0.31115346
-0.04565399
0.03096627
0.05269016
0.07316822
-0.07383322
-0.04831418
0.02901577
-0.07000415
0.07189752
0.11361976
0.14573339
-0.10326943
0.13222353
-0.06714826
-0.09056113
0.04941614
-0.03859357
-0.06962673
0.03397191
-0.06977241
0.00063990
0.01310308
-0.01912022
0.00618490
0.02184784
-0.03354996
0.13250199
-0.05904884
0.11973953
-0.03028917
-0.05578261
0.04745073
-0.30004208
-0.07463393
0.14939139
0.03842778
0.05355234
-0.11048138
-0.04897793
-0.04421364
-0.08596578
-0.00244092
-0.02979937
-0.12343950
-0.15354760
-0.09883502
-0.12239274
-0.06707285
-0.12740423
-0.01940157
-0.03980978
-0.04184741
0.04120945
