0.08759178
0.00052126
-0.06001952
0.08119321
-0.04547894
0.14091853
-0.05953712
-0.05618464
-0.05947117
0.03369955
0.12345430
0.03459089
0.07303454
0.11874729
-0.01213981
0.08973482
-0.01177701
0.19864341
0.02462130
-0.05159949
0.00950030
-0.06932890
-0.14417741
0.03308739
0.02202724
0.06186509
-0.07992829
-0.07615968
-0.04642247
-0.09513489
0.25458806
0.03514513
-0.06178234
0.04013873
0.11630696
0.06409712
0.08671027
0.04547601
-0.14256804
-0.07188194
0.10025559
-0.01873780
0.02451911
0.05249296
-0.09662116
0.01798368
-0.04112871
-0.13944847
0.03719779
-0.07984568
-0.04756551
-0.12668321
-0.05703722
0.04157747
0.14865629
-0.10703860
0.03266534
0.04950974
0.09875355
0.11917704
-0.10461043
0.00580558
0.11641720
0.05156416
0.13243042
0.11507345
0.22171121
-0.24784053
-0.03139133
-0.03203296
-0.13466729
-0.04930627
0.13453584
0.00560885
0.09086635
0.15465369
-0.02745793
-0.03874767
-0.12459264
-0.02623083
-0.06760620
-0.02074326
-0.02133899
-0.06889943
-0.10828102
-0.03572725
0.00138353
-0.08472583
0.03332001
-0.01363376
-0.02465673
0.08624521
0.21815282
0.08018264
0.06079520
0.00044649
0.01227713
0.05500017
-0.05230905
-0.14118827
