2.29882812
1.43334006
1.21346592
2.48189091
27.33536863
0.48201867
1.94419773
1.96408328
0.27953247
1.47020400
1.26470003
7.96262225
1.32000830
0.84413615
0.92771568
12.85501971
0.00000367
1.18967040
0.01458890
1.92421641
3.18801721
1.02867955
4.05700045
0.85384032
2.31932187
1.14736557
25.74499981
2.46179643
1.78726782
5.74703325
2.49107152
1.58334619
1.13591076
5.75287380
2.34276340
1.25597451
7.25689495
7.48821968
10.48259061
2.22242971
1.43167668
0.75806013
0.05171268
2.45700312
0.08449760
0.35722605
0.62470164
3.91957491
3.57105523
27.84604747
5.43698669
100.62546644
1.66568409
5.93389911
1.64899647
0.23550871
7.98381755
3.89324588
2.29421853
2.75944859
1.13841090
1.68380361
16.69750892
0.00718558
1.16126533
0.00000007
0.51537925
43.88090644
1.36161689
31.89021291
3.92582282
2.72765749
2.17112048
0.00071520
2.33583274
0.70049550
2.20799305
2.48867863
11.74215620
2.92655658
1.32031076
3.21884692
1.64902577
58.20888438
1.32534728
1.28331237
3.10250902
0.02285420
3.38840821
2.19176141
0.65130016
1.69993319
1.60234387
4.56425333
0.66839077
0.22081351
0.95878199
3.74549420
1.36955785
0.07966161
