0.00024144
91.84571097
0.30843607
1.37178551
1.04796071
1.54332004
0.14179919
4.15325084
2.44176768
6.46621237
509.94691062
0.23016392
1.22179210
1.72059952
0.78214302
7.09650336
181.28241012
1.03939018
29.51666586
0.51436903
59.63092100
21.64617444
1.60067658
0.00009409
0.72333236
7.12084114
0.03161687
255.49773598
1.30361732
0.02901209
3.15213606
0.78559558
14.85914060
17.28310853
9.97097139
54.61817642
1.92138417
4.23097967
1.29135600
0.37229695
13.68479816
0.20102345
0.02388837
470.22725563
12.31634542
0.16364012
20.67964164
11.92583357
0.21280990
6.90331767
25.86178280
0.77872156
113.30323016
32.13656104
0.02817157
5.62693713
0.22340773
0.05447271
2.22149311
14.13385684
1.06902701
2.30654780
16.04290633
12.91256888
0.34633325
0.13938206
0.78790147
0.87643185
3.87273194
0.17280444
0.94794062
24.13871968
1.06872661
15.24702181
0.00020904
3.68270074
0.52407666
0.02245466
0.04248050
1.12091889
0.75829324
14.80518543
4.03565740
1.36864894
0.27376087
0.03634042
0.15247851
10.91204331
10.18888491
17.94387702
0.08177983
1.64782830
4.09832812
12.19462427
3.31440423
0.00016939
551.94834967
4.04709649
1.00442729
0.02165699
