0.129572423045776
-0.10814143915943
-0.105328818812507
-0.00797359589786047
0.101525711239173
0.096403888507806
0.0242827210438857
-0.151558577361858
0.0177354794512518
-0.0206709105414407
0.0743896335245871
0.139645536497042
0.178708118698883
0.00221836995137889
-0.0931935688829735
-0.0786285113273446
-0.0225455752808213
0.0769417640577395
0.0494779132034938
0.110152077441506
0.0994285014781649
0.0630351299605653
0.0981495650496239
-0.0737574470139014
0.204743895433902
0.0664055007757742
-0.0467365483471922
-0.111577673837317
0.0360852552302821
-0.0216679366690708
0.00451127719430596
-0.068332031924767
0.00804063575887141
-0.14183893683296
-0.140969321870511
0.13010851010474
-0.121313032056627
0.186509020257631
-0.0897771196046598
-0.0312441517154678
0.0305319052496302
-0.0515127074567046
0.0245213582437112
-0.258240764621458
-0.10371288334778
-0.066784907340235
-0.118872776884994
0.0638281543933454
-0.0181143394206298
0.112400035327063
-0.227345199804457
-0.115345346302168
0.0986147490283921
0.163024826114836
-0.0734189110194566
0.0800822209930968
0.080365868246622
0.0357219052279816
0.153218291924077
-0.195382127139876
0.116894307031886
-0.12978899731146
-0.048299658849295
0.0564402105893944
-0.0434787870830523
0.0574023926554482
-0.0364680493406322
-0.104123237415613
0.0918508888575187
-0.159214947016034
0.157991131409481
0.150153164848528
-0.0916543817504855
-0.00498437443974626
-0.0756222824546501
0.0131036517806247
-0.0620933303520481
0.0102358861699076
-0.077259568677798
0.0322003904986972
-0.0497340681162578
0.0140167933733516
-0.110408095679435
-0.023126798136279
-0.100359145408655
0.031784547004428
0.0266001583327205
0.0652348959348872
-0.0486556393576134
0.0872182443479495
0.00149407540100585
0.0946907822425972
-0.114436524131251
0.0737154057698554
0.0158894988174044
0.0220470629832177
-0.218834850555787
-0.172918898108179
0.0406248568720604
0.0541470743865939
