-0.0495737913853597
-0.173160203227807
0.0551577217845379
-0.0970751212618982
0.0552711394765274
-0.0450757061162014
-0.12425915109346
0.0591355632988004
-0.028804697671148
-0.0949521611443484
0.1391548536908
0.0326089099912965
-0.181058315069951
0.120919744483111
-0.0535855677290709
-0.0810537664967707
0.149587078587136
0.0297862639384702
0.202699044059751
0.0641494241494505
-0.0254727415904861
-0.00171100696350146
0.026295630461756
0.0645020750865025
0.00346448454341404
0.0169757467182378
-0.0426554272664991
-0.103907503148046
0.018100329521926
-0.0785352732751821
-0.0487582866510986
-0.064973124211284
-0.120111640975635
-0.0512063506674159
-0.0442606703377172
-0.01407574358685
-0.164163116585217
-0.0369023189574331
0.04744486775736
0.132520007973551
0.122334666324677
0.0417095975849456
0.00519126119383721
-0.030286870197705
0.114171788797373
0.217334267502127
-0.0241888954207364
-0.104528335507343
-0.198061009090349
-0.182769998033646
0.0385509205868864
0.118243796453529
0.0305017653552399
0.0211330093247211
-0.000196135865934995
-0.0932125460976379
0.102723213409468
-0.20145891047694
-0.145804072877239
-0.126940170192791
0.0422316505257197
0.0480822795162797
0.0738426810716016
0.000740287619206833
-0.114666355271843
-0.0913822996151747
-0.0303517271719575
0.0688125206042328
0.111458299008322
-0.143401241509096
0.0999238448890576
0.21243119948382
-0.028038377540949
0.0787198725450599
0.147102770012673
-0.0618970024004641
0.0835809243692805
-0.0594543185397961
-0.100040179442321
0.0109928823763404
0.1732812212509
-0.128883020939499
0.0365508289743841
0.0746301956973013
-0.128782759483846
0.000486664148018809
0.141334004418133
-0.132873314971491
-0.0770473859744861
0.0335037316811531
0.0470963505031158
-0.0123887875023798
-0.105305692535161
0.0335532457024801
-0.0826860769109803
0.0645166566870712
-0.0921577832537711
-0.24030918306912
-0.0971766500155459
0.0808631383168148
