0.00703794374066246
0.150961389602264
0.242088531181276
-0.0866102765268629
-0.0881647852312827
0.0934506827964145
-0.189437264335444
0.0973175935073488
-0.0884580857306986
-0.0968383283949907
-0.0559552786476442
-0.0466297068411287
-0.0282129748894472
-0.125386045315465
-0.0735362590487159
-0.0282003239374779
0.00813883463878835
0.00508832907409557
0.0374795674124354
-0.0607677771265971
0.115903843265084
-0.149998008352094
-0.179658870388594
-0.0957958158720264
0.0123059808752632
0.00948380169390232
0.228668546558435
-0.0185834853289236
-0.101324220476648
-0.0909186632942511
-0.0982908266580353
-0.0535873573305997
-0.0591822506352662
0.0988009196612403
-0.0819190035244994
-0.116910732353679
-0.00305945341237622
-0.224775340621908
0.0766086931103332
-0.133163711868115
-0.00750239056290092
0.140023930224156
0.235269465151485
0.0915216325618622
-0.0981129361726714
-0.0735260352787731
0.122198906783735
-0.0625674167388644
0.0740730329123081
0.145347265605659
-0.0420756044096952
-0.175451305008803
0.136777439681596
0.07454249233065
-0.16223632582011
-0.135438716703245
-0.0363731475995184
-0.091207235195068
0.0971733846597134
-0.0448838841406634
-0.0374700555888035
0.00586729725957334
-0.0744167605369825
-0.202310207215522
0.0369858119169385
0.00371851912991228
-0.0347443265670683
0.00528932718883633
0.011820374349164
0.134755297899134
0.0515684794282705
0.20803749692933
0.0797547033872294
-0.0033126746043813
0.0275171556422807
-0.0271901665365667
-0.0702302109536102
-0.069726591682445
-0.163620977255712
-0.104082324027208
0.0491427577907958
-0.0393120482014917
-0.0766672771772669
-0.0232086096659065
0.0514258694319165
-0.0936572801824527
0.0276889209860911
0.0690499015663798
-0.0583121957175975
-0.0588664146523325
0.00631030980590735
0.033662309177264
-0.0345964683574615
-0.0732902944335685
-0.0937797512540215
-0.00680076748285632
0.115914864317985
-0.0669910808158126
-0.101036170795368
-0.119437040349277
