0.11785638622216
-0.00882277141376265
0.0459469778943706
0.124190677737292
0.0254080796197291
-0.112457232570115
-0.152879220309629
-0.0890385688144364
0.165061624979247
-0.0567376113082966
-0.0745287765466738
0.198463913712909
0.147056907860664
-0.0827324741697568
0.0184854092093562
-0.0547894240510136
0.0188130685043787
0.0288043999830043
0.13092314948756
0.0276045271438108
-0.0655492944933296
-0.0516246166315111
0.093760038726965
-0.0639796650917549
-0.159193523576434
-0.0214213577026481
-0.0758575544342367
0.0284914455679312
0.0803401149795024
-0.0421174708032178
0.206234557355002
-0.175467388460281
-0.0790261671510084
0.123495410392795
-0.137480800338711
-0.0198353822972837
0.114622260745845
-0.0655630760258895
0.0301853372112308
0.0130908558795928
-0.0125760450273276
0.104417772705821
0.120059249371087
0.0229406004679909
-0.180081150175696
0.128599806373508
0.0185099419254264
-0.192042023523951
-0.0186186821673942
0.0155235767957139
-0.0530716687337987
0.0676372155403503
0.0562998225446492
0.0932235418584705
0.00874282816456961
0.0245884653045953
-0.061737072431221
0.201274113889267
-0.0701114072023026
0.0895174199131351
-0.0314437059008289
-0.133968510911471
0.0121712669506185
-0.0836175456997671
0.0342274173207788
-0.11986334131194
0.0511745638219682
-0.119745877258287
0.102778084601466
-0.165814528624037
0.126951154145384
0.196267869865919
0.044932322051322
0.069183331967974
0.269509750089175
-0.0864012416820594
0.0391780968346974
-0.0845307311639747
-0.0439394320537344
-0.00119031447150381
0.0116453304908816
0.0430796867465883
-0.064224662393763
0.0939380343788691
-0.0828822798100354
-0.02017056503355
-0.133833067425253
0.0720552683873949
0.04107837683216
0.112819715964842
0.0123649975889138
0.0322712731079274
-0.206090219750012
-0.229053454126831
-0.0336055492421553
-0.0260150686365179
-0.0413033780216015
0.0785376105461506
0.0103243461322094
0.0108694873157003
