0.0304613564446591
0.0996120961115466
-0.0334041084704673
0.0307697709349536
0.113171206300332
-0.014350036636393
-0.052922759233177
0.0465016991896078
-0.0177310207770139
0.153079700159672
-0.112647833578834
0.054576663959245
0.0462281421692223
-0.030156334663608
-0.044852871681904
-0.0360479198007767
0.169014296618962
-0.0359642028011771
0.0540481121495983
-0.0967915336897875
-0.130156090846761
0.0199690196246845
0.181295757102405
0.0626366582832028
0.0488668586827954
-0.0498456259196635
-0.0532980641955313
-0.00470987552097904
-0.0123116159480068
0.0776884533769985
-0.140265910641886
-0.174576123443841
0.0880435060598824
-0.0634908694403999
0.0772735981371311
0.0959294810774689
0.0616244167562746
0.0116576477028182
-0.089049640236458
-0.101998921999152
-0.0572583671069365
0.0141579149727206
-0.151165120228055
-0.0747617561400641
-0.0147298696664812
0.0642209088000212
0.245406443601754
-0.124898392847625
0.0712949677199042
0.00791072864711919
-0.137026898397934
0.00148467076155838
0.0611167557010563
-0.165511184670788
0.044089214883931
0.206060579633691
0.0641669868990401
0.0355553688655638
-0.13694037998122
0.108873619307036
0.0811476024017513
-0.137798812932527
0.0674358357557904
-0.0249628005649004
-0.0195710816279029
-0.124717936677276
0.132866240859313
0.0836624943207901
-0.132936584509304
0.0162264447463283
-0.0980023262810125
-0.118382372884441
-0.102394616982496
-0.0376397064560898
0.0304012648088675
-0.0237656630661333
-0.0952990900855752
-0.0793432471393255
-0.2117737794863
0.0186159095031766
0.0180708774924432
0.0926318787758567
0.0580950050210566
-0.0207770162057985
0.0215156614814464
0.0112418391246659
0.26958053629372
-0.0204645129938742
0.117810831947904
0.125708851842192
0.0736029653834734
-0.144662499607607
-0.148807130041732
0.25572058441991
0.0113082088369663
0.0834477590844722
0.0574167510448248
0.178890337847171
0.0309532575236389
-0.0779141203718766
