0.00371614775428221
0.0652176463755975
-0.0920419828430335
-0.159742404978928
0.0271392987877147
-0.0926024673443544
0.13858833899639
0.0606828232526835
0.0283161775291175
-0.149858909917663
-0.0209274443633884
0.0686874851272592
-0.100844125445449
0.0966416376670502
0.0439841735632398
0.0165822260508615
0.0242026682034905
0.0578924607526566
-0.205603145662897
-0.0388511229914317
0.118781178656166
-0.212450032709367
0.0783683250468771
0.125813259634924
-0.0514663847658719
-0.0249073270593262
0.0130336053657851
-0.10855546058333
0.158637510357864
0.0306653732853213
-0.0626536820042967
0.00570680928278387
0.0465618952532655
0.0581106885317351
-0.0816352947779872
-0.104427317943117
-0.143070713130729
0.00941517195126582
0.0330829332682282
0.0380231326550983
-0.0212808550324383
0.168477374841621
0.017701711921958
-0.0698064167450955
0.0196823316402314
0.0686115909694535
-0.095715588907096
0.0300256117907496
-0.108586238113654
-0.0797785910354622
-0.0406928115240945
-0.0110177700256511
-0.104711090672194
0.308876539860408
-0.0356059103917421
-0.0177619048987304
0.066447794163288
0.00653939526607865
-0.075982976587723
0.0490153709751493
0.0308705884647084
-0.159543337079712
0.0557007316185181
-0.141641915235703
0.00333713648025739
-0.0275385908280104
-0.0601412662270202
0.115956014049423
0.123400346418603
0.0659307665226307
0.0192926693088118
0.0392550857611663
0.148619473406973
0.0192902372558337
0.0266201580656331
0.0578496726443289
0.321888955028362
-0.0394193540996249
0.112324825744737
-0.0215967927383254
0.0131762571216979
0.226718777856314
-0.0845064832387912
0.00171713982476286
0.0189891751242963
0.11897311747817
0.186712879132935
0.156980569577477
0.11853901162099
-0.156028725178166
-0.165381389287839
0.000394531217758925
-0.102855290125612
0.0527552643054456
0.09367340587356
-0.00552861788238971
-0.0442504317051179
-0.111258868812957
-0.0111454144347961
0.0223957622474865
