0.174689883881622
-0.0414422425789374
0.221243974507816
0.106799026606361
-0.0698640181947693
0.102737591865874
-0.00990023123869592
-0.0555987624069546
-0.306695910895919
-0.111576296290275
0.0690759272362165
0.0925738917948232
-0.0331069414157051
-0.0514300825162899
0.0563473410631824
0.0954809455610684
0.202409733470137
0.00444973310740771
-0.0487504706398923
0.0916822946318101
0.0678625683687715
-0.0733453357524911
-0.0666551729793136
-0.0544757872565054
0.0343436832873251
0.00242162311193715
0.0670471861191925
-0.0148753972309431
0.0716761784769703
-0.269686904260713
-0.0894593658016489
-0.130857546353514
0.101783618506775
0.203092180336665
0.00101195539228083
-0.0964163492048042
-0.0393050977196809
0.00774318036330831
-0.0624237919541446
-0.0128486771250528
-0.178484688429367
0.0846230653549886
0.170431219977464
0.212301624313826
0.144482895050059
-0.0436238334752338
0.0164904253987596
0.076413125549661
0.0626559210136359
-0.0306544442946564
-0.199278831941698
-0.0755690828846338
0.0290392434731838
-0.180916024613849
-0.0301760349280607
-0.0717089439558238
0.0275378983171385
-0.0703931404095365
0.0449852492194619
0.190497274912389
0.0158412168589319
0.113524399108867
-0.0642188144949701
-0.0233949174032919
-0.0154650118420585
-0.0540411521560492
-0.00912914505746993
-0.0384257037506173
0.0916797174077194
0.00673953898177391
-0.0567734165931955
-0.0822595390822301
0.104677521925067
0.0326437108411914
0.11624765088586
-0.0132210706489702
0.14293774846845
0.116584327713552
-0.0706759611181204
0.0973048416895708
-0.053239794866753
0.0825608245080487
-0.0243981951973809
0.0764320195152297
0.00694510194357202
0.0182278760592024
0.0828653913790531
-0.0116939751355845
0.0974196458579501
-0.0292236943861876
0.0784056338805447
-0.226123743350003
0.00854389742324361
-0.146448395999032
-0.0199565538552926
-0.0476272022031046
0.00343812985870606
0.0273989545317924
0.0325694078602242
-0.00498324758649416
