0.0339747200983962
-0.138804133160538
-0.0635899739599317
-0.192257187324266
-0.0527470349568656
-0.12587002097062
0.0485705940706654
-0.138787180749525
0.157883048419844
-0.0668009718471016
-0.00952745463660853
0.0553771886389927
-0.0271592981335966
-0.129301605557665
-0.137995416135185
0.02185003478094
-0.114447438026032
0.135256903310636
-0.148165474929997
-0.0502720958434052
-0.116108631904687
-0.0549101795051751
0.178953223464623
0.0416703996316345
-0.156535645922227
0.0250313076978143
0.0926929405581014
-0.107576413283688
0.00569632212183036
-0.000531497165727561
-0.119925133659641
0.0237650158328956
-0.0709485711470061
0.0932820703997347
0.0602764226529715
0.000675938759196669
-0.0681101067106302
0.00324846219345555
0.0346036502429143
-0.174523095442088
0.104239181974639
0.0427218034479082
-0.0544412035119275
-0.11245226457761
0.0523683421500171
0.0845171985675996
-0.0224607999703035
-0.0720859393459176
0.175354943019646
0.178809913975827
0.19420258718263
0.0390091308950088
0.0304513992779459
-0.154291374523765
-0.0562291464512383
-0.0327508667015561
-0.122144600705572
0.084414430821029
-0.0283489269030721
0.151072140140315
-0.159465310408056
0.00504788465696714
0.0925187619982276
-0.111514654418897
0.157728266519093
-0.184434608917325
-0.189798983010642
-0.0378502399883783
-0.136711054072395
-0.233718633402343
0.0386655898306977
0.00947057066743083
-0.0390503859484029
0.00981315379945867
-0.0685271905225387
0.0766886971134029
0.0547492982784177
-0.0436638350925573
-0.0972370040353258
-0.113529819782931
-0.0312770643718075
-0.0483581386386546
-0.0425913602590773
0.00668672292935932
-0.0206698074881196
-0.0296128135637183
-0.0793862501676457
-0.0517151148075911
0.244188124154155
-0.073965183699377
0.0229638691151789
0.0584194631311176
0.0418737796907763
0.036833556575339
0.0206459946764823
0.0177701362863527
-0.141814519625857
-0.127467708647623
-0.0762553635888959
0.0239205747864665
