0.134864601290964
-0.145167530901881
0.0727662723614915
-0.0130818337310951
-0.240076581430566
-0.157130277855736
-0.151927541779597
-0.00828370287760615
-0.0266061454055349
0.101730605865099
-0.0270684542698866
-0.199044472234947
0.055570345319011
-0.0189234994574169
-0.00985666896945942
0.218765246230418
-0.167788547278333
-0.0152273142554442
-0.032787769685093
0.077103359433143
-0.0812722077321642
0.067441722790331
0.0385660389066612
0.0997936511413672
-0.0802818456855658
-0.227604193122064
0.0761991366119066
0.201435056426075
-0.106178552721336
-0.0833610057758699
-0.162787528610288
-0.0118395092530612
0.0776527835279015
-0.19013196119611
0.0235934709646012
0.0585110067141668
-0.212900530757139
-0.139519433428158
-0.078517862965114
-0.00464718180948431
-0.0637871015279409
0.0456152305111983
-0.00674819436205876
-0.00331736186169827
-0.0669774843641431
0.0196068798078733
0.0712472423528473
-0.163132482044386
0.0878105418668477
-0.00875329811472247
-0.0921875232617716
0.142480515473258
-0.1079811925741
0.0472468584493501
0.105906771243454
-0.0910023195095573
-0.128050713300627
0.258151991635421
-0.01801177382093
0.00744446004270171
-0.10773423019319
0.0845909155601126
0.0210737591821066
0.103930119749714
-0.00569296880560726
-0.00377975165412446
0.0163913265145707
0.112209119449738
0.102943111640118
-0.0843345059298633
0.0594189624566162
-0.00606696251894929
-0.0111889744921075
-0.0764887338222954
-0.0359025931278287
0.0129281692721384
-0.00807183276410605
-0.0523588086790841
0.114072407938177
0.0646003999437513
-0.0384911817928207
0.0203326524965187
0.119700730964867
-0.0151839787816149
-0.0064917169792675
-0.202281561158822
-0.219893498189783
0.0203808218261168
0.0262953498165717
0.08342331736938
0.0085511251729994
-0.0734524282660519
0.0325372104351606
0.098496310131947
0.0558071282378484
-0.00370625851491445
-0.0277125934419132
0.0233718629001349
-0.00110376740911286
0.00808928064839861
