0.0480765783054879
0.105738967269095
-0.0310917527004306
0.193170052320849
-0.0138810818882394
-0.0335959974142992
0.11905137817908
-0.0215632172974776
-0.17288111262196
0.0364434441834694
0.0624388637880625
-0.0776339927996493
-0.0188853725581801
-0.0856737687801012
0.131877163475648
0.0674120996367142
-0.221907673434392
-0.0343767342295743
0.00969040373201789
-0.0109281506118388
-0.12040111667362
0.00792538724955994
-0.116470787332864
0.171712045425522
0.22840069585657
0.0397299130436104
-0.12482404501579
0.0377031671483863
0.0272260649017395
0.131477651347421
-0.158589973954828
0.0155333143545655
0.063836658266595
-0.180922997293052
-0.0984184955309173
0.0999964402480511
-0.0680365538613492
-0.0491982384465175
-0.0572259791171384
-0.0166038087005142
-0.0615610576295918
0.0393928032104236
0.0359921115096174
-0.115564927657296
0.0639092460116478
0.0767388311557126
0.124272070741204
0.018534945006468
0.0779828834386923
0.0530123278891314
0.182329343161646
-0.0288190218054113
0.0232319583861193
-0.299242539655652
0.019912252355635
-0.0297568628869032
0.109241698706798
-0.0851283145271726
-0.0831594052919079
-0.207538290257586
0.0172236118355361
0.0985011222607184
0.119558327567487
-0.126258352606984
-0.068007780738044
0.0512595680694037
-0.0796476056661942
0.132237788590562
0.0781465726734035
-0.103701865693603
0.0723737478786727
-0.0188843743871862
0.0328418652405911
0.0326741955305216
-0.00193419082805288
0.00320669120186291
0.045855778101579
-0.0538499811574689
-0.0391905980397208
0.0105423844541802
-0.0358606575497748
-0.0297639574766416
-0.0185505276134456
0.134601709260537
-0.0388793011562378
-0.155816353622912
0.0378936885024723
-0.0719504607447687
-0.0700644504477554
-0.206176766596789
-0.00801707747616315
-0.0807518052679454
-0.176610546777291
0.123028122539122
-0.221867761902388
0.0115347880068175
0.026918776733663
0.0118519634377124
-0.075816244383216
-0.103958106027832
