0.0718736278656198
-0.150907620944139
0.0853786639295612
0.0533717325487627
0.0309488546396937
0.0376360818327601
0.0355200354224111
-0.0604906654833756
0.0265921343868717
0.093442345524281
-0.0178790884325895
0.0385037758852943
0.0464432088268081
-0.206090342270978
-0.0842748369789732
-0.261639957626612
-0.0926553665443799
-0.127170055120573
-0.132084525609462
0.0754630592251663
-0.273375344417967
0.0993163376847667
-0.0110162437689086
-0.00967589863096723
-0.0609432733183911
0.0795331128126978
0.0435607942125896
0.0268998770442621
-0.0647451531492733
0.192814624418639
-0.0839338421725163
0.111892702352671
-0.0954856630940099
0.0421380053799565
0.103188212012664
0.155591114759017
-0.00430525512743328
0.0315620800318614
0.0504304213129782
0.0746993423443434
0.0146190869289367
-0.0765954134527774
0.206362904601995
-0.00786123101341362
-0.175325898218499
-0.0298141625391454
0.00554410381020906
0.248138172733298
-0.00841438168777836
-0.155668068041579
-0.0761742842576087
0.0624914622698137
0.135151741765337
-0.0317183880963853
-0.0274452530481463
-0.0135729845208852
-0.0554843920365847
-0.00136612115731093
-0.0059135365016975
-0.0432019475910008
0.18694858118099
0.0442276624782688
-0.145113437566268
0.123693829218399
0.0853581522896454
-0.0486421813742356
0.0998307991797124
-0.0729719906543939
-0.00959257151396109
-0.0126133428727823
0.148093078767152
-0.0693466027598613
0.121897923167606
-0.0710883767572096
0.00643343442699652
0.0247098734963952
-0.0735105845508367
-0.114834113492286
-0.0122097778435725
-0.0185135942152657
-0.071769998595324
-0.111984498612444
-0.0159517484863742
0.115339587955494
-0.0768163550152226
0.140323620296398
0.166849872248342
0.0901634992476651
-0.138474817389855
0.163176887970493
-0.0923476891351193
-0.00562378234413899
0.0153567869996185
-0.00731308064835063
0.000291233326919568
0.0415126112197012
0.0917276601615276
-0.152577182309167
0.0446718947995918
0.114566294497182
