0.174046263165943
-0.113474660338608
-0.0167936230842109
-0.1833221776699
0.107004686732627
-0.108387872638254
0.011430089703845
0.0413825733630074
0.145213743953974
0.0190024662154109
0.0676899014486103
-0.0519103535916954
-0.000924255785994423
-0.051971603530201
0.0610611979342191
-0.288497728831908
-0.0530122038809812
0.0320844836520216
-0.139677451352045
0.04465072192999
0.0519194645226907
0.0950759217143427
-0.0146218818869767
-0.033190140350773
0.00828885732389612
-0.0797828301121328
-0.0918600920718132
0.00481718851525264
0.0479296805724008
-0.185283088371705
0.164084053887655
0.148639435916508
0.205803826267856
-0.0507024834816082
0.128827863749443
0.0282562365321619
-0.0258472348809003
0.0706224127776411
0.261124746412966
0.0950824210642431
-0.09150106734107
0.0883372894446465
-0.0767960324820112
0.0534769501396644
0.00869291160373598
0.0433056802396653
-0.0514530181998144
0.0205739174322436
0.0900519135954574
-0.201337373490855
0.0294882936483828
0.0333294902810339
-0.168356148485363
-0.0104733360890339
0.150659856745576
-0.00196772624626533
-0.0975678945411814
0.0652013517144289
-0.0431839138813509
-0.110059704723559
0.174172986779353
0.0539166344863841
-0.0020887670165856
-0.158402558576874
-0.0306291772966266
0.0362489679171494
-0.147525358302237
-0.010275537895839
0.105314616779605
-0.108244243889877
-0.0171587623457158
-0.0677068437185771
0.00228732536268533
0.0654393614297293
-0.131170274310397
-0.00293787768511042
0.119114632856815
0.0744392889596655
0.202146211654635
0.0115778008162678
-0.0540762904597591
-0.0142423330087826
0.149589816536871
0.0764944377444603
-0.0780011774226816
0.0312431572265282
-0.0807129526983874
0.0346395753891616
0.00671034719648628
0.0532572015451637
-0.074823909175945
-0.00835286087302066
0.0589791907609761
0.00742207069212819
0.114039345821558
-0.103257435251294
0.0626926883409114
0.0199375109647302
0.22548511341155
0.0804031726447969
