-0.0730449835702714
0.158927756764758
0.153577892032811
-0.0718287087705544
0.0159506811492554
-0.202423529616336
0.105339099843341
-0.0573545805587493
0.0685525418002038
0.131193712648899
0.07861273800293
0.0851996656409683
0.0485866934238308
-0.0868353661658237
-0.0634120123255753
-0.0455276761678746
-0.124416344092011
0.042809240192884
0.0266256269580412
0.146876604976574
0.108421812847108
-0.0844375847568093
0.00210640213046699
-0.161034381775691
-0.135501568033437
-0.094268642725268
0.0964299326307521
0.0265495521781969
0.0509641687710155
-0.0376575977711536
-0.11044142296696
-0.177710268697518
-0.0766065411587648
0.0201178903156143
-0.0829004236333201
0.111242264280864
-0.0786235465773142
0.0987567712009531
0.00661908214744218
0.107435171110756
-0.0738782617190239
0.0884229327145538
0.0592344019922513
0.137729223190951
0.0297565538597915
0.0523819369908139
-0.0241397965436246
0.0262128012331857
0.165036618013051
-0.16678388660454
-0.00611946865906384
0.0455266767262899
0.0136410268442286
0.0565117922753861
-0.013794739395039
-0.104597851852044
-0.1154385995234
-0.0971334986607819
0.0188116790717233
-0.159417786034832
0.00926203567033849
0.132333149909379
-0.115231847735557
0.0446636857335105
0.145650558691831
-0.0719521138503305
0.0866296264302162
-0.127113480323915
-0.0227402814593492
-0.00818762878847038
0.159922285553177
-0.0884239144944007
-0.0162485395870514
-0.0399436443056515
-0.063780219213548
-0.0775959286229168
0.0772476274612573
0.0301708566969938
0.0684163931128508
-0.133579738174449
-0.21666486125279
-0.0862840407412086
0.0903901401701776
-0.140223852162111
-0.149966021357096
-0.144259876340868
0.0256672725442686
-0.0281051036721198
0.0132215185865192
0.0539335528334688
-0.146658746757326
-0.0912835282213791
0.141721322080432
0.132495917444251
-0.144711087835234
-0.0213678073960827
0.0600380754444491
0.210572736821832
0.0339611189605505
-0.155097940900502
