0.167998484023109
-0.0671249030474112
-0.113502371217961
-0.0113568503081534
-0.0566300381726568
-0.0531513349324955
-0.0909005145159845
-0.107330467740477
0.0245762703057164
0.135676285265134
0.0729586194429014
-0.082683655073651
-0.106904737325398
-0.00841139909487158
0.00234960061756018
0.0544489757418421
-0.0984038982937299
0.0943379345253594
0.0634086429684021
-0.128541580088165
-0.13227385722843
0.0153003477503407
-0.014377254002717
-0.0624141991057313
0.00388675673329397
-0.0678012659402394
0.0265335413841324
-0.195101007986034
-0.033059185925833
0.0748350646530785
0.0414072931895813
-0.163392437445802
0.0295385633462169
0.0824196182171548
0.0862694642354943
-0.0521077842863951
0.158861300955819
-0.0102857830296557
0.0292582530750259
-0.134740478383743
-0.0816381944380226
0.0874831883293709
0.0474376892594212
0.0944877813410635
-0.040622314665707
-0.0164288769613064
0.0580869802510667
-0.0978200556167296
-0.0331150787955643
0.0407201410722214
-0.0942974719557133
-0.096189768611863
0.0511659093768704
0.259294997169545
-0.0772018895410653
-0.0744846728430633
0.012454059536081
-0.132953253392328
0.00777237319584271
0.127478463920793
0.0468066139481315
0.12230092707097
0.127294164198203
-0.0259434516169514
-0.132017737818912
-0.0910037329003169
0.00325059975864226
-0.00575558509752768
0.00199420658395416
0.015273741225153
0.00116939255909625
-0.0907305149897041
0.104378561298548
0.209279363834779
0.083375510453157
0.255625772695467
-0.0947845535800077
-0.152002179941272
-0.101066095860521
-0.302819028613428
-0.118354062115503
0.0419986934280249
-0.0639966717508069
0.178880634640936
0.120230804436613
-0.241125851745957
-0.0646852402600573
0.063047029063083
0.0681715714424998
0.0987260378926033
-0.0190347100589922
0.0151589984025475
-0.052473968811139
-0.0425202083382605
-0.0879196789057977
0.089778076776096
-0.0225465250109363
0.0253383064952452
0.0762389574618589
0.0160234943743965
