0.0837437858232119
-0.0568579356383812
-0.0202577101335308
0.0647446669483738
0.107298061561846
-0.104055560302365
0.260759854640445
-0.0591578528968431
-0.00218992494762892
0.122763783692986
-0.113114745569285
0.0340015569390081
-0.041883311347034
0.14394347788334
-0.0490953424400723
0.230837961279479
0.0759902152205108
-0.109164487617736
0.0441529511613635
0.0103920830702422
0.10444669638687
0.00378968122954922
0.106073594611826
0.000612332277484387
-0.0275761716223177
0.062164714398934
0.0194790040880585
-0.0466513060418214
-0.0406529363291948
0.15555068227901
-0.225323899222708
-0.0769261274970774
0.0263323437872083
-0.0687478646359105
0.0548165223603504
-0.0181393883353349
-0.121460568396483
-0.207306685637273
-0.162492423704659
-0.0632878541677427
0.034123561159222
0.168950632458081
-0.0505019222471051
-0.119147613247558
0.00403941332740065
0.0678455978586949
0.0334962614538474
-0.0467831647388008
-0.0645439991149853
-0.0246660062597805
0.0537391089865628
-0.123603530320491
0.00341201321917728
0.0439309972458867
-0.0374291337194429
-0.141054320881469
0.0888880416292258
-0.0549840134154206
0.079125333176989
-0.0737426253314314
0.160993932248322
-0.0101569013092793
-0.112941616057357
-0.158977767537002
0.13191595853244
0.00261064046342129
-0.0323725417503187
-0.0347263546496817
0.0515441298934725
-0.179733886416592
-0.125673715729813
0.0863606833838583
0.0610533403412886
-0.0589755417541561
-0.113230766207986
-0.145936451684945
0.178874131351517
-0.0505686156261056
-0.129972742477725
0.0666838868576522
-0.0550451648697384
-0.00337212761220487
-0.0305539763840121
0.0999867238155384
0.047279817982948
-0.217739739986116
-0.0859770837682425
-0.109513862412232
-0.131689875232356
0.0411399917997961
0.0449421663762342
0.0630358979901362
-0.0757488799485439
-0.222582719770206
-0.0775938089526657
-0.0407982308710274
-0.104487359959399
-0.0404918992924453
-0.0936590076296968
0.0304332608458069
