-0.139269889006131
-0.103387300861797
0.0129570241643087
-0.0272168748940055
0.0360205004802905
0.00234418834108666
0.195759232036041
0.0269691415982079
0.073948207127313
0.064991832457009
0.110076024479258
-0.0955707819129943
-0.0797581746613198
-0.0502751752248761
0.051241891454059
-0.15265959102591
-0.0137187001372791
-0.18064142130047
0.183505998280445
0.0331133268307136
-0.0294895231366594
0.0462302678362311
-0.230908122542691
0.0956948612780393
0.0904011949320119
-0.159534918353751
0.0654727034116075
0.0787662287247247
-0.0262954602985632
-0.0124127182175163
0.0655325506814959
0.173883481401579
-0.0485426222730845
0.0873620114451373
0.0292287414325718
0.034405038821488
-0.0292122546325012
-0.0275622750925222
-0.0734783669020663
-0.0766025475131164
-0.0848835716154826
0.0176600086345681
-0.101175937066293
-0.151297411635764
-0.0662596597592549
-0.101104143209574
-0.104781847547634
-0.159589815825797
-0.0225490864453388
0.00162997841647269
-0.0501332749631792
0.0167941460803418
0.0165796046588888
0.0864293649160881
-0.00694973634561179
-0.121144889965189
-0.057090228202642
0.0152839602006694
-0.0368385579632908
-0.0128703717547917
0.0271815688442956
-0.194718766846677
-0.0914339311294842
-0.174092564809926
0.11744930593007
-0.02023066362176
-0.115912478825702
-0.12319100675853
0.139553332918936
-0.0741881585739707
0.207783394427365
-0.00245781243175853
0.0318778613798816
-0.0477961848310555
0.00124907926622587
-0.0780811271736908
-0.00399154568160238
-0.0351310762884328
0.0178951804462552
-0.141898574468844
0.0264836645655628
-0.0166851354325759
-0.0291058978695691
0.126427719205353
0.271048157114804
0.0548105758868757
0.0912676034059887
-0.0628899021853669
0.184513036116647
0.00548679923366539
0.0824689452606982
-0.290486699301888
-0.0439905682823605
0.0399484563558938
0.116971489246891
0.073134276119787
-0.0995628695589367
-0.0495498708336711
-0.12170376316362
0.0442289018271391
