-0.0767751504152042
0.117475404588456
0.218081200248908
-0.118962656269084
0.160235658933622
-0.0915214883068216
-0.176354997957716
0.0774358767159875
0.102164641585069
0.0448123859616941
0.0451005927233484
-0.147346572601783
0.00866217199591356
0.213319798569393
-0.00242057431284603
-0.111692378875815
-0.174941197265345
0.110309063753117
0.0948211769445538
0.0246870771751152
-0.0827595309166723
-0.113220340169914
0.0414745614022162
-0.0222637209280763
0.017129241384252
0.0734192518754986
-0.114749450180542
-0.126238241088205
-0.0397413461858578
0.0149936317065101
0.109533413193697
-0.00820158793180659
-0.014519619976492
-0.000686787444150519
-0.0381803875525918
0.0978952955214806
-0.116792355421151
0.0117435530206465
-0.06064484809871
-0.0739146188585085
0.0381941854195017
-0.0372507699373856
0.0975547100186108
0.00797292093396166
0.1886617164399
0.00787197377204612
0.198931022777329
0.0485295094468722
-0.0941596756973535
0.0988203289464289
-0.0062761644641263
0.0476924485769799
0.0659751831384792
0.00286859459556293
-0.0203650400805517
-0.108478008293316
0.10489549425644
0.0119430396153864
0.0596821457439617
-0.191062890633473
0.0787566868382951
-0.0500949917859857
0.0715884939620291
0.04110908997496
-0.0583904995842146
0.11301754085433
0.16646287860921
-0.0566583467877003
0.0889205798411958
0.0657531517301646
-0.109406826299179
-0.016625474169013
-0.0496479329576666
-0.0789297981599959
-0.00699840008201342
0.00692283577594633
-0.00843654515514161
0.00495063806465417
-0.111761101016205
-0.226965020182805
0.200122504126824
-0.0295447408946532
-0.0438138122787097
0.184942979759052
0.0525919261838915
-0.042178606994449
-0.0106676290157389
-0.0518127234678546
-0.0066043866015385
-0.0510284110119061
-0.103180320814398
-0.209954392985244
0.0451205995440776
0.206222680399955
-0.111677182287291
0.00156272499339977
0.0284440518593669
-0.0459612946973087
-0.220421172688449
-0.0841997686979986
