0.0735258562412999
-0.0138936880484039
-0.0645683560236605
-0.103763160406029
0.0252944401007453
-0.0236348276115755
-0.10310902415976
-0.01725809574363
-0.244395486114424
-0.0140941719818516
-0.101846273683473
-0.0364438908547572
0.127796789077915
-0.270359435010036
-0.0529489518492489
0.0303162906685567
0.195882697500982
-0.0189414874087239
-0.131123878714881
0.0901114308847642
-0.0702077713852863
0.0151817893272901
0.109974624779568
-0.00781339694903742
0.00243927848245396
0.0124066347654372
0.0497222589529601
-0.114256322908733
-0.0841771820472109
0.0638423768034205
-0.0376782344170623
0.090409407505486
-0.047074909972599
0.0818382133083571
0.00383251428076092
-0.176468458122061
-0.0727216771094979
0.0479657755078631
0.27585292717611
-0.11124598608746
-0.108667905618333
0.045138723157327
0.166548294351443
-0.00855034286830896
0.106103266102323
0.15389692247499
-0.00600982944189348
0.0180486638447379
-0.00925168502989388
-0.0310531144489942
-0.0544352158541234
0.00558003812106842
0.0624873212885639
-0.00689291856742627
-0.00507675672738049
-0.0613866430016915
-0.0494778580704582
0.179038798452666
0.0841302931690351
0.188981853901544
-0.109577244848711
-0.0110951038487311
0.0147554492267956
0.0771228169544705
0.0126560069045051
0.180800308266982
-0.0711077609517826
-0.047369363712051
-0.0154075424482765
0.209882122445015
-0.0418746568524672
-0.0194394453846285
-0.0817541690898977
0.195762532405493
0.146235490481914
-0.0317185451026464
0.0669288984550831
-0.0940465678211557
0.0864495630853683
0.0907632056755
-0.00187039239848967
0.0875270082378382
0.0406864061105802
0.00237905117847881
-0.239712218765104
-0.0981413187856475
0.0495838995274902
-0.0184493715017703
0.149340762823741
0.0539590541963712
0.0689257453479927
0.0629840439943251
0.141095661640321
-0.093996059447461
0.043163661507933
0.162149050937992
0.0582139239509022
-0.000208997206893644
0.0885585106288853
0.00252984456632209
