-0.0776144573111709
-0.0608341147039383
-0.100312114511601
0.0736131127907092
0.099108529923728
-0.0504489107360669
-0.0881171419041491
0.153633597493677
0.0945994112380645
0.208211149592647
0.0746719348528527
0.0422002967982805
0.00474936409665411
0.112739612617914
0.116636241850607
-0.00272481030655526
-0.109423408031211
0.101923936369136
-0.0737897481424713
0.0735752640086416
0.193694243993119
0.13446840872011
-0.144663941768049
0.0849415442000866
0.0193966019942835
-0.00353630552516604
0.00630074109364381
-0.00195451225727394
0.0643450332009178
-0.101266022330497
0.120265631049885
0.0544246820471196
-0.0581119255977068
0.12022919555011
-0.174981626203215
-0.0173907323613408
0.139984885528566
0.0473804674747993
0.0394838336190632
0.0329604101090127
0.0373930860160848
-0.0952751849196347
0.0155979763662158
0.096492985963694
0.0678066045459474
0.0606144031107432
-0.0840876803914282
-0.101632508145239
-0.0675539803161986
0.0390814134064694
-0.116179651502857
-0.0319598429587868
0.00417114458340266
0.0503191015875747
0.119581939905426
0.090013330789372
-0.0114013883389692
0.0733871332797499
-0.0581578780565524
-0.0139920771895368
0.00415545695253707
0.130426846593885
0.0902822603298442
-0.0506266086783671
-0.225034503584217
-0.041124353638632
-0.084183489939192
0.125963664626194
-0.0315815130872051
0.161878442499407
-0.03162290802943
-0.0477294928436571
-0.0508507741758691
0.0209303012980082
0.209967779109772
-0.11765423859086
0.129997443314612
0.227476778857706
-0.0155488615050277
-0.0478555962147651
0.194839971256541
-0.026029867398242
-0.167824027946399
-0.0627350710098721
-0.165326188801354
-0.0406920010249815
0.0914976394427021
-0.108187106581647
-0.136990946364614
-0.0887527649761388
0.0641294423236899
0.100530300707597
-0.111831047028338
-0.0538385757612004
0.0299693973303661
0.179292774105259
0.117738158311942
-0.0300049735672171
0.062563043996704
0.169745329310834
