0.129281789734935
0.168363739386226
-0.137651641397245
0.0442744739382453
-0.148385839601602
-0.00879069749793876
0.118935074000858
-0.0672866137446522
-0.0956598574049176
-0.0879364760828221
0.181355018858743
-0.00521875710732065
0.0182025466986753
0.0411330509928135
0.146248661256332
-0.138060300128603
0.0435680495497859
-0.0652564723884001
-0.168408826911472
0.0824841061644259
-0.106826530961696
-0.00817621218742504
-0.0509763083772879
-0.168684634753042
-0.0704969765901234
0.0144104401141634
-0.122945639071655
0.122904564956429
0.0560059334522543
0.0122873831022135
-0.0817884187734195
-0.0311869549902357
-0.0296893649177015
-0.0472050441612759
0.044693051129265
-0.0704822914352424
0.0183717005024005
0.00233253188373048
0.219013940478682
-0.0157948447952363
-0.111212926597346
0.141333469222021
-0.0784773941670723
-0.114448706967195
-0.0284979963021507
-0.116031358139738
0.100736530098606
-0.063101909131097
-0.0147043577973206
-0.111706147669215
-0.126282434095947
-0.0298886347839875
0.0313915943972523
0.17277946901766
-0.201062613590012
0.0283144838745691
0.00600761892014787
0.139028484924101
0.234337086557041
-0.146307299645493
0.105365179582282
-0.129387159426612
-0.212877235977156
0.056571529492931
-0.0720957146335725
-0.0535907384672567
-0.0901755851336092
-0.0837077092619443
0.040895020618816
0.0526278932781811
-0.058164468402248
-0.149122487361436
-0.0441430014875371
-0.0945317600145604
0.127804436736183
0.066882053904926
0.0178836709085288
-0.0393860607173565
-0.0362931872165933
0.145743375019736
-0.011603446479261
-0.125522097662888
-0.0754055338844988
0.0284854289930382
-0.0880849338111128
-0.0218543784309819
0.0242129555994328
0.0048176168129676
-0.0111845789691582
0.233293303754651
-0.0939941326000004
2.87005736121104e-05
-0.0384061584076074
0.00112122170982501
-0.00911842677376035
-0.141697722979029
-0.14172096367947
-0.0526669883613654
-0.099908782386158
-0.00341813816519783
