-0.113593322075704
-0.028792887965852
0.11614361630105
-0.0574456002877949
-0.068503233136126
-0.0474047263726111
-0.0625061472795736
-0.0125393881380171
0.0562024072204356
-0.103296720104207
-0.0107914564977221
0.0758772578269102
0.0105105746428858
-0.0183370475810017
0.0433409067110325
0.0984584327176118
-0.0799031950353852
0.00552914127319711
0.0405172118268902
-0.100866279559506
0.012270348523548
-0.205737439495404
0.119702417749831
-0.102160042231009
-0.0888347213458197
-0.000882830137898053
0.00154511357328192
-0.256901423966707
0.0479910784708939
-0.185103698138908
0.0671216123774253
0.0351717312451916
0.0380406858858487
-0.104826884850277
-0.254003894681826
-0.136917993862819
-0.192932078177748
-0.0423105459399206
0.0173509337592186
-0.0454566511209042
0.00407013211396442
-0.202628669282944
0.0556786882592474
0.175669752771145
-0.100518809774603
-0.0585716030937605
0.0350438970705351
0.035978289196621
0.141123989309527
-0.113377676536996
-0.124081130160012
-0.203789458633848
-0.154041597165733
0.0654830656264039
-0.00282447027435585
0.0790601179047772
0.176969523998115
-0.00431714393214857
0.136935231118542
-0.0768064443330701
-0.0197319784585091
-0.13810385876313
0.0418377364807174
0.0217383966217786
-0.137625851565911
-0.00918598649300596
0.0749693096717038
0.0916499555723649
-0.132322267808165
0.0473297892543617
0.0309249748908976
0.0492302946372548
0.117397452835766
0.0198386716367614
0.157135239831074
-0.0359948652566042
-0.138963233481467
-0.0174849398683551
-0.139763712871586
-0.085761652279286
0.141349859986636
0.000171144672039087
0.0548609780870259
-0.045096985858547
-0.108854674510985
0.0169317596708043
0.073586305129379
0.0708558015868658
0.125172234343758
-0.128170276632358
0.0669886175363145
-0.096469601557535
0.00140186332861307
-0.21332389730599
-0.0153774282147741
0.0750243376954327
0.00288278838343805
0.0505560186571808
0.0698056974759034
-0.0109501850901986
