0.121880315024312
-0.013902768323572
0.0224170625116031
0.149219877636125
-0.17190877340412
0.0888623740837606
0.0675574399325244
-0.0121654065037893
-0.20343100320979
-0.0594293634158903
-0.0469830536812187
0.101860187550368
-0.0691161538709784
-0.00790850560253479
-0.0886486175025895
0.10718494576864
0.214076398411339
-0.113401943837701
-0.0480195296200234
0.135976080518951
-0.0288555285726228
-0.2303143806797
-0.0582883152525747
0.0730502670192001
-0.108607240290604
-0.0827436902961633
-0.0768780887131909
-0.0158383853496022
-0.0827303389649159
0.0163217763984866
0.211268274127509
0.0594883814387613
-0.143284384145787
0.208095473013476
-0.0863185314909875
-0.0888362409262594
-0.218088427390176
-0.0708977614383724
-0.108264529801565
-0.266400088001586
-0.0840050942964498
-0.0186363096246409
0.167690924145821
0.0927333697769617
-0.132673968350687
0.00876470666856417
0.0218339865048722
0.100496175063177
0.0332006508881756
-0.0424671291936691
0.000777628966784202
0.0519446541171372
0.116013752822472
-0.0552809868245508
-0.0745178299649594
0.0726559687960649
-0.0892444023180171
-0.00889982659402106
0.0765538310526475
-0.0307910354038377
0.196240271390684
-0.0968533259221403
0.0707488891714306
-0.0518406829496829
-0.117639772315751
-0.0560204965898234
-0.0440577246474666
0.171557285201612
-0.103079697510469
-0.0169442240201039
0.0148876493285295
0.061546840268584
0.158998327713274
0.0570640339250128
-0.0618705586651688
0.151454165183403
0.0212801897106193
0.12702399361607
0.0643767164164671
0.0153630570655474
-0.0467571092908951
-0.0556148416848937
-0.11720383549309
-0.0177149408923794
0.0901740939267184
0.0576410205125787
-0.0420995939887557
-0.0309483506012543
0.0503010300413145
0.043541194179799
-0.0471153512475134
0.0404244474317613
0.0405668722795384
0.0338903809028589
-0.058740329958252
-0.0475700100228899
0.0992727235636294
-0.0508012583842198
0.153722636330227
0.00432055460545796
