0.0986268213007599
0.219214667538848
0.0197878058738938
0.0631295689109949
0.168064232077976
-0.0946084512969052
-0.0751596453814367
-0.110653228140692
0.0434843141307071
-0.129732680412671
0.0663768533614667
0.120678762553145
-0.0094400797625032
0.14859762580172
0.137183580991341
0.0288978282898826
0.06711551938702
-0.0862686490452388
-0.0692365320908149
0.0518160981216036
-0.103151416128227
0.0798661445356228
-0.0273176511521744
0.0137164387821801
0.00449294702150485
0.146991183665207
-0.0702007500278119
0.201433773699973
-0.00908553700054415
-0.030605293597454
-0.145323860947202
-0.0626996730448225
-0.0893606301167573
0.101179875902558
-0.163421480668067
-0.0628828572778531
-0.10454010349528
0.0527764542507729
0.175697241406284
0.170667848499515
-0.0933892722097305
-0.0969561134106026
-0.0386547903742573
-0.00282288395024134
0.180193119424913
-0.0495264224596593
0.014975080623868
0.0246247605298611
-0.0956194218436133
-0.172816212575868
-0.0683483918187268
0.157380904855113
-0.0343514067166798
-0.186022078351294
0.145088248010788
0.00546847510313773
0.129443430630113
-0.083330778703938
-0.0291793541306209
-0.186207594466858
-0.109106041396461
-0.0693373932579033
-0.146813116173442
0.107395453050221
-0.00735648299105821
0.0342625935705858
-0.0432715014335987
0.0293806995774197
0.0917736287774519
0.0783883254155125
0.132617963201929
0.00561511902763902
-0.108806775864514
-0.0788239083265619
-0.158205332820404
-0.0489132023808172
0.0771003895012025
-0.00731063049106617
-0.00558334651940509
-0.125570754248668
0.0519689995515533
-0.0235363564510884
0.0559130400081764
-0.0745360738533488
-0.114652750285446
-0.00677885766120768
0.133301879562348
-0.10298702507377
0.0622047526902375
0.0626111706543222
0.0454878119514968
0.0928697657482641
0.110223215620694
-0.0795423075620352
-0.0718253088844522
0.063600849090998
-0.181626244770769
0.0644035617920327
-0.0222470334032054
0.140105630598584
