0.0335058475815532
0.005154256231784
-0.0501321207478457
0.169863508202456
-0.120381757394057
0.142073506082362
-0.154136498478744
-0.0320732717590647
0.0903996298203627
0.0501689995583292
-0.0416139130569906
-0.119388933219153
-0.0126473469054649
0.145058372642832
0.0929116034412821
-0.147875451246848
-0.0814997442524746
0.128592495380757
-0.0810722904725978
-0.0680571521725026
0.0775434453393212
0.118818939098055
0.118141954000822
-0.0476096313919259
-0.0878928411435839
-0.149424243289022
-0.0992208321594105
-0.142133911088423
-0.0913913129384134
-0.0492720138343356
-0.0666556072137932
-0.0336697611216066
-0.0465200289470242
-0.0258524342265429
0.0755607926607917
-0.0130145433212802
-0.00726793386787813
0.0129900916067629
-0.108644003072611
0.0503841375679956
-0.021255044976591
0.0183871116288915
0.17947537348457
-0.0690154625018592
-0.0469723329442746
0.0273594450482634
0.169302154251448
0.21841097761056
-0.0119688838180654
-0.0354180141156575
0.179723433359603
-0.111756872324334
-0.0397524590911411
0.0646990879179613
0.134502533710713
0.141034361620446
-0.0870809762426955
-0.0959081304650417
-0.00379545903616842
0.0579564501488422
-0.0503103118835688
0.126064816291311
-0.09131353391287
0.0782905707197144
-0.125199622920586
0.0895317433928531
-0.0590015526454105
0.0781309310457324
-0.0732116580855703
0.11612587060526
-0.0190486187853267
-0.160740946409131
0.287868438664921
0.039072431910045
-0.0983679143741099
0.107503382971225
-0.155121092161706
-0.0091935493455489
0.0113542731283362
-0.00328295727928988
-0.0943824894822173
0.18099926079685
0.0317252121478728
0.0956055884941618
-0.0203043492509419
-0.0708536079345417
-0.112893646842368
0.106962319410417
-0.0314396362523575
-0.0980566885480942
0.0730503118295905
0.0583045612718016
0.0541798868936775
0.169694826615203
0.0937144999269589
-0.0875983027054782
-0.0876173927803238
0.0489500516482464
0.110052161812572
0.140447157155918
