-0.184241787635652
0.135724561943635
-0.0357713475527207
-0.00630799807945435
-0.165177176891155
-0.0743139670826432
-0.00737919226301929
0.014341979469742
-0.081073113187761
0.0502351648275426
0.0226677390846215
0.0350521489691614
0.11809113825333
0.047388704338081
-0.13117459163963
0.0835821122886334
0.0969221712022264
-0.099521171548605
-0.15202341784022
0.0970690780773331
0.105376863096653
-0.152154934997059
0.0980367078654356
0.0656971027119836
-0.0899581482437017
0.179936227314653
0.0958895007029884
-0.0157274037215359
-0.123187847864285
-0.153120561259549
-0.177103433038656
0.0181930191919989
0.132199456599933
-0.141776153287485
-0.07732576776112
-0.106957132266933
0.0636046858971178
0.113518364719962
-0.0423412963960538
-0.1382216073589
0.115199828781236
0.0882894021107424
-0.0490493771013998
-0.167649541220112
0.0315200121918157
-0.213676612131348
-0.0216682154777464
-0.0215628835650406
0.0821659192047689
0.0546442764852813
0.00911062327530856
0.13049022185509
0.0768972467180042
-0.226083717600644
0.0247400762361006
0.0399549041697884
-0.0710592401301649
-0.050356195727954
-0.0785012421599084
0.237895192197978
-0.0915160821944427
-0.0999263610551416
0.14825445345947
-0.0759045572830725
-0.00268287951212567
0.00336866449735013
-0.0485138114021121
-0.00234257474268426
-0.236301167248972
0.0232026129147358
0.0433212602617955
0.00650783579553006
0.09336645079466
-0.0062731271998198
0.0880178427788675
0.0760500849978588
0.0691595078168734
0.0598139842392925
0.0157989964694135
-0.0500163132358419
-0.13503480351099
-0.02867305281007
-0.0758251410892362
0.0794654335753555
0.0830780804943523
0.0200011095898099
-0.0157067339266316
0.18755881896533
0.0740623109932579
0.0440364842293099
-0.0928676325976479
0.0525115263651242
-0.13257813341558
0.00207658733269199
-0.0159678010002828
-0.103857411067196
-0.102558362109129
0.0168779294636995
-0.014618359371557
-0.144563134023301
