0.0561617736097735
-0.0376789921033155
-0.0499317353949021
-0.0132703400854978
-0.120702313181462
-0.183583458570404
0.0568244971211669
-0.0284174763296376
0.0470931560572739
-0.110506805892181
0.0432476600405874
0.266756059126388
-0.0187046533984831
-0.0761940824271662
0.0831761866513065
0.0386227130536037
-0.119523033749939
0.1091553187428
-0.0240019400210935
0.0864866427073114
0.0194959650893141
0.0405692613330461
0.0346578754333616
-0.0450010813562369
-0.045752481927337
0.285615895883961
0.0561654421916732
-0.0278384105906682
0.192479308307105
-0.00690726869581808
-0.020095184780401
-0.0340357877851351
-0.0814343920452454
0.0170132776635134
0.102352890986322
-0.0550983469718888
0.0511071794597296
0.0635753798200553
-0.158057531794601
-0.0128443118624706
0.0692668907283469
-0.0304573670041711
-0.00581885570055155
-0.0416507519439354
0.054086519952846
0.0293413573259561
0.00753179598938762
-0.032377669897578
-0.0351951868078848
0.102442229977453
0.0936737683984221
-0.107030406885167
0.0600436044905519
-0.0855256083210117
-0.121604455419098
0.0181363371201638
-0.00681467782902984
0.129686905763106
0.206161117121578
0.0872439182007781
0.0916030583948988
-0.082602706325618
-0.0581151759968545
0.151071193827954
0.0630069189789076
0.103506905498344
-0.148723220391315
0.181389686903596
-0.133727818542145
-0.0227282008286074
0.0572779896808219
-0.0143672697906957
-0.0162974369114564
-0.0898038768022207
0.148512794610846
0.204760341438244
-0.0468676985775191
0.0615124745322079
0.0499432271645075
0.0157746283439364
-0.0363495874990143
-0.0942041674611353
0.155873691071761
-0.0061845717280386
-0.0825467505812865
0.0437275549757829
-0.0108262747613808
0.199965133609217
-0.0936603553198549
-0.0399203311570224
-0.003712146873799
0.192971785947581
-0.0564185059395159
-0.230240910810496
-0.204276942338029
-0.0218750076319871
0.0131933781814065
0.143657489725581
0.135942070031717
-0.0186133843160398
