0.0611329589212298
0.0852933181465676
-0.213049290365719
0.101715861874744
-0.0337762136900107
0.0060734426655413
0.0103753959298685
0.0904169260145428
0.0366495615814412
0.0152826335547679
-0.0344530602997761
0.0024595025092507
-0.120494838196332
0.0328135713094135
0.183135770982356
-0.110362756835504
0.0044460328071424
-0.0761067830365469
0.0690457276898914
0.011541103034566
0.0496199539139418
0.0995438450719555
-0.098843740967585
-0.0561566473888463
-0.0601217642666663
-0.038570641002827
0.102902600512566
0.00689859423079449
-0.0125193519378887
0.0994553083277614
-0.17802647961085
0.0485721758823562
0.0386400980371618
-0.0943933327936876
-0.0283969820120174
0.0761633731403164
-0.038595226647681
-0.100471832101323
-0.145283167006303
0.125946459542935
-0.0849057501001731
-0.0444277627231761
-0.0904835222666756
-0.0425138552905258
0.0950346393709979
0.159599308035887
0.10155132074714
0.0818251474835409
0.318724232275311
0.0225859179029974
-0.0224066961266792
-0.0684812792071861
0.175077207742268
0.0911613647048316
-0.0633036269689265
-0.141418062877064
-0.0470514949798092
-0.131824125498757
-0.118367468199563
0.0965111193171523
-0.130102739495572
0.0460777401527406
-0.123524964233261
-0.0149543265565072
-0.0315305968277298
-0.0808225267249758
0.0122161945703352
-0.161600096408418
0.0532346827800859
-0.0132358008122077
0.193810656836919
0.0110717131179142
0.0637292123670724
0.0311392628505372
0.0306249294685571
-0.0510664083253123
0.0109592279294747
-0.194679062746543
0.102469078786386
0.16874077109333
-0.0458223816526932
0.123642614558638
0.0394387445314787
-0.0253440289957084
0.0227021746938749
0.0510520386752751
-0.129381037854049
0.0873516810393224
-0.161091746096711
0.0581561196540064
-0.0479522899044405
0.142579162844746
0.0291689038182502
0.110357580530369
0.190104513358463
0.0272063641019489
-0.130451467933925
0.171156877820514
0.125135288750794
0.0944961428093291
