-0.0467848410761179
-0.111089636431679
0.0334401046618035
0.145137098830459
0.0300886513715585
0.00354997674681451
0.0504579136292071
-0.156916019464463
0.065963988454736
-0.197529233675062
-0.151104436604712
-0.0813652613754497
0.123882400229036
0.127012018748567
-0.263410853701093
0.0471882718989985
0.0387344443801797
0.0321288429844221
0.00853306793168355
-0.0780025676644836
-0.110265134203767
0.0435619047935042
0.0343027933440479
0.0769711908659857
-0.0164067113082234
0.028165730840308
0.135944553038431
-0.0972138979532302
-0.0378996741293708
0.0461607837407492
0.132202852509295
0.0350421666697671
-0.123288204094079
0.0790654822170043
-0.0150646961229167
-0.0944035793485876
-0.167082788169502
-0.198259842223598
0.139328587849048
-0.129726202477708
-0.0232795152580211
-0.119001814022836
-0.134617559172305
-0.087703165094435
-0.0940317347320459
-0.018814598570261
-0.044683209609635
-0.0222892276563093
0.124377287352518
-0.115953992992777
-0.0523265689565842
0.00892734918617073
0.116274554056402
-0.0340054595197158
-0.121237775512487
-0.0237811227854345
0.0447342867537739
-0.194634241333492
0.0480163449885927
-0.0137779800945177
0.0741246554568268
0.00371114350130664
0.0429245800508783
0.0871201932681224
-0.00842914145287617
0.0121748169199183
0.0296466839549907
-0.0977385295760461
0.162907706035596
-0.0515284995869966
-0.0369226277480826
0.128172970529207
-0.0379880656359938
-0.0189212067254461
-0.0849019893751594
0.190376428260129
-0.27133488875283
-0.135484495331419
-0.0457686598941869
0.0119851571719994
0.0139541415088807
-0.0520357576786938
-0.139191840994711
0.0445089609338684
-0.150531640606903
0.0652251229007249
-0.0283017225876949
-0.158032229553677
0.106578557313312
0.0136920098838721
-0.0614883222467095
0.132226688433903
-0.00603333529265491
0.150257623715676
-0.0831639263109094
0.00684002071539634
0.0917059559224448
0.134389251652137
0.0014997213692494
0.100026402388777
