0.131199946235844
-0.159041088074969
0.106892047474366
-0.124194743719959
-0.0649879992399121
-0.101426638575151
-0.0249451167011443
-0.0395992451890299
0.0495519208872104
-0.0926964422777367
0.00191310773715569
0.0273178454978729
-0.041708719420505
-0.0968608680247716
-0.102561157254544
0.13923777440643
-0.111338324686509
-0.0260841580063275
-0.109563598177686
0.0866389044260923
0.0433959922257182
0.133967575283623
0.00762686145552082
0.0412645094087746
0.113154435965615
0.038167796928981
-0.203251290543828
-0.0699056263760056
0.110986536007757
-0.0558301146982805
-0.0295661310840705
0.0368481074843873
-0.215652117783812
0.1864740599638
0.116090559539944
-0.0845336081782515
-0.153011402197331
0.22998018767342
0.0376583467457536
0.142780738188096
-0.0457328991871345
0.0769505578139331
-0.0453467240654188
-0.11885865852926
0.133448453915677
-0.0176452700978206
-0.112019716378456
-0.106581174625737
-0.138764790170098
-0.00677678269742492
0.0856322458109769
-0.0220390809995503
-0.112806907066239
0.0913651044258778
0.0463498731188618
0.0271421623240627
0.0769348738512408
0.00914650738243351
0.116476930914109
0.0678542088980622
0.199824325456002
0.0650392706287061
0.0198920774975016
0.127830037973523
-0.0460264049072366
0.0284589425783415
-0.107156975484299
0.055508113175758
-0.0420769618225033
-0.0856653276445655
-0.0262510007228885
-0.0933339939936881
0.147286083771673
0.0656717902032629
-0.117671843077069
-0.129736538147589
0.0943130664927597
-0.0956300545101087
-0.0498660166563462
-0.0370959293555536
0.0107425362682678
-0.0510069496225015
0.0698843549893579
0.187300725395951
0.18654794278333
0.00208181364248046
0.147168805617176
-0.0578057745518277
-0.0562371444407544
0.12141139031775
-0.14801818541418
-0.0830951360644025
0.0493278599064752
-0.0789257076954766
-0.0208495700954715
0.0906492766790449
0.120697346032212
-0.175260309460154
0.00345075950096834
0.0051300258802243
