0.131496949784907
-0.0320163736443587
0.135540757607422
-0.0442769789361373
0.0144126822604075
-0.107993623528181
0.0823412724999772
-0.120807283353703
-0.127736678578167
0.150472316003259
-0.0935464477627525
-0.122145103690341
-0.00184404091725437
0.0519375105863492
0.134534727685093
0.121641310137864
-0.0406980940294397
0.180214914638732
0.0457599577958042
-0.0127420475083771
-0.0189001095086175
-0.121910565800147
0.00958095738499222
-0.0326056434577448
0.0019770601980371
0.0996453743431018
0.183810257473438
0.075984774423165
-0.000308075006327358
-0.0363755637259703
-0.0510626579787855
0.0624172801900206
-0.213062877647852
-0.0275547398980515
-0.0915833069070346
0.0595954072556595
0.00490291986887291
0.037392971684075
-0.0501804761820004
0.0879538923718592
-0.124937364176829
-0.103356979324234
0.0365180210827173
0.0571165319833039
-0.0644563234266602
0.113338445400071
-0.163658900427276
0.0491493199553453
-0.186597343466174
0.0273832404885961
-0.0933215606288138
-0.122965032342538
-0.14167232745574
-0.135264377054146
-0.235840614555267
0.00881438046105957
0.0270776547027595
-0.134909549699789
0.131829809214659
-0.0345211031633166
-0.0449853424064538
0.0734544388910307
-0.0109871456053973
-0.0582305210794104
0.0831926222361581
0.0800074557054094
0.105384781616846
0.0615203487166731
-0.0408675299767271
-0.164753683340478
-0.107833263061904
-0.187784833813803
0.121212142027628
-0.0700941650014112
-0.06116377961749
-0.0315257412508662
-0.148031818517922
-0.0689442902986789
0.0751252535917869
0.0434872302460515
-0.0764536758943038
-0.0432863357174893
-0.0450177600861561
-0.105696857538237
0.113282526658666
-0.149775167074433
0.176833004706848
-0.0553470925467393
-0.0455880404701521
-0.0463122171940413
0.148562727459614
0.0564298471364282
0.210523657703852
-0.0677853970609808
-0.0114337521399965
-0.0999790736554958
-0.0442352295578932
0.0313430377258856
0.142284129682214
0.0797459971185553
