0.0677748522744807
0.113030345512672
-0.0605057777293669
0.0867227417768656
-0.0761255413753302
-0.132326215757155
-0.0936693712046853
-0.0657703703630908
-0.0213908298209233
-0.0744811065992243
-0.0881769464308712
-0.119856523752354
-0.0364360622499906
0.00569880163553523
-0.137496469838573
0.0613375915381255
0.114070318689994
0.0694297312414345
0.0132853126293399
-0.0116515979981437
-0.105714653142647
-0.0550288439840189
0.0505986757841343
0.0743145658437683
0.0262302915721125
0.126201650640455
-0.00907726769329532
-0.0823326043818758
0.00826342753751313
0.0967853597971602
-0.315584446421879
0.0616829231316413
-0.0481966144750145
0.0965317910622377
0.0241776516340137
-0.148920654436753
0.0485989010889458
0.144557423832335
0.141763773442319
0.00970740126347388
-0.196713598913141
-0.0631877762998285
-0.0226190689644256
-0.0261997751145635
0.143985166566734
0.0238372148888488
0.0399150560720989
-0.00704555870273724
-0.0981197679484861
-0.0560170322906418
0.137741263948693
0.00938007524192286
-0.0934184464434721
-0.0200419828310517
-0.0719520598396795
-0.0938355270605775
-0.0716644943907388
0.149193722865497
0.00565682819974378
0.0656036233446139
0.111198730051406
-0.0925775033770365
-0.10460441146873
0.141949676461699
0.143133657690493
-0.0293721943711791
0.0818339435819543
-0.166556759922297
-0.0666382094475166
-0.177250848313074
0.010138889047057
-0.0443275738676576
-0.0237556856266441
0.114913535835406
-0.090854083665607
-0.00239825032883476
0.13312048296295
-0.0545115140567228
-0.061494337487546
0.123357104899456
0.0995190005969411
0.092525950637276
0.0494414272475656
0.169591965228225
-0.0659671356635831
0.0609625634079027
0.0421645724402179
-0.260200324453004
-0.134426356295276
-0.0685379661591621
0.212222877388892
0.0252861737827153
0.0887498826278474
-0.0686241073994544
-0.0115491385578831
-0.166102414739975
-0.107673586328256
0.139211181153712
0.0165442696928985
0.0096526192470292
