-0.178248608581116
0.136204715451688
0.00143937995659539
0.0544016186423626
0.169694130890121
0.0684908866154361
-0.0922304832387293
-0.0930352116406464
0.0397564331057391
0.0452264068406213
0.071917522713688
0.0136854982971258
0.126902270237602
0.0888022703311002
0.0685334824496596
-0.0259954847546946
0.209056330801568
0.184843880647911
-0.0293248973488967
-0.138569357309275
-0.103324396476888
-0.147756018055518
-0.00452449884176498
0.0695457976094789
0.0958023247430502
-0.00887649675539203
-0.0558625474888097
-0.0904524944842506
-0.0991275793025625
0.113381414027406
0.00446089996090881
0.0519693032169291
-0.0541528087968003
-0.121548974064554
-0.00674874455556417
0.0553480350289368
-0.0843739448287896
-0.116503146160012
0.000496198036982635
-0.124997966674166
0.110584110332186
-0.117926724027765
0.0745128284186475
-0.104574714948423
0.109975043706098
0.00379619395913719
-0.0597878510710383
-0.198436976830612
0.138277879099394
-0.0632735936087738
0.1083059237339
-0.0616214397501393
0.153118609947471
0.150010914808498
0.145498195488046
0.111757596854012
-0.0124361402418719
-0.063761608705691
-0.00166600604562644
0.163305334686456
-0.0859319054012765
0.1365061452147
-0.039683903374198
0.145029540086688
-0.124623521477357
0.0147053572531024
-0.0846122357359321
-0.0723959818401022
-0.105156488838006
-0.0462398207971803
0.0432648992286388
0.00316727258691456
0.0120727193802627
0.0639093077123524
-0.107081246641695
0.087887400930446
-0.1459852055219
-0.0863142101386747
0.0972236517718915
0.113840514732605
-0.173714089078727
0.101051988665171
-0.0589106420234213
0.029832050221804
-0.0704809975276997
-0.0693877603184473
0.0797629792941994
0.150845089787368
-0.145604070069499
0.0139979298977941
0.167652233158668
-0.0895512839041613
0.00473851269179393
0.0280167056115063
0.0769983283024255
0.00681415773274668
-0.0320059935120268
-0.111995803870443
-0.0668464566764501
0.200134329901147
