0.095466328491118
-0.058345743928317
-0.00138943120502943
-0.0940082863236374
-0.0476398729347791
0.103776662058203
-0.0840186905672404
-0.0230571598131055
0.0568883800452784
0.115013885164498
-0.0928526704862308
-0.1078929651915
-0.0446218334040295
-0.0362546264398583
0.0592944407267656
-0.149965170351604
-0.0537943216729641
0.0676148174859903
-0.172612370316327
-0.0735834359253594
0.0702109399999488
0.105323881370298
0.0968055637591668
0.0857674447973048
-0.0310114554315809
0.0480371122757308
-0.00985185594584687
-0.122545862257635
-0.00741985433411427
0.00591158525242241
0.149475640901817
0.00664792209758432
0.0108596469875737
-0.128909173555974
-0.129097785347782
0.234957125032107
-0.0505609209308473
-0.0182860838724058
0.27767595936766
0.100023183386399
0.0491834410650469
0.0811092023432061
-0.11376362189157
-0.0959083322347873
-0.199280465495134
-0.0785419531444309
0.0472441176286648
-0.166678233479677
0.0244577188564169
-0.0560311525254091
0.0371774003125428
-0.103832505683637
-0.0367084840423168
0.0637321584626005
-0.0611395573192941
-0.00461102913379141
-0.00408388092524898
-0.0524668039209426
-0.121859370596915
-0.0376535094070376
0.15865903911558
-0.0914532503946161
0.0998331726321314
0.0418229369134818
0.199778325920924
-0.161942050974064
-0.0680543235035079
-0.0560450161149634
0.0466836206264807
-0.0794516649737341
-0.00666316974194605
0.0351196658690053
0.0868876937486175
-0.0907050145073676
0.200967179613152
-0.0641300908481092
0.220108164751054
0.13537948658591
-0.13353174698439
0.04934454458478
-0.0698341666814263
-0.0323385080441597
0.0660822647591441
0.117853159917371
0.00709325793715321
-0.0719482434945001
0.0459333225230936
-0.00354007462168824
-0.00258504379478099
-0.094517890891669
-0.066917836732551
-0.0661370659927651
0.122097648956846
-0.032588980579074
0.0279813919179453
-0.0650428330626563
0.158951649959523
-0.24328598508345
0.0877289840773397
0.085084362771012
