0.121172678294709
-0.109568078892212
-0.253369005269338
0.0848048297567608
0.107876457541945
0.097818948610866
-0.0469176788030851
0.0467925658528428
-0.0451688619189112
0.0252446985007155
-0.0887622967717738
0.0560316420347062
0.0030903539222659
0.00831067747262825
0.113548020636728
-0.02440153730706
-0.0614202983569683
0.170062987486393
-0.0408722267101461
-0.0180615156261786
0.0422692748647859
-0.0102490154213722
-0.109361233552874
-0.0271489454526533
-0.0494945441685407
-0.105456951447913
0.044567117072825
0.129443604406858
0.0681333427688983
0.0429518046165363
-0.0108797612764772
-0.0935722708910262
-0.0808228453995103
-0.0878053542976862
0.0816614952751898
0.118072654627725
-0.110986509505711
-0.0714927501674132
-0.0134834331285367
0.0685233384303409
-0.248789354628783
-0.130783659113012
-0.0996359277658062
0.0415414455944999
0.022602224630356
0.262527438165389
0.0819870158177328
-0.129282224568633
-0.00625140420901896
-0.121893537214536
-0.0137604108530755
-0.0829731656497446
0.0277625435250727
0.0816708834427085
-0.0799958666938534
0.00801428098984633
-0.0491178683555594
-0.00525131252414952
0.0194824407398627
0.0111281093285766
0.100164087669546
0.0888567844830438
0.098157223041788
-0.0713038579980603
-0.0498251125336938
0.0385731818084682
0.111565476868431
0.104883141724654
0.0313671775576808
-0.227882643293603
-0.245417989374913
0.0237070672513534
0.0197126397141231
0.210195047754695
0.110813068781952
0.0267923825957194
0.0867987386057291
-0.0471161578433756
0.0600694419411673
-0.109719695876235
-0.0851479476248181
0.00410370430891007
0.0923652394068319
0.0750437134065252
0.0789001896590581
-0.0119482753537587
-0.0609024918712462
0.105669750467055
-0.120349967910948
-0.0442791372750678
0.0503212299180327
-0.168931206704903
0.147794705319521
-0.122796730266179
0.102996513449157
0.158672955250677
-0.0919077025581033
-0.0350923313587379
0.174774271217707
0.112928741916631
