0.133697352228171
-0.0557140116521602
0.0447770009739102
-0.109147663288512
-0.098857865498263
0.139124804545878
0.159889113563433
0.0943120819483589
0.122994194206463
-0.0296921266915246
0.035319506927471
-0.0803954006167902
-0.0800625064561421
-0.0117827791933924
0.00513461596458202
-0.168336985499358
-0.0127481443196522
0.105698813691727
0.00144373032294058
0.0344182762983867
-0.0691306390892129
-0.193956999948011
0.042776213625245
0.296736631887024
-0.205883475105007
-0.112623496359033
0.00429520792748332
-0.0222997556164401
0.0422726774015995
-0.0257067572600142
-0.0455457971144169
-0.0647288474900225
-0.0696262731598077
-0.0585369293122299
0.0708132187892848
0.0886815611709444
-0.0021801403346194
-0.0382780758882372
0.187800997252038
-0.0585564899152241
0.13266174691686
-0.0592567097854741
0.127685123246971
-0.150229650643874
-0.108317277784592
0.0546412072925382
0.0547188967668905
-0.128473618023753
0.122082674063659
-0.065112496684331
-0.102603796122194
0.0872791799994943
-0.135229716716229
-0.0597584687813001
0.0731527032553702
0.0206678946451146
0.0751104914321468
0.0207539792205062
-0.0378659849136655
-0.109906493730591
-0.0337285351458296
0.0028564340440263
-0.105677682484828
-0.0479724910617736
-0.0257418456030816
0.169605473231764
0.0717587051649638
-0.0361593162003937
0.0224194304282207
0.0864027137555975
0.0150340984390149
0.124582850115505
0.071737120363096
-0.0538445158830649
0.123008038999714
0.00515302051501203
0.0336337731821272
0.0723592135432591
0.0808735377030311
-0.0424166267703975
-0.0862674859535538
-0.0774953930997622
0.0702100026990229
0.0482701064834774
0.128196191934995
-0.137048622015102
-0.0220610031652821
-0.200924577948138
-0.137719394188146
-0.0872326701047558
0.212052914963068
-0.0569693856513819
-0.0467227327647962
0.0101901357758881
0.22558583938584
0.0848086796061261
-0.0353554672376589
0.153334776422217
0.107052310067141
0.116027461828616
