0.178852563252256
-0.0996196384888674
-0.0791939971844249
-0.0716082796030646
-0.0861548811652408
0.0226716846252418
-0.118229135908958
-0.105780333472248
-0.111142015646826
-0.18886165219104
-0.0452923914147617
-0.02518989169792
0.123333907794625
-0.0246435632708869
-0.048323141103995
-0.0493889454112739
-0.114428870523336
-0.0729290014967591
-0.1294126805699
-0.0462101785397801
-0.093194052308417
-0.0188926187133587
0.195169128245836
0.143578792647955
-0.158721506840193
-0.0476624732887555
0.0115637775530891
0.0304641995364598
-0.0398956954698737
-0.0712970291411089
0.0689954476785031
0.151271805731753
-0.0649655308386217
-0.0789873874216145
0.0704023497253348
0.0272992609159409
-0.0154316026566255
-0.0422396451517463
0.0874383905785405
-0.0472426017747202
0.124674193969398
0.00274155708089953
0.0348320296965729
0.265615399295377
-0.0281615084706066
0.0202587566448217
-0.17830299684457
0.198416423632048
0.0174184898906967
0.0381227638196148
-0.0296710821504113
0.0296304676060844
0.0396375280693463
0.094670088467866
0.0905853376038093
0.0172704884323386
-0.0306075817064388
-0.0717480623507345
0.0051840701433785
-0.075306384034029
-0.0770802201486688
-0.082185564792967
-0.182577209259675
-0.0287356552584892
-0.133047653388252
0.0288757762664823
-0.139280559158456
-0.0911408163957068
-0.221932269377465
-0.0986609661341526
-0.0310418222852676
0.0122159941671989
-0.228309156758232
-0.0100919718139671
-0.0769123878515322
-0.162727922805902
-0.0923191076961046
0.0773297745269966
-0.175842382405373
-0.0389705987190542
-0.145385425549781
-0.000136487981518604
0.118918519142295
-0.167980833725885
-0.0833941834043676
-0.0253471084630165
0.134524703153202
-0.0316714502808927
-0.110860459765948
0.0932313306285573
0.0779363549775167
0.0465938332522781
0.051562452912561
-0.115293553264128
-0.095251862857491
0.0782033120888738
-0.0996681110441569
0.0133742773363655
-0.0364075548180401
-0.0745523815694227
