-0.179013534999052
-0.178630759426565
0.0252747523739902
0.0535015099007551
0.173193291912339
0.0392799074284218
0.0797789245010701
0.00836910177278999
-0.0691063601502211
0.174475939977408
-0.0297737946335417
0.0118525354153146
0.025793589022208
-0.0414761834996076
0.00631010041039951
0.0419663009955317
0.0502669822488068
0.0594932315513593
0.171066389471073
0.23624472176123
-0.0617706339622269
0.0989543466329538
-0.0821355042487655
0.0416882704375606
0.0907397173988612
-0.0867365700362719
0.0914260222251147
-0.0451559771948613
0.0266623227732278
-0.0181138633115137
-0.146195412227488
0.0342722641347046
-0.0520838237064717
-0.142806972101034
0.0686440013758186
0.183750521238216
-0.130527203671903
-0.0778575859000608
-0.0994304228898718
-0.00875822008569487
0.240013894959517
0.0380156039971736
0.0447321540770297
0.0736670900166687
0.101307492974512
-0.0986886191349044
-0.0532891164442195
-0.102284477993737
0.0870376252967368
-0.116405370398208
-0.0441985908818642
-0.0646618505544842
-0.0441809623171326
-0.0347705890364873
0.170179607427683
-0.120027544483835
-0.0182308897710394
-0.0330120011336014
-0.0227970516537051
0.0540744687345515
-0.0715457142779112
-0.0684364746841971
0.0115997886031133
0.150258735645757
-0.0226622106412489
0.0557471801701313
0.075320383803718
0.0242972620331789
-0.143585482396511
-0.132217198229671
0.0164281680193921
0.0165908228715996
-0.0205844632700496
-0.0385166415390275
0.141588810831645
-0.126787456228267
-0.024642431191167
0.0609746454976256
0.0388072904194035
-0.0406657774268391
-0.108284925833641
0.177353167205823
-0.0987300770646046
0.0691053017879983
0.251096878139719
0.28900067523998
-0.0228126252501301
-0.00722197686675717
0.0253631128215737
0.0686199753064163
-0.110349560796232
0.00572725253734354
0.0806077106492707
-0.0757689490478312
-0.00145576496640097
-0.0345070220368129
0.210871946931723
0.062268609945541
0.0771732723108401
-0.037193794300214
