-0.0149288978562843
-0.000601369949809592
0.0537643507775742
-0.200086453448144
0.0267693805946602
-0.0169581340499515
0.0938313249134397
0.0431783844093453
0.0191461281702158
0.0932272175157289
-0.00589762902610468
0.0949916309707267
0.173525487241388
-0.0111031714375587
0.164496764229794
-0.034040306986803
0.0304243826472515
-0.123622850295703
-0.0349019359385514
0.191378845359119
-0.0911816511485952
0.0504494860245984
0.0251738371539236
-0.226218757096375
-0.0385653847287109
-0.064939673343385
0.0367703120773391
-0.185832311516111
0.0892588795546123
-0.0758593214992701
-0.0729586875754529
0.133564021957896
-0.184581864686625
-0.00953812863019424
-0.0859100604786049
-0.0224908034231301
-0.0663172795978513
-0.0323473911800089
0.0414785593274722
0.254036634177108
-0.0123961993060892
0.174518365390072
-0.111729492725081
-0.151828775416222
0.0588303205094375
-0.22284932837536
0.0560884102821821
0.00843732434857093
0.0336511523041161
0.074092442712983
-0.145429438802024
0.104004433832872
0.125861465194289
-0.0436548250916056
-0.0315623175283524
0.0430463116312499
-0.0845997215678511
-0.102369590465671
0.0294344552295743
-0.0168995805972052
-0.137943648054973
-0.0069371136507421
-0.102236113824167
-0.0471814478303432
0.180555073649251
0.074104912689088
0.0170102562772382
-0.0178551752108786
0.0099301018244112
-0.0953660379751982
0.0763020070038443
0.0813503648755354
0.0833291788179355
0.0529831378283216
-0.122833966545874
0.0261829982877241
-0.133759023482868
0.0255400099174099
0.0541228273258831
0.043880232008279
0.0371163195150916
-0.119408611268291
0.0370943757909734
-0.00096005760434855
0.026600285629367
-0.0181538700488678
-0.124857687694324
-0.0335640059997701
0.203961689504555
0.122568874540782
-0.0214967182036567
0.245338574891189
0.0922951012058332
0.0528957217325349
0.117685309995036
0.0492735405148274
0.0102352107953625
-0.117106401440985
-0.143503776029122
0.0644183766754177
