0.0247574326894087
0.0514857004803649
0.0600773321649048
0.0568528408744585
-0.0919966892552134
0.0538876009476863
0.0976456589037861
-0.227710452293889
0.0155875709746162
-0.116804393665278
0.0500211917164716
0.0723351012677998
0.172592544405756
0.0668609705780609
-0.206462568179491
-0.00499646616393883
0.0270937328919906
-0.0260293139347119
0.102375453462265
-0.026922965320997
-0.0543339899912067
-0.0436826578127537
0.0732906306778844
-0.0158541582282446
-0.0520561072202889
0.00554526451643807
-0.0388058012300009
0.0310842095775606
0.105141050837531
-0.0585276432775375
-0.00415199152394364
-0.0116591568195392
0.0736024233790446
0.0483339717238216
-0.0201730073589838
-0.155170753918272
0.0107306699529848
-0.0125324293249905
-0.00323901192889944
-0.330790816385139
0.0045870870640949
-0.0211290351822165
-0.0815656584011276
-0.0597248255994704
-0.064630132832123
0.188232151191865
-0.138552282774129
0.0196578954070001
-0.0748130953715164
-0.0309070078118644
-0.111514626505486
-0.178813189738748
-0.0549909852573526
0.145539394144464
0.09074228088237
-0.159220539103733
0.0368061732642963
0.0530780951007326
0.142100905714461
-0.103166151803646
-0.149563982130196
0.127900095227237
-0.0705043729758404
0.083988236680284
0.0560187427486571
-0.0502469617897597
-0.0204662630851821
0.00399261969022035
0.00366936802835368
0.0390009904926936
-0.098466192296831
-0.222525928853603
-0.0889341179033527
-0.0553175653628207
-0.018046460064431
0.0694196003173515
0.0970970326469996
0.157438064221449
-0.0143213585711113
-0.126165485354495
-0.105241970955232
-0.0813536197357692
-0.0331389409821827
-0.0607941240846399
-0.0752023836273696
0.0456284066277819
0.0534615282605424
0.258225132629607
0.0948491283603175
0.101340159919071
-0.0349593605565341
-0.0160732710731237
0.0135599452281643
-0.0577715954786323
0.00170914257701599
-0.0181136092545441
-0.048256096263402
0.137097879142706
0.205414590103772
-0.219879631962035
