-0.146705453429936
0.0703586721694861
0.0815382484089044
-0.203152505910034
-0.0314923845215773
0.0662718122123504
0.0884773698257567
-0.0631378783292525
-0.0740410993989535
-0.00768351894507497
-0.187618348404107
-0.135412903077801
-0.0400288613352806
-0.107232289234267
0.255434504161866
0.0461681926746588
-0.0976094570919944
0.0203881208241129
-0.0890305373627706
-0.042492153876075
0.0474873447375224
-0.0303760062078659
-0.0765532213782155
-0.219772410396027
-0.128024516320105
0.0708643434379072
0.0846413600335222
-0.0990268479160093
-0.0919908489030897
0.0266574748798836
-0.0718999794311354
0.142665110573777
-0.0497789015851744
0.0407547381521659
0.108153191680371
0.0210644308436727
-0.0196388063800946
-0.136976763047342
-0.0876030482081432
0.056809090125518
0.0527306775582652
-0.0095135532678434
0.160432007165239
-0.158320919180662
-0.234740770913395
0.0626481094763954
-0.0541276164277835
0.159694813266816
0.0379176097309036
-0.146977507283432
-0.0438131987256236
0.0237226965609325
0.0730212327162503
0.0529048725169253
-0.0350476850936211
-0.0529356115503674
0.127324633538632
0.139252681231013
0.0704628558899451
0.0382963795886717
0.0251688188426509
-0.0581823390767457
-0.0886729339323189
0.0492710219417083
0.058960267602273
0.0991170277714292
0.0278119014979047
0.07329062842072
-0.181222484735839
0.0593537707466558
0.073086970279905
0.0800590313481161
0.0482721937945704
0.362411531573768
-0.0227549765064269
-0.10760696898628
0.0569046750806594
0.0917417956481592
-0.0203538970389438
0.0935583676608184
-0.0662449637899979
-0.0292962081525448
-0.030217493500092
-0.00671355816651221
-0.0788177927937061
-0.103989862432437
0.0278072452709629
-0.0360730135046205
0.00555949348712093
0.115785124822175
0.184680511319192
-0.0659553554497843
0.0805775766152258
-0.0719882587586278
-0.0206340061896536
0.0423423860387364
-0.0724848385843217
0.0803655341882427
0.017555101227023
0.000740961927803129
