0.0145463411638219
-0.0146177452886578
0.0547385018585218
0.0716138289595414
-0.156753035436262
-0.0738252163902702
0.0136395031808442
0.0853999058274234
0.136930083086046
-0.0446861548474001
-0.0143318060062468
0.0440761357553433
0.0742338629997896
0.0588196850974737
0.169242588401017
0.106771896183161
-0.0587406087432823
-0.000307481572937477
0.048874589254048
-0.0655167138927957
-0.0368118133938202
-0.0292719357327076
0.105071192784578
-0.0359607840967037
0.060982876907897
0.077167942920443
0.0170491058494225
-0.0595871620359131
-0.146387716116498
-0.0589146064505483
0.0135982785123477
0.0274776698312574
-0.136027476805628
-0.053148421506641
0.137713536784612
-0.0675778805152297
0.085837734175076
-0.0452825608333266
-0.0601376425871483
-0.0297605031542776
-0.0526552548348759
-0.0527965825415606
-0.0844178776001703
0.107762136633714
-0.0365781994825372
0.117553296346375
0.0113320816175546
0.0105728239002077
0.17807370281571
-0.0289209354496518
-0.0676657901531797
0.23766838245072
0.117807599490303
-0.0427177451920467
0.0799717398270347
-0.248380610989334
-0.186459150333302
0.0299096349798819
-0.172336124842133
-0.0996387512657997
0.131937506421174
0.173213579026312
-0.136634546253094
-0.0907182238635024
-0.0156432302133634
-0.10140266701383
0.054472015605359
-0.152677452126697
0.0592265498143778
0.014193653236521
-0.211081081448955
0.182112893489673
0.0856626499196128
-0.218814750336827
-0.154996196344612
0.131788811107906
0.0733747811426546
-0.101445946920656
0.140622888049706
-0.00171229150860443
-0.035102963305906
-0.063660290747036
0.000166746834917192
-0.0424939722462505
0.0390796131425065
-0.00713579021142875
-0.0511462146615353
-0.0957718779336137
-0.0598217376571516
-0.150295428513061
0.0702884152632371
0.00266063039120287
0.127179227527499
0.191107513707238
0.169063718589509
-0.0460194303967362
0.0447274584557629
0.0464177795394387
0.0118567240549613
0.0544761785277459
