-0.110891091469956
-0.00961506706443716
-0.136351371468767
0.146879097481347
0.108257546060638
0.141426605730716
0.0164060563664011
-0.0610298194460962
0.0313917556607444
0.0975874147700423
0.117475831615808
-0.132946475298387
0.00846838144098935
0.0788912165523768
0.300456534035199
-0.052597014470462
-0.0384791011123159
0.0123300293153629
-0.159817545652627
0.0168579363609209
-0.0130099949037985
-0.128800242252014
0.0530328129773041
0.0500227865191843
-0.030929325136637
0.0528766333555115
-0.133378929835551
0.0239544038743194
-0.123217511455318
0.104499756118963
-0.121308277815655
0.120606824044599
-0.0020885316396695
0.0215572055010908
0.0308153070191765
0.15646438450834
-0.0827456952892591
-0.142582313808157
-0.0566828706256486
0.0900513456658392
-0.109337619442003
-0.0203008067883494
0.0856793868390757
-0.085264292473245
-0.110129255898858
0.0493635358043878
-0.0181928093623088
-0.158239617742647
0.0930017999626404
-0.113502109521738
-0.00159734974805717
-0.122057990746572
0.026127204145115
-0.0290668144591315
-0.0343397734690925
0.0763202959431284
-0.0179383859466137
-0.102685802782196
-0.114588581675365
-0.0461294738413722
-0.0150995719841586
-0.0883652379155955
0.0161413957330479
-0.0127628339098914
0.117642917153471
-0.191985621153082
-0.0583351074379968
-0.101197944560616
0.0847494221071497
-0.195619308390026
-0.066689909944181
0.0686649560373378
-0.0718134608201342
-0.144953696938487
0.0407400396217467
-0.0387505882480779
-0.160072947261395
0.0674120179111823
-0.0137071664570636
-0.112819833659556
-0.00858576518905314
-0.0210531082124755
0.0713840341937034
0.0434524940111772
0.141206649111788
-0.0524116708009264
-0.100460607478384
0.126178364196814
-0.0359185685504258
0.129199170086176
0.176858952236985
0.20818574879093
0.0619761205333407
0.0879787300218467
0.0176929900767176
-0.135029311855314
-0.0568679441567433
0.218091304382325
-0.0398531142056114
0.0992558298337758
