0.0542621627564015
-0.0736986354506317
0.134540418509646
-0.0361445855863619
-0.0611692503841812
-0.15446267309194
0.140295353621229
-0.100926516621993
-0.00750823343012726
0.183577379105906
0.0720274193292391
0.080659104383675
-0.110471469958043
0.108449030966612
-0.0736340659342542
-0.0020560941094653
-0.118485357334209
0.0704931294627525
-0.0679450866204789
-0.118168176032797
-0.216437979294446
0.00907002542296629
-0.0678047063724529
-0.0355666620036496
0.0252417983962001
-0.115680272331466
-0.0663102144171645
-0.0312129110126395
-0.0419392165206445
0.0300000438622498
-0.0419091795502258
0.0959883769623737
0.111835857041172
-0.0174887073902881
-0.0476090916337214
-0.107093763177599
-0.0936510317859894
-0.0215123090781028
0.144833607563419
0.0266252523741385
-0.0834140026400861
0.0373614998050045
-0.184984916705394
-0.0973984958015453
-0.0935362950025607
-0.241076149725811
-0.0853201244966088
-0.0255706662362721
-0.0540954084853407
-0.0811695553903757
0.12801450697001
-0.176505248774185
0.0183822670828618
-0.184945089906176
0.0889478776443896
0.108238661713361
0.0484422914834688
-0.0562802763497349
0.0400984798822648
0.0200957140581668
-0.136695485828035
0.0478223852783075
0.0852094562849339
-0.0663080579468469
-0.0568074682377842
-0.0860960015410457
-0.08234587556764
0.226959116950103
0.187615993667253
-0.0250429122468774
-0.0880079719394191
0.037077587079762
-0.03352869272129
-0.156538314947525
0.170861931862866
0.0485253497284358
-0.0899038917819177
-0.146142268703623
0.0809536971177835
0.0780966808385519
-0.0351698427057847
0.0124383593441064
-0.0860676734000505
0.0689637925461715
0.043971362000604
0.145039298713563
-0.0469170835658785
-0.0782793095227266
0.0169895209381824
0.252337269995234
0.125808062869329
-0.013602674490759
-0.113298888756263
-0.0245486187893706
-0.112323370834574
0.060470088750355
-0.10404242444938
0.0053810237102485
0.0305402355775583
-0.0363454539539349
