0.10280703898639
0.00399227944345241
0.0595957992513625
0.0923153660904284
-0.0127172759635126
-0.1837741823565
-0.0999272606900097
-0.0709732059563813
0.0520465588731271
-0.102846464915939
0.0183675695998453
-0.0141675869953848
0.00354101432147732
0.0544801494989763
0.0892446986884294
-0.0725537406488293
-0.0502557487079399
0.00879866758525254
-0.117894880749538
0.222425422575467
0.0792580499816961
-0.111700052595582
0.099733736218881
0.112311753412958
0.121882813176511
0.0169326181904381
0.0757861924325035
-0.0579902930530709
-0.0837485174833743
-0.130693580797221
0.11039893552093
0.0539554723499359
-0.00428211938198325
-0.121079294115361
0.12123516036591
0.0663218270286037
0.0650966263909559
0.0113859372576239
0.0705268027275853
0.172249816528133
0.14354573467966
-0.173779391865454
0.215820799979365
0.026043639269639
-0.00260711324812112
-0.0336177436801935
-0.167830294066576
0.0961453795991474
-0.206276790412647
0.0356682299823913
-0.0689921610733342
-0.0625679147355551
0.152385506827152
-0.157674578754514
-0.00763649677915927
-0.158594298135085
-0.254555249766507
-0.0417399919285605
0.0718059303716858
0.0792965044544848
-0.117207394271978
0.00899356316956452
0.115818567619314
-0.243814498521107
0.129716854232623
0.100491799110443
-0.126050192417012
0.00150969177427095
0.0559450107716719
0.0466704844020982
-0.0856690563175258
0.0464202829709132
0.017470128639928
-0.0866406868719682
-0.067293964329905
-0.0741573777510807
0.0376538074901181
-0.0886901399679805
-0.0263487912796646
-0.131009965728535
0.0902574559146924
-0.0525853061943959
0.0214597175210013
-0.00132960390486554
-0.0655283032226251
0.0631347686879476
-0.178867520779866
0.0129862518659436
0.0243284360427127
-0.0734609503206273
0.110007568299605
-0.169384625716439
0.0208642225153905
-0.03369287057221
-0.0417798307034699
-0.0513415908032008
-0.0977240738658756
-0.0382220251208035
-0.0967062385525252
-0.0159049043579903
