-0.00715885182707648
-0.256748339098294
0.143057539818698
-0.113572586771821
0.0721681368091465
-0.0215502830820711
0.0787911562835558
0.134304690812848
-0.0704198722151266
0.0724259801778725
-0.0146465542595572
0.0229221581401827
-0.00058819380406033
-0.102430489379293
0.129836563369137
-0.00226316684029107
-0.103016630911545
0.0570310813870193
-3.86354626577311e-05
-0.151710001452263
-0.041664041100854
-0.0639966237419516
0.125982187081599
0.051414401509357
-0.00313084682398873
-0.0159614343237236
-0.00419499980824839
-0.219396650930912
-0.0441714869371804
-0.0468538329423651
0.00372968605941313
-0.174356352210213
0.0388527909727437
0.138934947267086
-0.0481979917647501
-0.0508309998098465
-0.0559104601442858
0.114161183598647
0.129794584155888
0.0481032587824321
0.0706877554869731
-0.11071984224224
0.083919773654024
0.00907247169964475
-0.0211351661881418
-0.0084772743952148
0.145201681399526
0.0202091303670748
0.0980531498190698
0.0790760110460132
0.0128340346274346
0.0396385887119705
-0.127653477246056
-0.0547717063863851
-0.0317173563899118
0.0600856738831173
-0.0300779199011078
0.227219670402385
0.231247825650529
0.139757380906703
0.0123444940799666
0.0132173061585498
0.121235981027676
-0.106544282885171
-0.161337719112967
-0.20851548337292
-0.030205488271404
-0.0182736709636879
-0.00335919670432594
-0.109880270001528
-0.195047776343037
-0.0842594157167072
0.101809349149369
0.0398585556386123
-0.101685586797741
-0.242911879888572
-0.155671314886438
-0.138213972066089
-0.084066121725941
-0.0516405455545835
-0.0261208307913069
0.00107892385012486
-0.0164023765992027
-0.103223222478638
-0.0494677525378337
0.0717933862453833
-0.0087708607223255
0.0745427766849155
0.00961669837785184
0.151160152840606
-0.0279052984876843
-0.138882701790464
-0.076158026297473
0.073425217887136
-0.00323152393325344
0.173820850314014
-0.0474292529857259
-0.0319055924741208
0.0840079907994336
0.0737168765161469
