0.0248396734622476
0.0258569320314029
0.0604396494563225
0.0527465717203104
-0.143326938727212
-0.0381289469643041
-0.0676065623363293
-0.00727044218210104
-0.0263250193330193
0.113389702331225
-0.0420262233722334
-0.0911153921861117
0.0364945786624399
-0.0751737557861345
-0.0761908565910166
-0.0564497315312001
-0.0442945757782034
-0.0564552337790291
-0.131587936631177
-0.0133872904190753
0.108777960985545
0.147714363276075
-0.134869759769999
-0.138242675870729
0.00240073295119876
0.140656362395056
0.0230376258866526
0.0230681295505133
0.154657198826111
-0.0103277887347051
-0.0839940347632242
-0.0469237475056469
-0.0208295739766087
0.15283774643414
0.198280344045797
0.0229307960583852
-0.132479351398236
-0.0795365074720153
0.00593722187062064
0.0513492032908258
-0.103784221774863
-0.0352163896755367
0.0462481858363598
0.0560089802498443
-0.174041063611305
-0.0990502229762937
0.0373546366370823
0.108360693275693
-0.082319988314503
0.057772117665814
-0.0533918101388797
0.0226019703837567
0.135289061363197
0.00711138960228627
0.0584439736253765
0.116970834428113
0.167531710878444
0.0772129700361626
0.24447448255442
0.190512046564969
-0.0213797940928066
-0.139523454449875
0.168451916261344
0.027698423982108
-0.201397848307468
0.0238059636394009
-0.126993921660509
0.141191278877105
-0.120201404609659
-0.0812077564350027
0.0426385186054569
-0.119887295693263
0.158772151638081
0.117049589174676
0.0313755373143456
-0.012773938317533
-0.188814220827741
-0.0687465756787449
0.100172711868068
-0.0240042022647056
0.0413494337886499
-0.0603060246104504
0.175942013780308
-0.00406472333998367
-0.107408039859062
0.138354520143552
-0.136600250373675
0.0394126620198777
-0.0254755538474373
0.0184286471168644
-0.0362234790060006
-0.0782336953370609
-0.0771124037074551
-0.0930903049141147
0.0363356730451736
-0.227896076056081
0.0555144921651473
0.0379598960628981
-0.0383885512264121
-0.12072201087032
