0.0208923253032765
0.0604544564179576
0.025057735423685
-0.00932901468481989
-0.111398031938154
-0.0566777339375451
-0.108870132876067
-0.0548788601947273
0.240829201184544
0.0682091955525982
0.241543789509583
0.141912600470401
-0.0697190834293797
0.0255472066656213
-0.025859137638639
0.0592944340664831
0.0118082598401814
-0.192764795193838
-0.0760135786821039
-0.0294968286251055
-0.0246677517080916
-0.271153585736645
0.0413548758542315
-0.143229758455682
0.0634061362856283
0.0408624538179837
0.0774619766858641
0.0771761849402415
0.0291673827090838
-0.0231230204005591
0.0744821811882796
-0.255353133112446
-0.126724650326421
-0.106022507196862
0.0514906252669658
0.0478055086667866
0.119484529909917
0.05101266999537
-0.0626656493284464
0.0051134342371767
-0.0377803138545446
-0.0554767997493614
-0.10415090428068
-0.0608182870585631
-0.0531987400680035
-0.0982493924655997
-0.00295687773618916
-0.0845205285754841
-0.0510982859569254
0.071321783770207
0.121945200371846
0.053140157785049
0.0333230228140139
-0.0349838364057859
0.111089295155033
0.0933888878289279
0.0220839283799604
-0.0877723219799381
0.225908659410165
0.117539286775695
0.0176479490757835
0.0360435416472799
0.0763120937491644
0.0490326890088596
-0.243800520945559
-0.0459558718816486
0.146164970670651
0.020950008176093
0.0668414936740184
-0.053713867830532
-0.0688951921273506
0.0851639899928077
0.0350548400422814
0.0628771607218089
-0.141258633171339
-0.0650151644843586
-0.00354582676273478
-0.0415655688780237
-0.158077199516655
-0.00198426966486487
0.0575451520219624
0.00435906746795289
-0.0277203568830834
-0.111289833355943
-0.0953300383318791
-0.0840908148037891
-0.14266914328922
0.122039779409171
0.0434725871788481
-0.134596121474701
0.0365301840952354
0.0394103027862284
-0.0184282710803199
-0.00536907307237614
0.00468135674268606
0.238451175316777
0.187861719824977
0.036853763177733
0.0426914901379227
0.122692858745467
