-0.00621534811806584
0.0520609562276931
-0.0615366946394816
0.103085929730485
0.0319507729624012
0.100299823495336
-0.025931641043185
-0.0540833032220595
0.0476767625315157
-0.0984477951443316
0.17534628322552
0.127280148400207
-0.0214159538224014
0.0217542527438712
0.0591648493464929
-0.0618550912169124
0.0977257256270319
0.00771067692816199
0.204558269968444
0.0628745175268723
-0.0267170637677152
-0.0342401183338154
-0.00472679840888956
-0.0128232259822424
0.0157838401309914
0.0544733735820305
-0.078305129543455
-0.0384970195933063
-0.0765047145584157
0.0320825942068252
0.062445833994981
0.0389847992768252
0.0527433991585383
-0.00293219846798322
0.111726731414692
-0.011267821177138
0.0675431733572654
0.159958548950937
0.226313566263623
-0.315817248385355
-0.167785189315627
-0.142897892106888
-0.0483296149550811
-0.0331934636781922
-0.211155377339128
-0.0612815895569435
0.00170752294304754
-0.140819680823215
0.0510877632403246
-0.0157984374592032
0.0109230957681995
-0.147909276682212
-0.0438441063145031
0.114086566153369
-0.0962000687934138
-0.0316165898379417
0.192937850654742
-0.116416474054185
0.0551655855323285
0.0609003812145198
-0.148939415761303
-0.123151029277585
0.113490683606775
0.0667782142377984
0.0512124093694969
0.086382452896207
-0.0827492003304149
-0.0729826430038629
0.00162493693111583
0.0724134575427636
0.103309724524172
0.126493768179316
0.0672284042408217
-0.112959280475798
0.047540531570805
-0.0193879265521117
0.025079391324919
0.114943184611192
0.117155295919145
0.0429129477847271
0.151001672210339
0.0431312203640622
0.102426556636292
-0.116394267138771
-0.0149152660101442
0.0419586301475579
-0.0986900789313161
-0.152701560850949
0.11313189319389
-0.102969917143568
-0.150596880576523
0.274883309212463
0.0622009514169678
-0.0231843523557515
-0.0639512015719214
-0.0425943950298442
-0.0331657471796522
0.0866212888407393
-0.05965902554598
-0.100306010996347
