-0.0733525541627214
0.100478136719428
-0.04167806952173
-0.104200814842489
-0.121377781347663
0.0993444416948744
0.0754590958962651
0.128988049201087
-0.207348565247211
0.207386127969811
-0.00588808269184592
0.07392775660969
0.0448987790818935
0.0724013083738299
0.0428343751398082
0.163474267177998
0.144826307256032
0.0736655385556132
-0.0262713545413833
-0.225450363764804
0.0850128095951617
-0.0565904068681782
-0.112584440301331
0.0379517713659692
-0.15425303447785
-0.0408099516050511
0.0853454265916693
-0.116183704595172
0.00632278606894411
0.0294573416369751
0.204487928719897
-0.142314213860994
0.109449798894572
-0.0591361060481456
-0.0850849808728785
0.0235736542722153
-0.149454734717618
-0.0645196330119915
0.104095905022533
0.0547043854393629
0.0813398705806362
0.102024803849293
-0.0993905076242229
0.0380466435455265
-0.232278151514223
0.0430291921163408
-0.0219102281018575
-0.0878157925103341
-0.185477729132208
0.0194832053416757
-0.0718673725834188
0.0935883632088334
-0.154987278190667
0.0848115093204358
0.0359064958311389
-0.261116744488434
0.139106306700418
-0.0364237197782866
-0.030336522731701
0.0488680951417126
-0.0824883401176966
0.10723382193944
0.0838890406423924
0.00796593066354774
0.0590652440009643
-0.033354276810895
0.00518194924489896
-0.0892126929125142
-0.0830787378903336
-0.0197203355802812
0.0344903676504541
-0.0514313561009911
-0.0837700934960626
-0.138827289134368
-0.0733375822384392
-0.0363465208368627
0.146450062743317
-0.113965046719998
0.0957658095290157
0.0259764837951444
-0.0737042701561199
0.0384125344933165
0.118478840125973
0.116335222516294
-0.01857085286637
-0.0923349006190594
0.0350167014913532
0.0274656925598557
-0.123763709866086
-0.00521607925581821
-0.0939329038138991
0.107725812065794
-0.0226386734110477
0.128014334912488
-0.0196739763851585
-0.0326498664048264
-0.0292419839388768
0.0478804082693001
0.051190725961059
-0.158293842349555
