0.175267455092034
-0.0330185160566997
0.264890306798474
0.0115993030189373
0.0123387347545347
-0.0177317398844593
-0.00753103104138042
0.0165938914478093
-0.172744687556732
0.0825415267307907
-0.02780399037332
0.0803988696506171
-0.0137499821163676
0.144010698944722
0.0028585609038179
0.0171474028033321
0.134046763275423
0.0805123241745826
-0.0321595048567324
-0.0519327756124856
0.0869467107185481
0.0784071305380471
-0.0785692741256383
-0.0353453756107103
0.0366129973445037
-0.0145890746684773
0.111429546384725
0.0514970319090678
-0.0318442714363504
0.105258998399557
0.269205331725965
-0.00729170983694613
-0.0525590546290002
0.0152672143287047
-0.00970554704151006
0.0202651311527771
-0.074143046208235
-0.0130836301138053
-0.0226537133356856
0.00318915725666937
-0.105341112294386
-0.117087244928948
-0.0434086044397658
0.146813154266669
0.125975185033819
0.0380668169869706
-0.0153573185221537
0.03346463739882
0.0160107591020101
0.188649016759322
0.0407726923931427
-0.172681181838479
0.0538178400582268
0.131630541510759
-0.0363896399194285
-0.141455897506246
0.141152427416345
0.134681818825269
-0.0814293778636839
-0.0346087586696347
0.0127777695738328
-0.045221281210774
-0.0894057686660229
-0.0844618250782209
0.0315447995728908
-0.128027030351356
0.242009675011715
-0.032037337029845
0.18926196705381
0.250458527931035
0.0353379680470833
-0.0505072088930168
-0.125605912606159
-0.108686080888855
0.109381739683456
0.0952856563203387
-0.0669283517600565
-0.127416537629661
-0.0535192362242923
-0.0305974918939242
0.0917087950290196
0.130482680523479
-0.132752632470957
-0.132449083086659
-0.00168068149767128
-0.0773323269247432
-0.0104319933161083
0.0724274732367833
0.0323422634219306
0.0640481392632433
0.140906250761112
0.127385329012012
0.0964930876679314
-0.0403948864761436
-0.0824865600393242
0.11604295954901
0.0330192326515358
-0.116959077149463
-0.0950868337326329
-0.10965578451246
