0.0247736179928542
-0.0069146938632156
0.119283081689124
-0.0483730519895363
0.0515443164095915
0.113836561345731
0.0496050474155789
-0.131023961864522
-0.134025441215587
0.0246113140593682
-0.00994415327044183
-0.115299915160574
-0.132903333156858
-0.143036089942739
0.114907815930845
0.107743896724196
0.0379873329878397
0.0462875513412795
-0.143648807950724
-0.00721116348904458
-0.0417335990338368
0.264211076144936
-0.0201131253211788
0.187112107177945
-0.0317628970021555
-0.0685249302192694
0.136645347509486
-0.0160689487367744
0.0196673420733748
0.0446636556199055
0.0721049435486606
0.0230254504345873
-0.0654610906957252
0.0508720652918928
-0.117152689502541
0.0918098117957669
-0.0507089070533594
0.116944584354477
-0.0656347374915309
0.0377211711961347
-0.0084691508531085
0.0130094915671961
-0.102593034307123
0.132819168493997
-0.0334716720268633
-0.103381303592927
-0.111277937369633
0.127791535588678
-0.0257065759377891
-0.118982774876037
0.0838081151724553
-0.0486276545299069
-0.175658004755999
-0.16221025353213
0.0267161238302333
-0.041659286900869
0.0820324458476364
-0.22697625752441
0.0257810398701774
0.130193820134038
-0.0338583932065516
0.140102281428436
0.0842546143251197
-0.0361962699005951
0.0882089356995917
0.19781984985626
-0.0637750481437764
0.065216043484414
0.0139245218398606
0.145909495591433
-0.0480302659802195
-0.0380030607674531
-0.0402753721434067
0.00216686935512809
0.0909215586959907
-0.145402295627255
-0.0881244247388686
-0.168812677261642
0.0290660207048124
-0.00323789839321676
-0.0849909182781025
0.00335543921851381
0.0727037308345534
-0.079815740946703
0.0221384159756494
-0.0303500998783069
0.0889619051718007
-0.0172725275477488
0.168351984171064
0.113851735000005
-0.0413471130888138
-0.0645995801464246
0.0586059429185248
0.207120363650219
0.017095790997647
-0.0812646286224161
0.0362576372175205
0.0310336530755602
0.235781042704713
-0.210755699646068
