-0.104457027852273
-0.02746117230254
0.0869121982738908
-0.116770955348409
-0.0722504843326743
0.0856992073367077
-0.00292160492991962
-0.0790416042773137
-0.0705291719791205
-0.152533871857194
-0.094943418556504
-0.113791753028777
0.00495739218680416
0.234297570873217
-0.0394361678030238
-0.0133283894990829
0.0372676210805082
0.043585075904121
0.0979616438492353
-0.106587810555551
-0.0998155739127665
0.288947523460757
-0.104300707592751
-0.0594579997434654
0.209306055265533
-0.135206389306888
-0.0922244404250914
-0.165569648996097
0.0678411452664527
-0.0533860879543933
0.0358542183173236
0.119550821983449
-0.15984151896988
-0.0599582346385963
-0.0858805533635848
-0.128131173968065
-0.0429271601356753
-0.0849600708688069
0.0403695218566639
-0.0393060155246034
0.0964063307460256
0.153749798059082
0.0570235792982089
0.00810081322671022
0.0548219988044856
0.0701346821217169
0.104155269820396
0.0421832828857958
-0.070780948681
-0.170751857287524
-0.0527870687096225
0.0720253415560338
0.07902654169059
-0.0737835998264646
-0.213401107530668
-0.0557989859883368
-0.0623814077286364
-0.00558329796999029
-0.0533302089173011
0.0821915831049532
-0.130177286675369
-0.190196431011052
-0.143293031353114
-0.0641108307188595
-0.0251806667576792
0.0226458608114349
-0.0442576947340318
-0.132925469896765
0.0755656162764743
0.00288833346130908
-0.0849782999071283
-0.0583247914319052
-0.168271727696751
-0.0142360665104901
0.0705210706968345
-0.0324615136745727
-0.122643921133623
0.0782761135037781
0.0128951572987956
0.238672834054297
0.0259061129855377
-0.0397456794397908
-0.0920305209267228
0.00271358747462112
-0.0328718695519075
0.0671825845887851
-0.144783598541398
-0.0236218518875245
0.00217141943904487
0.105612304914058
0.00513332726520611
-0.0533567236111498
-0.0599082332696338
-0.0336236048241306
-0.0855625590292275
0.0961090806373145
0.142329038877899
-0.0553522336554154
-0.0793177086692208
0.140874502415975
