0.0254978169519064
-0.0508271638056493
0.0796650383857503
0.220228408004715
0.203046492284319
-0.043842172306832
-0.152371373620644
-0.0992968916028379
0.0324216838114825
-0.0354965725370508
0.0340710508714725
-0.134416835231717
-0.0761284762516322
0.0324992504186276
0.0263967536892651
-0.0786207882088427
0.0628188507963181
-0.100007730605185
0.0248401410323745
0.0453187852852868
0.171440765718614
0.0177041642919509
-0.0193905013244459
-0.117912386056415
0.0553580263253462
-0.0376580510015261
-0.0865505175147434
0.124054190016091
0.127583981204546
0.0921247868698623
0.101036927379647
-0.042164004229739
0.0960696916774234
-0.184587160633115
-0.117607309433134
-0.0727649370549816
0.131451007421565
0.0760120696164584
-0.0264874893489814
0.0487842474607883
-0.150311770116857
0.156602664310354
0.293449936075447
0.0696652215514194
0.0712207384160369
0.0405919884969543
-0.0114052956348473
-0.0528165630010194
-0.00759009822242272
0.0216565296195155
-0.00720914216868611
0.118936641078574
0.165470697932188
0.173821134807793
-0.00348981009108462
0.00803612745552868
-0.0110696725913323
-0.039047528633926
-0.0878393085895293
0.00770063512954479
0.0806664614820741
-0.069749410394348
0.205832967170016
0.104860798464051
-0.0984919653588925
0.0286749386518067
0.0586900253582374
-0.04237263062788
-0.00889064444652099
0.0995554209229955
0.145640747752313
0.0289790234388792
-0.0478565518414669
0.0164907284826252
0.14742498124517
0.102753884564408
0.0372265321389015
-0.0354430691625194
0.119820256840793
0.104064053201378
0.137807213385389
0.0543103053458442
0.128968876786532
0.0250350998329609
-0.018348792823555
-0.0828475806137777
0.123087418764711
-0.0540567870297291
0.109975751861142
-0.0137884822824808
-0.0100797667902427
-0.070430279308753
-0.00438672102608438
0.121708020488438
-0.0769178901604429
-0.0481244888434782
0.139196007286635
0.071291881988903
-0.189501665443983
0.217074763266938
