0.00774554665426498
0.0859189022661787
0.0831979404846164
-0.0218194730151219
0.0768836824327668
-0.112625540560633
-0.039670056489892
0.137659053824762
-0.106599848041815
-0.00360060134235144
0.0203570441444094
-0.0238610498259557
0.0251498972889268
0.0261396773094838
0.0201485051460356
0.0311326448476723
-0.0139885349265775
0.103801073005761
0.0182203345077041
-0.049063898199336
0.14491697159799
0.0470489961419037
0.0510384666226683
-0.140399535227953
0.13442616234914
-0.134328353608429
-0.144982603311608
-0.00116724403496665
-0.0596000858662527
-0.0548462040380619
0.132796345434105
0.112586567717558
-0.0485616634139871
0.04132591582681
0.0547432286650348
0.0180964860179491
0.0636257755100632
-0.0852236098419403
-0.00949224265714831
-0.0627920271038838
-0.147767465281805
-0.0666796808735367
-0.0920529890365793
0.00810581826161861
0.0414005476006319
-0.0340131153836163
0.0886021396512923
-0.0830140543528895
-0.155737109155032
-0.267087698981875
-0.267518630998925
0.000425979008314001
0.201744575126118
-0.055482047599952
0.0302053030371965
-0.036075247635147
-0.0363792934893291
-0.149993942123788
-0.0934362005580078
-0.0517894205281233
-0.00767461460778966
0.0649265812804181
-0.195675294343231
0.0545023046203303
0.0538287088265449
-0.097757332730375
0.118273867982518
0.0694142453211053
-0.0392740411788819
0.0339027097560443
-0.0587582028691564
-0.239488673574683
-0.0896719175882242
-0.0388377495910959
-0.0921537603911939
0.0260455476768253
-0.097873425791918
0.0936877961458623
0.00838734500588855
0.0138153051443183
-0.00843896706389786
0.241486992923104
-0.127850152733889
-0.289278699751535
-0.0955923708367891
0.0260618853689848
-0.127719629054319
-0.0448023748874499
0.102896254833549
-0.0265967929437697
0.0879839834746266
-0.0481214895940957
-0.0796876710142593
0.109855548671144
-0.0219339432348038
0.00205083598272815
0.00808923591098473
0.162132255849984
-0.146114847750154
0.0452687164751399
