-0.0672865636912882
-0.0895362655685394
0.00505979134755955
-0.100315699026606
-0.17069000382785
0.0460731540542808
-0.0199305655898515
-0.0282508075903718
0.0734648340336822
-0.0421108343142387
0.144281100813828
-0.104358013403918
-0.257664530537445
0.112066233409477
0.0541046829802556
-0.0393396373925889
0.0151513550715709
-0.0346327407189852
0.0374865612255726
-0.0324060743237846
-0.181911819342166
0.143780721884076
0.174561770033977
0.106992625205592
0.163439168178854
0.0785481530965879
0.109764441614715
-0.0387997213691134
-0.011171726156111
0.0263811903128937
0.0525539193168254
-0.06906987280123
-0.182751940600579
-0.00421239715458401
-0.00103910369454936
-0.0676437488687499
-0.146715294315926
-0.197041003047778
0.0471958316919099
-0.0850056000332706
0.0361396132633832
0.109062539866954
-0.232287301221183
0.0565246466349533
0.244713111013788
-0.0684084521919855
-0.0628352694456654
0.0677455596311578
0.0759911966576766
-0.0727144965227642
0.00547938383009277
-0.0535587301220784
-0.0577415608239644
0.085105652148395
0.059316501512573
0.0196963576801309
0.191129300885011
0.0284776762111589
-0.0612440682786378
0.0872689657065913
0.0296693473184774
0.0617205921101688
0.127842100542946
-0.094693099011028
0.0612828762397201
0.00969293993602197
-0.0565310462266362
-0.0847887770160196
0.00937002272124955
-0.096838576544237
-0.186631882365599
-0.0527907750035038
0.019504421232226
-0.0469098249972667
-0.104717781032537
-0.0961569650948774
-0.0340633804041978
0.0297252755119895
0.00949293307808628
0.0235333965112544
-0.0662757378896652
0.0811085365568581
-0.131317339240404
-0.119985408569585
-0.104465173467384
-0.157132182638073
-0.0417747661744767
0.0695749555280214
-0.0683553745320754
0.110072231028384
-0.140739079840802
-0.0875460203305866
-0.0552933433061339
0.0408882308519007
0.10624190606715
-0.0133245926185065
-0.071468222173602
0.195780260919979
0.0105897159101252
-0.185054542684525
