-0.0379316068575477
0.182639158899555
-0.0449576745739782
0.0231015846804216
-0.0191270989809509
-0.0944553820962994
0.0959861712379281
0.00865277080834278
-0.151166496018381
0.112713447093124
-0.00654793815465907
-0.113723629149471
-0.0996625645392707
0.0428387489153535
-0.140238697872141
-0.0842841630964711
0.0667492991387303
0.0438059819397108
0.0801129857481317
0.0763395673460614
0.0528857568519152
0.118289561226917
0.181950442313697
0.118129150821376
-0.0329214574143782
-0.142212632168191
0.011360383771234
0.0264706400999927
0.0753635086824487
0.0601302528669027
-0.0446416582820802
-0.124168076079331
-0.0960626578073694
-0.00401508668792187
0.0652618143278323
0.101773210610491
0.0297146902534542
0.000293045025073027
0.140940952772198
-0.0129682059249118
-0.0219565014993947
0.101718444475157
0.191852497533257
-0.0517013224199492
0.129781553967523
0.0170881298960405
-0.112643716617332
-0.0254013384075373
0.000933771660951414
0.14697031058016
0.0419978916861826
0.0406118224018569
-0.061642276678608
-0.167658003193853
0.093252067369149
0.00244973616278758
0.200563396648146
-0.0840856855165451
0.228590331594208
0.0194468378968245
-0.0163156222089477
0.00690544877844648
0.145245580152316
-0.0398524016337808
0.0443358838095586
0.0509158928054333
0.136951133225534
-0.0910190282044992
-0.151993725117851
-0.0629086558868987
0.036195092631221
0.122324096547652
-0.0368417232676156
0.0481882105017167
0.116880426696127
-0.055488681462237
0.018872748813473
0.137802337168988
0.0895077321645928
0.00304860293543132
0.196845123607287
-0.0815699811753938
0.0564000265073265
0.241674838530187
0.189418684948732
0.00651958423871806
-0.107448655617009
0.0085256522445579
-0.123587410760431
-0.207954756551262
-0.158726291686561
-0.0858074440917741
0.105985828506061
-0.0146427472621373
-0.0151993580695268
0.0086720640400193
0.0273440888846592
0.136733285032919
-0.10915526160536
-0.0121936201832189
