0.0923071224291035
-0.182603872626572
-0.0122082848752737
0.0234675038624179
0.148132489543782
0.0195378729406605
-0.0592732490171057
0.0253010292343899
0.00135710650569614
-0.01999613147058
-0.064272687345173
0.108062831285372
0.0794328889598728
0.112067715151264
0.0547497792866384
0.0193330927456041
0.0188536309100801
0.0227970041816663
-0.0484801379435608
-0.199384014114095
-0.065992264222205
0.000915885174143555
0.151963595439359
-0.178016682492435
-0.106026802626918
-0.200694629645718
0.0858629678976947
-0.0826858487781323
0.156227276317848
0.0291069888605196
-0.056621830032801
0.22748596164086
0.0392993461086512
-0.0355528326009269
0.0767935808291446
-0.025849629086376
-0.0325656515907259
-0.000666390158878874
0.0114090873532209
0.0555678244732393
0.0556218139727841
0.0598830272643832
0.146760370401465
0.0864552092290286
-0.120794705416425
0.0838277005585646
0.0373102119953358
-0.0754921981189283
-0.0395553164638019
-0.01718880777306
-0.111665582431726
0.102213514556565
0.112291959357338
-0.0221760503197586
-0.0365910219192248
-0.0650050242412567
0.0541389765181368
-0.0806304949220149
0.130318133017429
0.107536518437458
-0.232252483102852
0.0646026853858136
0.0251859704067865
-0.0418234044399712
-0.106406044167103
0.203616270491244
0.127742767663664
0.011429117350021
0.0370993472954916
0.0269650293801041
-0.0297584635057283
0.197173649231524
-0.115574259646058
0.0354672860903822
-0.0392666510740744
0.158341930137615
0.0742265680623274
0.0652336865697587
-0.201794751683643
0.0463929680961332
0.195334756646638
-0.11445618049276
0.0418053562212532
-0.0644303221842391
-0.133208080758435
-0.189269489337863
-0.0842237211674902
0.0330010301688113
-0.0330067096361778
0.111481566158199
0.034018296342256
0.148072193127661
-0.0495769881603062
0.18649384449031
0.00691259604821451
-0.00806993526141766
0.0907106108507492
-0.0519390135133086
-0.0929087584056371
0.0842302285175419
