-0.115042720211808
0.0567946838927329
0.0316986014310402
0.0310603597777511
-0.0313373472772909
0.016382714588414
-0.0298194243938635
-0.0932588365569099
-0.0114919049238344
0.0537113446200389
0.0504823235804806
-0.107511895893007
0.120008384343875
-0.0458107831041289
-0.0282235593781914
0.107576390244882
-0.234716944965821
-0.0314529891276352
0.00493254821274331
0.119874218499072
0.0755363398361159
0.0959285830414667
0.0984673797305428
-0.019237963573817
-0.0618433198284471
0.181726559740831
0.169906002080468
0.107091162739178
0.0495404191961559
-0.011141527162127
-0.146929855513568
-0.0718036774269925
0.232203303008619
-0.0380874349396964
-0.0746409857404433
-0.130341422961901
0.0767284894870605
0.0157843239589614
-0.0203424987185347
-0.0116867892593917
0.0775869741912424
-0.0485056249017834
0.149521095329629
-0.139016660512691
0.0622479979043014
-0.0311728699599947
-0.064674623046776
-0.0880997848892948
0.0907956023902808
0.0718177770657772
-0.0132954494576704
-0.0502586559972893
-0.163617531573221
0.110687620532076
-0.0957919197204729
0.0206775689643184
0.0107963891221425
-0.0174210331739314
0.0637114132475389
-0.0683149031451273
0.0687620184587312
0.0662953371249574
0.0961504155080676
-0.0630838344117953
-0.0494475205529349
0.0239503812100013
0.0237595168229098
-0.0138106496801261
-0.134802274530824
-0.0751016548040865
-0.337545514281124
0.0894850627487059
0.00769150674785758
-0.0034608045941429
0.0547341933141246
-0.0982685840888022
-0.111513643420005
0.15939641201199
-0.0861164073654965
0.149706162382255
0.0989199057859802
-0.0909708564603147
0.0038497765186247
0.094932700761514
0.127218210965738
0.0669024822516854
-0.0211772812764701
0.15082767205785
-0.146309747476643
0.000179794944962906
0.126738005407539
-0.060579816572007
0.0262028207675628
-0.11355660289461
0.239035439497318
0.110748143200966
-0.0229747827615613
0.175859553181898
-0.058508022425912
-0.123384095501901
