0.163448419018923
0.0261195230264821
-0.0222672384995994
-0.0095102432734071
0.0820567308479505
0.123994500282139
-0.0743081506551234
0.0694801037438484
-0.0819190596770968
-0.0315980706772045
0.0578982892418163
-0.048071725496998
0.171209590433308
0.0732294491202365
0.0854830013212785
-0.00144664518375039
-0.0619485985038781
-0.0604953754184792
0.0531200303925465
0.144080841176154
-0.108682381519882
0.140000416414938
0.1286362242127
-0.0782342352705686
-0.0319228256020253
-0.156606559089807
0.0193911255295386
-0.0703641082054898
0.137423186537108
0.00721186150944002
-0.0683217578514012
-0.0248133022454677
-0.178581174889231
0.0490398551423143
-0.129572724903412
0.24838903854702
-0.0167897524194937
0.0901460830062009
-0.165734174807824
0.0582733191354322
-0.00838746527419213
0.126092523420139
-0.0069860631621409
0.0292285158029551
-0.0958986427593749
0.0309435467048448
-0.0532812673816742
0.101410784487955
0.0510982987641048
0.0345149181486625
-0.245303422337055
-0.0819039009058414
0.101991941461067
0.0410436298886237
0.065299287444573
-0.176511584499096
0.0821367947476337
-0.0840765703551451
0.14267123893027
-0.0620626392077456
0.194124742005542
-0.0880835253776177
0.0193568930600985
0.192855692712389
-0.000965621962256275
0.125943379646286
-0.182659758814435
-0.133278384050185
0.00395803798662738
0.128511898174036
-0.00806434850769154
-0.0802254142821871
-0.0406361860475462
0.137588604554792
0.107020118136339
-0.0462743879111541
-0.0202342745260898
-0.139144790818626
0.0131167877728349
0.0905548200921062
-0.00209328425539471
0.0192587001477972
0.183621779615235
-0.0332744685733548
-0.0521494516212496
0.00694083726091052
-0.0310159201195963
-0.000548496484200187
-0.0151839150634851
-0.0530591135970457
0.125815579203965
-0.133361648582809
-0.0778300211066741
0.127245151237492
-0.018900389906214
0.219094156752036
0.0107860458778998
-0.0640111294957407
-0.0972513913020084
0.0176148392807717
