0.000553981416923219
0.192992534911398
0.0155897571264493
-0.00307243495263306
0.0870185061813593
0.0628309050090076
-0.21471121181231
0.0866227170311872
0.0588297649716209
0.0550220855325494
0.0707827521507419
0.00692814869430641
-0.0623561701153672
-0.137805553973647
-0.124143842351508
-0.202135747634885
0.130638177215436
-0.0397049386151549
0.0992199214336164
-0.0112508787665338
-0.149406378642655
0.0558001567753025
0.0284611986042365
0.0731749053070067
-0.0106000970679736
0.0275558969404852
0.0801033121987446
-0.100549633468911
0.133764874107803
0.0805262621024638
0.281353978242801
0.0137999329167293
-0.0913195946376992
0.0635266945673077
-0.062076693531983
0.147995750249397
-0.082008784790842
-0.0298594895173989
-0.0930635972657702
-0.145181700512009
-0.151360297155209
-0.100679443906481
0.0889919415300958
0.114498745005057
-0.0450633563605474
-0.0357639470312582
0.0675991193484473
0.0221214221661035
-0.124728322967861
0.0705250467842955
-0.0859451965680543
0.084433548751369
0.0490663925614782
0.00414544778446937
0.00761718133175392
0.0645000293631155
-0.122145703487689
-0.0599271370733956
0.0512744892295692
0.0220457994555877
0.0396692368968618
0.0662140642900272
-0.11196397359807
0.0255100254058104
-0.0571922382879534
-0.0296566527317959
-0.0371222661844755
0.00967758952687534
0.162778638698931
-0.00774621249940411
0.0475561729693973
0.167504741222732
0.06987696770282
0.0645834931624026
-0.0368227158992198
-0.0941741890480026
-0.0684557973701327
0.236218328722698
0.0389044912135896
0.0838045365633596
-0.0649992621793235
-0.140414271897187
-0.207744703519331
-0.195495869650104
-0.200084419080733
0.0474370010477171
-0.0807658340989301
-0.0539900843554871
0.0781540140468631
0.140701771567665
0.0528110898902729
-0.192795028474856
-0.0629658009102883
0.0130266727942419
0.00238797790553397
-0.0725539541385631
0.0910927879920536
-0.00578921644651645
-0.111810586211635
-0.0317594972617145
