0.0676188674833086
-0.0170086190428635
0.127445295860305
-0.0100568650063574
-0.00961871997166126
0.0979354950599436
0.0919682048716255
0.0372174770419712
-0.0212339662059549
-0.0142497698937662
0.0163132016185928
0.126005557947749
0.182025790444181
0.140413367278069
-0.0772673503376702
0.0317947464612404
0.107932580971317
-0.130702107804451
-0.0419826912252268
-0.0912326795534755
-0.0247836328729216
-0.00450124877195161
0.0882652177958591
0.203513545957313
-0.03855421873543
0.11576035975895
-0.0800798983136313
0.0339064459902841
-0.157206013122939
0.031550330345244
-0.0377361742614492
0.0152564104528988
0.22597549977617
0.0673627578149224
0.124106032208936
0.00217883158412089
-0.0453524530420157
-0.169391419171568
0.0808712400051022
0.0697629058550915
0.0106023327037429
0.0893806273734231
0.192880992220757
-0.122151932520587
0.169767620155352
0.0460095151718239
0.0185173122368652
0.0217755527559659
-0.0169351192791072
0.141218262189889
-0.0788548867745597
-0.0747746328354105
0.0195750352708987
-0.176332772823456
0.0271300426904914
-0.0468680280752428
0.00330767081603889
0.0910058593109381
0.171842135051729
-0.105732984147485
0.185404654211632
0.065246228080192
0.153301697113234
0.138054948569829
-0.108114072403929
-0.0738442426288281
-0.0167182364755188
0.163260288059571
-0.0133896112898564
0.0423081838546515
0.0259179627578302
-0.0161183336666124
-0.0675153203490567
0.0604278192475465
-0.0945739778628853
-0.0869310830109051
-0.0848038272043256
-0.152239456007534
0.1535221697353
-0.0680960255619182
0.0544539824290039
-0.201148028550223
0.108144068944748
-0.18542560341134
-0.0810573026160605
0.0647746826282446
-0.0506356759356374
0.104767068372426
-0.11729607548505
0.0731294851445382
0.140917323906503
-0.120492709679933
-0.112141015949256
0.128507754539972
0.0773464844334163
0.0142421479358809
-0.0814536011286378
-0.0442433696565758
0.0289222844295233
0.0107472692521302
