7.02217042364456e-05
0.0045586710814356
0.0401433838852461
0.0916058176842407
-0.145343088155055
-0.226585479235183
-0.11416031427068
-0.0600632294612406
0.020128813272392
0.033548445925188
-0.110215985776945
-0.127676321766625
-0.00895531418714037
-0.204900626233112
0.024918210026225
-0.0377605566439548
0.212724140503823
-0.0820800158819895
0.032507626467064
-0.0457289326914733
-0.115602532567906
-0.00240909260486303
0.0894318448805067
0.0843192613375697
0.151296393666144
0.0543288978189436
-0.142132744724265
0.0480493776427266
0.0316106882542763
0.115587643986859
0.306755702419027
0.0121131070751545
0.0420980836746478
0.0830202455517679
0.0160559967584351
-0.208571294006807
0.0772441853072156
0.152705903886814
0.0551744676920101
-0.0318625851906537
0.036778322393504
0.0580260340804019
-0.0993667820569544
-0.12379225153669
-0.0329842424708933
-0.00838514244785137
0.114808817037303
-0.0854312974238017
0.161938559164867
-0.112606970200449
-0.0542284677871138
0.135136021404905
-0.123138874194022
-0.108382682753775
0.0199617524608388
-0.0232298576160071
0.0138046698491473
0.00821603237955571
0.0851614807174103
-0.0256593722430728
-0.070773962085836
-0.147899830148332
-0.196852071430788
0.0236251340950948
0.0192556589753173
-0.0445123196836007
-0.0705974361660288
0.00063533071351625
0.0927370607114931
0.0474123958615904
-0.0626785863324792
-0.00492790790347304
-0.0134828103146297
-0.0511117192112724
0.211130014231039
0.11562767802922
0.157987432321373
-0.00766159344882978
0.116503739851519
0.0849654381272391
0.110991626954052
-0.180754899637326
-0.0184028706327153
-0.0896073296655851
0.146003761846397
0.179279344002656
-0.0343645098163347
0.102675087189321
-0.0506039260588944
-0.0635737858333266
-0.0626935807790083
-0.00584047040080167
0.048195843778083
-0.0546287272423028
0.00985872074950389
-0.0221085956994968
0.0106335728273221
-0.0813671700272961
-0.118607633256373
-0.0455521580718995
