-0.130282699862624
0.107409771065178
0.143918111537404
0.0675285499390502
-0.0380061768856343
-0.0167073050340372
-0.006862802483362
0.162446625526831
-0.0684916095007396
-0.0231924697595228
-0.105337147545671
0.102215243936847
-0.089960740715636
0.0621723645890236
-0.00468561864213022
-0.0039163111933559
0.230920062509337
-0.0605628475796431
-0.0499283622700143
-0.0992354231875882
0.0320404162881637
0.158972038233055
0.0193378686036762
-0.0545440709581894
0.113217784433064
0.0128874838738941
0.154827854226922
0.173456757176053
0.0131935869966105
0.089400152136908
0.068095692864658
-0.00378563503849625
0.160350958281607
-0.0545008784602083
-0.032624440558487
0.0323579921933618
-0.225899029298568
0.00999532136364965
-0.0062563915467758
0.0345915029898699
-0.103513042070326
-0.0334853362987673
0.0241810205250557
0.0728142594575316
-0.108156813100415
0.0525285337736327
-0.053409258888927
0.174550337166143
-0.192676529235966
-0.00120122626381215
0.113835128652198
-0.0316992705029719
-0.188382870222476
0.0004341098970139
0.280095714885164
0.0318325670898574
0.151144082479711
0.0452251634668192
0.0467721502948039
0.114512173907321
0.0296797565558372
-0.0179027434275503
0.0229638158081793
-0.0069558873191547
0.000583642510469787
-0.0432102275030546
-0.00446789628207794
-0.0857540714301493
0.0534741659027326
-0.0623855878903281
-0.056096091853696
0.0407555499369603
-0.137938291485332
0.161841376941791
0.0842388025875497
0.13155396390715
-0.0349058293820139
-0.223790151293101
-0.0137568823267431
0.000775056887896872
-0.0585653755423855
-3.81585143646259e-05
0.104677385552931
0.00170747968780058
0.252677755481981
0.0805402149986063
0.152679084733851
0.00242196619030677
-0.0122974575527771
0.0893512198121372
-0.0791647463552026
-0.0439518004428047
0.0396894558757867
-0.0639712941200777
-0.119794167415418
-0.0066315398669136
-0.0220224418517556
-0.0405490703077709
-0.16780623571556
-0.164738132227412
