0.000317067607801507
-0.0460898168192123
-0.132563360393403
0.110660898970737
-0.00829909757196581
0.0615458794985439
-0.0424074630560358
-0.0883674313570517
-0.145703365497035
0.0582567773750283
-0.0455753447521789
0.100938123598507
0.195548238180805
-0.0449923318218922
-0.0407714881886625
0.0258653204696885
-0.0208440225417628
0.060015630248503
-0.0786192484632378
-0.00438348738111767
0.0440486734109306
-0.0042150595033294
0.0426979476496454
0.0452722480803079
-0.0199865796252332
-0.0600076796585718
-0.0777420934375232
0.121050127427706
0.0309056811160496
0.0909024921978164
0.0141326226197887
0.181289656363582
-0.0932917132102104
-0.015070123450832
0.0715165453347031
-0.0858095798863319
0.0406291663262758
-0.122460738828559
0.0055373042380352
-0.0888945016366343
0.0596494122102148
-0.171664175896562
0.0852856002706182
-0.0707542063971074
0.0411662522618503
-0.150182615192403
-0.205200863605732
-0.133330905373795
-0.0144755992459781
0.0697511115375096
0.0911825606363115
-0.0692017495229039
0.0895416089980615
-0.173558227041456
-0.190247841733645
-0.0277886788491507
-0.0765474822695399
0.0496127363752024
-0.0230757296544584
-0.0412466095566568
-0.0166137488506797
0.00886055786550041
-0.0864288538563162
0.102569275516586
-0.0368736766844971
0.0490153371436135
-0.0565942890172677
-0.0568634907926292
-0.0644828501016111
-0.0537842515630332
0.111152229571962
0.0678425788850117
0.0695421693071353
0.206061868273109
-0.000309068700228809
0.0188821724144672
0.116179138107214
0.182637989398865
0.10827309552076
-0.0432860321162063
0.0449660382348319
0.0396276872807673
-0.172127904413549
0.222792595350363
-0.200121698210268
-0.151936306817497
-0.100882291541046
-0.0959727516004714
-0.250323360621968
0.192096396989719
-0.0569769911767566
0.0751975900955014
-0.096562778685823
0.00203050797118777
-0.190769864820316
-0.148180713679494
0.0805724019581596
0.0361949410984486
-0.0421131814108026
-0.0322251228767602
