-0.13922900854866
0.0684580913878032
-0.111980926155993
-0.232827151329695
0.189687060451751
-0.0383664034595254
0.0801068685159342
-0.0189034600537572
-0.121665563657672
0.0807704720737621
0.0567885623269886
0.0237229104771994
-0.136782583422725
0.0937154996328111
0.00733553227744012
-0.12033054387218
-0.00325392151190233
-0.0880253180779932
-0.0575242376678338
0.00860956821642132
-0.0028002311493508
0.0542375216351497
-0.129644477266792
0.158050551101656
-0.209181659341619
0.052377661637482
0.0442966485126144
-0.0132052008969796
0.0816730772708371
0.116724760496946
-0.0988497839434664
-0.100931015732927
0.0885397830612245
0.139377076338283
-0.00438470021414641
0.142186006144858
0.00651836888759756
-0.0325135858323255
-0.143772469329426
0.0276458244251613
0.102563102491956
-0.0643987767148985
-0.17253356017675
-0.107473583702447
0.0856544088952365
0.000435187772197688
0.071695230263149
-0.1114570420125
-0.0229825075424875
0.0129422192834256
0.0289284292491549
0.192884216744939
-0.0942993716055012
0.146318305563014
-0.0573051160232951
0.152218124998581
-0.0312076765000305
0.0482992336144651
-0.0621132564479738
0.119646292736333
0.0229750162159521
0.0145951856293742
0.0699870015883842
0.137234710694158
-0.0128437193883936
-0.0941269546206356
-0.148249222193128
0.0448897410964068
-0.114849659840313
0.0378949111628838
0.083086934461029
-0.081484641813483
-0.00296681969270304
-0.170947944552432
0.0526639483236096
-0.018060419149043
0.063246378589266
0.0777666053195865
-0.157857919509551
0.0979488909965109
-0.0517455596459907
-0.0524874777771376
-0.0195336048128734
0.0177487739182475
0.0742539579447283
0.100265083932795
0.20922491758839
-0.063362317665722
0.127395519193234
-0.134112187945691
-0.164918331562925
-0.0400381435269433
0.168442446418086
0.0732495943449029
0.163048941375781
-0.0819869003481491
0.0523262969713933
-0.104257402613443
-0.061048305471218
0.0756054010668679
