-0.030585496536743
-0.0931761374367436
-0.0197778700050293
-0.0877248937496135
-0.137768977440326
0.0170842249638087
0.0895923767030049
0.170117595576266
-0.0309271203946099
0.0357384088600398
-0.230821268595515
0.18673274072166
0.0263880369512257
0.0878462367073155
0.0654874610149829
-0.0411973102623625
-0.0728391720706922
0.0313440513040831
0.018768129816469
-0.0113009619753286
-0.0443007576991761
0.24618854333783
0.146270954722561
-0.16504876430605
-0.113425786306518
-0.0584107686380447
0.039667198272002
-0.0997170433625711
0.115948850256228
-0.0386176060681318
0.00261702700520144
-0.195816030891337
-0.0875979733407515
0.0313477480934179
0.0306912314144911
0.00107563538148003
-0.303778015728665
0.0236373609536499
0.117970328902688
0.0232955688428117
0.0604250726936434
-0.0108195679556795
0.0105169002573974
0.129011244653271
-0.0318096960443305
0.0455252793323455
-0.0100056537491789
-0.0599861104285578
-0.128512844203948
-0.229477211915482
0.0209940812969348
-0.0941603477794717
0.0404965208971687
0.00150957962241302
0.0945396742322391
0.00826599468660958
-0.0223664113037511
-0.0650013671511548
-0.0785689359610848
0.0780090015221724
-0.045813332551572
0.228655785566371
0.147184397555485
0.165421661853979
0.0454713369526
0.0735220055629984
0.029180824510585
0.108752283612436
-0.031658643044652
0.195766118661947
-0.00800789741188921
0.0267567658197788
-0.0909677680507769
-0.167186831273695
-0.0715199862146973
-0.0458373151651065
0.0679432104991295
-0.03301688114598
0.000798883340499496
0.0370331933099348
0.0956728378509331
0.0235038678256002
0.0106638030120788
0.0713596559287742
0.0825568355225671
-0.0103692187169177
0.0694618829209287
-0.269609652038436
0.0114841399111518
-0.0874507420094886
-0.142597762634541
0.0317362900985406
0.120445452901444
0.0203529328024321
-0.0558935546036101
0.0629017908295187
0.0465395506979842
-0.0326179672147845
0.0575968964307154
-0.0263233569004838
