0.00191171742419029
0.186379530556485
-0.27220807365969
0.0429231041455362
0.0366548720075862
0.235042764125147
0.155232565090091
-0.0700229254560292
-0.0248767239794614
0.133029139990719
-0.114859693353689
-0.0997414422114207
0.0998966936391871
0.0253525524546041
-0.105682612544138
-0.0752995984938045
-0.0551762394238229
-0.101154600277323
0.00121154521875484
-0.0728927274863586
0.233139547890016
0.0358448049572978
0.0469892011788443
-0.0308877887887931
-0.204919918889822
-0.0613296101283997
0.128655386172987
-0.153812683142539
-0.110922746193673
0.019769538836337
0.149227369158465
-0.0633126500469441
0.167998889271036
-0.0736652564974835
0.000144629254277956
0.0163315540917058
-0.0502106036185213
-0.0260589224057922
0.00549493892231573
0.00441068906005206
0.0106378891298671
0.0138880113800723
-0.0787960243436307
0.0473895816399661
0.0606544173487692
-0.0504577065431086
-0.119854112732759
0.16128008985777
0.0404321092940829
0.20367751180997
0.0312833321260005
-0.108046231463461
0.03379124655059
0.0857455869852335
-0.1031648426984
0.0355658961771445
-0.0482222066304948
0.0151587345481966
0.0324475266081379
0.00539190098042288
0.0321356007161835
-0.0412794178798846
0.209716325052037
0.0575248706957943
-0.0465896725912808
-0.00598947804316272
0.0253624069276084
0.144627973060747
-0.0452808055298432
0.174985408209034
0.0237898164397731
0.0608986027939404
0.039212366476111
0.037886440393274
0.0477194896571423
0.00947529953515904
0.128668306139948
0.125652276988823
0.071569767274142
0.138756291352599
0.0321898577996585
-0.111530833231415
0.217299041469975
-0.0725784892641333
-0.0748316252270225
0.162301087873115
0.00110335233367547
-0.108375389713134
0.0411176287232016
0.0507902877106739
0.0255727511591042
0.00497670303543288
0.12731053255445
-0.100603203913237
0.0962833852001393
-0.000177301064829153
-0.0881809035328142
0.135896209570391
-0.0152043832456505
0.103312485192644
