0.111776898469552
0.0725990781681617
0.188540533314682
-0.233627625295341
0.0436733544589061
0.14936529230108
-0.136000005314783
-0.172946670001339
-0.0165788164894111
-0.132799820723172
0.0479000273827072
-0.0220814977732501
0.0457446496699197
0.0525174221779888
-0.201797960930419
-0.145977991492756
-0.136982313398405
0.011624774803542
0.00060198198998385
0.0784481600127641
0.189476722342941
0.149789905984899
0.0608429610732046
-0.0974516853666801
0.0922755646911955
-0.13001001172951
0.0163351876865716
0.177022230967818
0.0647742290682781
0.000104755338879231
0.00975436838529085
-0.110995210656482
0.0256901829063134
0.00336503149386035
-0.133022370237833
-0.0971551878810832
0.00646073170413231
0.0188339222046773
-0.0340860451651859
-0.0244133151992574
0.0846641802865738
0.108922822592601
0.0315000951605771
-0.0240653890132412
0.0579021443955987
0.0122282808146593
0.0209120106427117
-0.110076453838003
-0.194032208164009
0.108644376736284
0.115053108070036
-0.0207231476654705
-0.0426641997589186
0.0560115928869087
0.0153348404906059
0.195657494258173
0.0743666140346445
0.0565305491859637
-0.102055209092694
-0.0616628216111172
0.147963237044185
-0.0311155914762024
-0.0326718849621718
-0.105451214797757
-0.122535896763593
0.1336791127192
-0.0387657657012787
0.0168218413412065
-0.0972514222763683
0.176929251073102
-0.0970147610862544
-0.0804971338826544
0.0347318960753098
-0.124916447960038
-0.0109726392008336
-0.115526262969817
-0.0355313651795893
-0.120217199972376
0.0249554931517414
0.199079482589859
-0.148540023384382
-0.107804434474384
0.0352099477876128
0.0369990549201123
-0.0725043528664383
0.0425765492328268
-0.0936872237635229
0.0687073128972222
0.18732231916745
-0.0365486076663253
-0.14026004046974
-0.0873806046933668
0.0101755719187229
-0.108731577697595
0.0135702017647008
-0.0356581375848159
0.0799931583056298
0.0711916232807493
0.0383900958903418
-0.0773844473957692
