0.0204971127082116
-0.0100836276186604
0.120701357460117
0.0312063682360084
0.0430914673696478
-0.0648598966458376
0.102269468934213
-0.0104346445533756
-0.12424101599047
-0.0262403687311114
0.12912126276836
0.063637572915286
-0.0645954259516248
0.0407880073506588
-0.0841727170197659
-0.140497975197459
0.127917011156079
0.00393763164262641
-0.0687398304453894
0.135075033201121
0.00698433131171286
0.0821344351616106
-0.263738923119561
-0.0204896542868395
0.00326560312259309
0.109061293057544
0.0315886623833798
-0.163213762963561
-0.163729102359644
0.158299025392948
0.120355178201794
0.0481981003552956
0.147386044249502
0.0512692092129998
-0.016833841109279
0.0946808980114597
-0.0445131033736513
0.0116941861355299
0.0280420564284286
-0.145198845671497
-0.0266078133711465
-0.0277387511851788
0.0130059690716067
-0.0162558453732119
0.0578330201765223
-0.0884563940396738
0.121368191692644
0.115691199906987
-0.0411837932171306
0.110780484445185
0.0664860892812791
0.0961302861195023
0.0347760422246318
-0.130615194473912
0.116266814976287
0.0569712158212421
-0.107173109616208
-0.0579196341491755
-0.0490736809157307
-0.00523274741175272
0.0639231784983057
-0.121833568955194
-0.125569319340085
0.0301462518530372
0.0531550387426791
-0.134403760540243
-0.0184509769966098
0.0533134683201481
0.281401819153732
-0.112500260974552
0.124123058291113
-0.0419965154612996
-0.140106960414228
0.129207149816978
0.0284925239358466
0.0305268622945514
0.0184035114569508
0.0633765715479206
-0.0133776012651301
-0.17815437955703
-0.036984663747314
-0.049845539644969
0.0208117485816792
-0.189098384654894
0.000337788665982135
-0.100641201637251
0.174656619891471
-0.0608021289000154
0.0699113164365238
0.00686767330608338
-0.137751892332884
0.131826160157407
-0.0342682223168712
-0.159354349747659
-0.0138548767974723
0.180840837307732
-0.200738653563681
-0.137233229283861
-0.0710606727701676
-0.048990514567404
