-0.10137245650513
-0.185871635284397
-0.0148962023308172
0.0168675428863553
-0.0883427932678192
0.0884468795625936
-0.0347612546222169
0.0201708591345633
-0.0476612172745171
-0.0462474444223122
0.0109781492482297
0.120224522707376
-0.0388441089909586
-0.00358701737370423
-0.0797291697689863
-0.128793456432306
-0.118738702114253
-0.0562520593696796
0.0179489958467829
0.034468980374655
0.0811098510245573
-0.109174930956193
0.0946605813390519
0.112783302138278
0.0457843962353163
-0.0630302195596598
0.0373127500813144
-0.188668002599002
0.0688586433416757
0.100370909341453
-0.103375636863011
0.117664039463813
-0.0395229171358851
-0.00325946088461342
-0.0135633591511016
0.0812239456120287
-0.159162728141168
-0.0911510360101437
-0.0604271071890736
-0.125972838407258
0.0435427490012511
0.0656356245140434
0.106417362053438
0.111638308743593
0.16558558548685
0.0271425888107479
0.0682104469449569
-0.0295358523051315
0.053760507988374
-0.0149127217681308
0.0747125473075549
-0.053085161275542
-0.0109001618164104
-0.0874295275528476
-0.201196254230061
0.109926125332221
-0.109099114127272
0.186669355818143
0.11183767989352
0.0805276003964676
-0.142040453402406
-0.242891810473337
0.162060560731618
0.0161272488633743
-0.0442847854614107
0.131683263999644
0.0344156431739206
-0.0224402693042308
-0.00285265128111894
-0.0248143364186745
0.0273163118519158
0.0387578122276006
0.0749950461027754
0.141386400555265
0.0730124953395621
-0.0543530694328852
-0.0480759654054542
0.0798156019539944
0.040747486733248
-0.120509936015362
0.0534435324465906
-0.0885728098017503
-0.217207272407616
-0.138302782789949
-0.0780159244931537
0.0239289939651309
-0.201395524620576
-0.036212655805061
-0.102887885215336
-0.0220012993267684
0.0912872355294957
-0.0782637389384991
-0.0857439109078131
0.0937279233163262
0.274031242389049
-0.0682771544342155
0.212846035817247
0.0872257944194378
0.00430660981698941
0.0405052527093199
