0.00743650150688569
0.196688305576439
-0.0934668996036795
0.232889623525769
-0.173769473614692
-0.0723305544019308
-0.121931712838046
-0.0875763591420583
-0.0743263527798387
0.0378506903453284
-0.129209406817202
-0.0325372210198287
-0.0937983061204459
-0.0689611704750368
-0.15465359904233
0.0780108349006186
-0.188200182225412
-0.117562311406161
-0.0669920613222418
0.0600017936041571
-0.0103247883963867
0.00367337954258738
-0.0688532585362573
0.0440489691053277
-0.0185531100277967
0.052257350813492
0.07234070556807
0.0394321900795404
0.217381364975842
-0.0524699688455068
0.00482902225770118
0.0871632806023263
-0.0858111680724109
-0.0670791960250821
-0.141006716559492
0.0972631506945814
0.13720730726473
0.0783035317303722
-0.0484975179363558
0.0205555755485471
0.250763598277752
0.0765692591217503
0.0188692044111256
0.0935657177661279
0.0673880889598126
0.0683636806549466
0.105050364579091
0.178462430257228
-0.0450986014825965
0.0972653168742188
-0.0279710109029987
0.0103977281685033
-0.12944886967367
-0.214139077403855
0.00483363629449158
0.0841195975176457
0.00830688350599489
0.040490445557829
0.159178448819487
-0.0418537466805308
-0.0505640594714877
-0.00838688044838398
0.115811628425416
0.0127964691330575
-0.0335117485021999
-0.021977349587058
0.0552029492697597
0.00642800983979207
-0.0745524943281179
0.0455801997633753
0.113552073270707
0.0190317619228666
-0.0324932261195736
-0.0546333911696871
-0.0220808137662882
0.0120710646124067
0.0527630814650627
0.0131700127747241
-0.110710255514573
0.0671692904028052
0.115354535038947
-0.0759499923200316
-0.00887928349399828
-0.0773358618201061
-0.0242231581074675
-0.0224284650246271
0.102969455075761
-0.0544800349131946
-0.185719123205015
0.127140915798336
-0.086287177892167
0.126026443292158
0.187338483775713
-0.127790040160614
0.0803053612020872
0.000812321273950289
0.279152035287247
-0.00149667700699172
0.118925841357266
0.0269566130342483
