-0.108025816437742
-0.0470975661589998
-0.0462449880080679
-0.0982421623600451
0.0115404519454929
0.152095338519811
0.0084058307612217
0.0986974056153732
-0.0266853160400875
-0.145544973671318
0.185276720728129
0.0533809320985587
-0.0684572868581213
0.0369834529274603
0.0902266148198985
-0.0825904069932684
-0.0317069707587754
0.0265795139075171
-0.155461879769641
0.174838005802955
0.153874661347139
0.179691969420436
0.0635630978278352
0.0339529693234342
-0.0714555139846724
-0.0516874134631679
-0.0584025319289564
-0.0154297277502135
0.137871541775338
0.158774056272023
-0.0264275441404568
-0.0283099765230378
-0.114050295847952
-0.0201594978672173
-0.103474447954853
0.0571136990279483
0.0539719216104494
-0.0700674408650487
0.0354838130337445
-0.055234706913034
-0.109230321055506
-0.20788655122326
0.0402233774726751
-0.103265704437467
-0.217260055997591
-0.158029875001154
-0.0392720577408167
0.0280424040174529
0.00970594127208428
-0.000594367262448297
0.0755066519494814
0.0851094996534019
-0.0406577294716568
0.0182335569195488
0.225299400633476
0.183353260402081
0.0953983282318288
0.103815080423151
0.0967693480281474
-0.173838451959925
-0.0706995104536413
0.0664237975449837
0.0941718973477304
-0.120737671357668
0.00557431851910346
-0.0610394531587451
0.102326827825303
0.0698930175853111
-0.0124093906663138
0.138824242346862
0.0954713403416672
0.0416643619376674
0.00628723022057722
-0.0448322805287166
-0.0404191369550375
-0.0555714285131274
0.00329063750733237
-0.131537531914224
-0.102309910387409
-0.00389971697044947
-0.000624778072573325
-0.121851696461328
-0.10052454873947
-0.0485441822668737
-0.0224781598184507
0.0838564635026948
0.133841657587865
0.0259661148483762
-0.153470315200551
0.184413183453582
-0.0324932216175453
0.00393646781357659
-0.0804578206289208
-0.163281104267382
-0.176126170594991
0.16375937977291
-0.139997832616968
-0.0189244398267008
0.078898815951312
0.00732707508828156
