-0.23384899668378
0.00916274529731758
-0.0933777956966762
0.0313323846519583
-0.0915141236208937
-0.130985451015713
-0.122372638016842
-0.0510693638037479
-0.00127073043630958
0.129376206825372
0.0183736810800453
-0.0383598618154766
0.113841623431412
0.0262472749841831
-0.0209307919958799
0.0305149019970066
0.0279661296357401
0.0563856889215953
-0.114211588700693
-0.0902953877906742
0.0651473283944415
-0.0643622742490901
0.160757727546051
0.0705199881280794
-0.149194403173837
-0.221939338316089
0.0601645468759569
-0.0104637162462174
-0.0799794045798811
0.0793004546639236
0.0512714390522489
-0.0117872815278301
0.0755008622556621
0.0369154733546009
-0.0116657590647117
0.11910345920655
-0.03148825346229
0.167965476765426
-0.0276747811076006
-0.0369302563906076
-0.154817563272328
-0.120967815921775
0.161614878036912
0.0262314241851817
-0.0120117701876639
0.243843657096691
0.066750310864548
-0.0848264884966992
0.0469258368407648
-0.0918038736960749
-0.0178031291998992
-0.0592933027567913
-0.0657921845970612
-0.0967884428865453
0.0898386864819108
-0.0358333602959622
-0.0299552499359876
-0.0684601157757491
-0.0734204439409476
0.00422945364473911
-0.111376497020307
-0.0346654290325066
0.0189254817215615
-0.287836828447013
-0.101544708021393
-0.159873917404973
-0.0371049252907638
0.170940423175204
0.0140837257444927
0.00518875462990554
0.0226983754237647
-0.0963151297962977
0.0441112303867251
0.0334957387326365
0.0588934793005394
-0.0960116859850555
0.114323648606816
-0.11414322137335
0.0913158114476577
0.0035816665622931
0.0227573057059778
0.0438233533553369
0.0739045184730042
-0.00474734542836939
0.0673514130039954
-0.100011564234347
0.084089698976074
-0.0270319421594612
0.0349189776007413
-0.0689829798664671
0.121181041594724
0.121270073463822
-0.0530239471036065
-0.0910736841307879
0.0809886939848056
0.0593629507792693
0.00168038894567534
0.24139268298039
-0.173994187792515
-0.258890869373676
