-0.133140079390174
-0.178551040360137
-0.0343876970449698
0.0112676115116169
-0.0730146517200079
-0.078464431421286
-0.156803392038708
0.0938288690430353
0.0421033102500694
0.0235688386437651
0.00698079259243641
-0.00594419602659191
0.0282528477118911
-0.105201621171753
0.0141091872087583
0.00693191195817994
-0.110337656905248
0.0806467549329039
0.0943927137076374
-0.198649243458782
-0.111346020522532
0.0501495405153012
-0.104352041684095
0.0494040047353746
-0.121197072124686
0.0131413653155314
-0.0535067163097144
-0.02601139281907
-0.0756407181122982
0.0139247863886224
-0.00149050369742672
0.119695980722571
0.0411580869353139
0.0804140203810302
0.132105042833125
0.0350404108079034
0.0731274222547836
-0.141781235873231
-0.184191225266264
-0.0506378135924175
-0.016096500594257
-0.00929190172921647
0.072097303937985
-0.0265565421211666
-0.0921578704001385
0.0677015629881282
0.00188869145182856
0.183500272720704
-0.0558313494245002
-0.0631681600637167
0.0524254535168332
0.0345771479961282
-0.0288628756723698
0.0872906271155922
0.106152044486253
-0.0293559987418859
-0.0742974291148684
-0.0182320798941426
0.177355813302269
-0.0141802751825487
0.130493145727084
0.0379751932341701
-0.0489136655834366
0.0445284535492062
-0.176143828849468
0.169476102590144
0.0989063708205
0.0814769633345279
-0.0321858242227254
-0.109719320050276
-0.0584766259085147
0.142439414014646
0.111029257427336
0.0991201784903641
0.264160595437267
-0.0430168474497455
-0.126744275862841
0.115298664431851
0.0105862247153049
-0.0631513425655813
0.04444351335067
0.117721954121301
0.0567109584705357
-0.164510266540058
0.164307132171195
-0.101761935716352
0.186448634554966
-0.0590385636763492
0.0433668500198571
-0.0170090089320883
-0.0499649744633837
-0.217619287609234
-0.110883023322758
-0.0553161479977579
0.132915835808088
0.102848680587104
0.0949915802551997
-0.0544506483575301
0.162957006849078
0.160920444103812
