0.0446517941902737
0.0163089925837423
-0.134807122001964
0.042253263441948
-0.0547958905941456
0.195741254580887
0.0741683650781757
0.122338740964627
0.121439031968017
-0.144937201917482
0.00232303730560275
-0.0957630891856369
-0.0615177361772863
0.0279910598777132
0.012926241643669
0.16039999396425
-0.251836830170545
-0.079809028796467
0.0364917757987406
0.0312045467020297
-0.00931213301396447
0.0321699203418985
0.085015897668008
0.12527601152005
-0.154805453096244
0.117585656048768
0.0145876751301626
0.145328963773387
-0.0676926816843564
-0.113204043486387
0.0296521496120868
-0.0374229556948753
-0.0128684325458785
0.116787869228824
-0.0451959661197216
0.0237433898320329
-0.115685254685172
-0.177696865949855
0.0767883244289506
0.165181736283451
-0.0543184183466444
0.194386742344537
0.0792060700284385
-0.0166255814824546
-0.314491624280025
0.0112215925147163
-0.00467559046291996
0.0517601057799089
-0.0746897479931495
-0.091661999287772
-0.0108017123466381
0.0256837826997928
0.0175566855814769
-0.179152375089648
0.0671798303627955
0.12975455770317
0.130502407790481
0.00528751781960303
-0.0164564639118018
-0.0141828438509634
-0.0374232317553973
-0.0188569142201881
0.0949571504890752
0.285564983209915
0.0493564106127908
-0.0722012956218491
-0.0717112033155804
-0.0512780843524854
-0.0780008687219103
0.0271274588074829
-0.18813965139731
0.0309512933377623
0.00247955625985733
-0.0350809673877073
0.0428231828912279
-0.103475872053831
-0.118788783511089
-0.076677016160437
0.111735268080312
-0.0106344677835196
-0.11975360011759
0.123676257947953
0.0293764969858591
0.106255835480334
-0.112888248396911
-0.0752193473285066
-0.0461693316553478
-0.0875210883412342
-0.021213457353915
-0.0131364951928608
-0.00547811607850385
0.0840088998490902
-0.00598704683602768
0.104088131358918
-0.170041933839078
0.0428741351544433
-0.000134997119398423
0.0235835548457185
0.131552712259999
0.0398793244705667
