0.0479090801674104
-0.143735479264108
0.0945520777771077
-0.026914046603885
-0.0279217672323701
0.0021278393203725
-0.109950786894252
-0.215040608763352
-0.0615041861477879
-0.0395531898024816
0.00460356010797693
-0.0431739290819114
0.0366277625609563
0.112579608313752
-0.0496876541926553
-0.153017343160657
-0.0329507489795937
0.132442239769592
-0.0184723151584785
0.134442324358877
-0.170264289224832
-0.00600044578521998
0.0541476585051391
-0.13456977259172
-0.0211561984471134
-0.0509625741430085
0.153580079251454
0.00106856152565824
-0.0917708604573567
-0.130738112648549
0.0504418908161813
-0.0518622612719653
0.162291164746212
-0.0431296971503497
-0.0800995252807535
-0.070987339967766
0.154844807072962
0.115067076512267
0.107991421904323
0.0322243712810061
0.0790132368205862
0.0987893459213655
0.0698185964785181
0.0632877325200036
0.0409930095757899
0.129755406871155
-0.235886120424415
0.0985928985650322
0.0864034919050655
0.170488043689951
0.14625859114158
-0.00746708720901433
0.0649850758417308
0.132812300209102
-0.0744865003541636
0.194349255072842
0.0862817744179484
0.0567291173430494
-0.109321110769697
-0.0290683137599805
0.0133425140537025
0.0853943023534415
0.0226324737705799
0.005285126047475
-0.126797380893516
0.191672556864811
0.0103151058129651
-0.0221257832209748
0.115090286070778
-0.0119325633919553
-0.0405083795760938
0.171634582854388
-0.040380386745376
5.67474565788408e-05
0.0624619838758786
-0.095169298383409
0.00441913828160081
0.0174885940733132
0.00928458966467229
0.132173432069032
0.0405139404807331
0.106999025953888
-0.139858211651889
0.0385696138257344
-0.00673971381250924
0.116613161495387
0.170705242219877
0.116974926334215
-0.168250754535835
0.0791012571833744
0.0971490860726864
0.143345910719559
-0.0573136019391065
-0.143233047514012
0.0769086071551004
-0.150504413762703
0.0694092193010981
0.0590069580671975
-0.0497151523201356
-0.122528942484475
