-0.0192204055999363
-0.00581974143495555
-0.0882783846814905
0.0436739154115107
-0.0291274680750118
0.0136415201582345
0.0878568309498125
0.153870173423938
0.0525348339616109
-0.00530036075575659
0.0151278447982793
-0.155310845221582
0.22392764283056
-0.0504058456146808
0.109087609845032
0.0344703895383068
0.142266938807642
-0.00327604868906098
-0.0313540511551191
0.0130873120437404
-0.190752734287315
-0.0519815184519699
0.0693158697926616
-0.159864724400862
0.0529250457521735
0.062614934685448
-0.134055075453625
0.0184421709866822
-0.0275608844087724
0.130072431258969
0.123510844688633
0.0555030902588793
-0.177959476286029
0.0162892088461442
0.00810083976359557
-0.05330179987907
-0.134649536429147
0.141563644237992
0.199818675570918
0.00804092403407544
-0.129866085340269
-0.0707393397281457
-0.166965613357227
0.110550510889702
-0.0256966143505079
-0.0148462075785637
-0.225089819990301
0.0237972935798118
0.136965007216932
0.0979811172461686
-0.224495131289206
0.223162402246349
0.123283251947529
0.0227770595810433
0.0549873052195112
0.0645908426717616
0.0540277449814254
0.0516560864693636
-0.0203405502016942
0.00330163455755974
0.0796427890924254
0.0341597815310946
0.0441359740392201
0.0617705041221525
0.164004492343511
0.118553848006699
0.196674084657778
-0.145994089405404
0.0745194011052396
-0.0456424321990785
0.0190135292368972
-0.0422499601851965
0.22059598256103
0.00430329382886702
-0.049134729613366
0.0433410203553316
-0.13874965918099
-0.0317358912581316
-0.0150503392709884
0.0293841107765298
0.00562878998962518
0.144876184128533
0.0376507608516413
-0.048293792147964
-0.138273172958464
0.0743484778193897
0.00669781096022937
0.0678276001653643
0.0842474453353615
0.0974494385926528
0.0784034447587663
-0.0970691028336889
-0.149294211250161
-0.0335000845674372
0.0374831422474602
-0.0514658440235078
-0.0889363482239322
-0.00619179347123198
0.0656065842501319
-0.0617638980746147
