0.0109110370817922
0.206116791201484
-0.00680785488852354
-0.105716103590268
0.0557610745393255
-0.155071704708058
-0.0920274864735125
0.0540802849615417
-0.0217927790364783
0.0106614403633224
-0.184778100700187
0.0314909697754392
0.116088649024529
-0.100889299746316
-0.00896495072794803
0.0132526276902165
-0.00677550289578769
-0.107553213305835
0.00215969287193913
-0.111431499599036
-0.142667841329435
0.336156877741851
-0.205799554533091
0.014953575882743
0.0479737461888833
0.166237983879047
-0.0781050606582331
-0.116830581977443
-0.0140402295157909
-0.057763612645936
-0.033711382240464
-0.0175528441465088
-0.257540402468639
-0.0710614283855472
0.0962750104958298
-0.0446828235381853
-0.0796928024802168
-0.00964294632545578
0.00893556577612597
-0.141205144195105
0.0791039399500232
-0.110460055075831
-0.0229850639335405
-0.0490127714990532
0.0550214154769287
-0.057069440323312
-0.0389585233692727
-0.071100093141419
-0.177038782445685
-0.0596751410222117
-0.130121458120373
-0.0415352307535466
-0.114684884396231
0.105137728112274
-0.0485734614628386
0.0357246282088791
0.182838810667182
-0.0653062643174606
0.105950748863647
-0.0789247639959595
-0.110838146331662
0.149604377321769
-0.0387965982900953
-0.079382259252547
-0.01861367121447
-0.170352613073482
-0.00747656589881134
0.125953367162924
-0.0838870789181031
0.186421572381357
-0.0235984911939811
0.115124179718218
0.0260024890102887
0.159124362304425
0.0595775330124286
-0.0104417529292608
0.0614276855293295
0.0433117612305145
0.0339582083684448
-0.0601114422348562
-0.091897392272363
0.0788995782425672
-0.0371076231035328
0.106160074314019
0.0371556319339692
0.00869845507441328
0.100578796694814
-0.106703190408404
-0.0290146894213823
-0.0601138711776028
-0.0269299156188708
-0.0567072520258457
0.148598882457824
-0.0343701821987439
-0.119141807789061
-0.0360703567960364
0.121987763136144
0.122079457561586
0.046106573374101
-0.0261024622548541
