0.0499886221059489
0.131196504226724
0.192753508300618
0.161227549980347
-0.129054684021238
-0.0464907013749179
-0.0770603047170044
0.130634789057746
-0.0142333870595894
0.025046477811389
-0.0625749355208882
-0.0372073438292641
0.0163450037625269
-0.163371661494526
0.133471670844886
0.0862394575063619
-0.184351565996736
-0.0310336302552463
0.0583631679802738
0.12949580291118
0.0814960165351621
-0.0889775450008467
0.161696930582831
0.105150397551047
0.16798598296365
0.00120065480263287
0.0542452202448529
-0.0353736312569261
-0.120331663887183
0.00739262294815079
0.0230911623106312
-0.0735132833815841
-0.142607531236654
-0.156158844649645
-0.120992028134467
-0.0543080549934286
0.0523406748131001
-0.143278220061642
0.160375584040613
-0.165192451078168
0.144098318313203
-0.0893510692608448
0.047373481276672
0.0507983277660728
0.0160021044398462
-0.0941563448226413
0.111057727686342
0.0842584711031082
-0.152212675901228
0.163705553297017
0.010830504281373
0.128613295691068
0.000292579805541573
-0.0102251522824991
0.084528341292495
-0.0503422754325315
-0.0525948662454435
-0.0552357730313265
0.000143118016260432
0.00488549864015462
-0.0410014589660795
0.032914889564459
0.260260156136151
-0.2187425808646
0.00531508779694446
-0.0946376754576005
0.132669451731963
0.0168540665791079
0.00872884753345532
-0.0939240012551369
-0.0736532492209501
0.00462259241144015
0.108169530569322
0.0242248234740762
-0.138409540770822
0.0539469868786816
-0.014945727275001
-0.0294870050848005
0.180651027958094
0.0400666174312029
-0.149698582548746
0.00730702847449805
0.000438678998067134
-0.075138217615675
-0.0618502307924159
0.0477750826518969
0.0622234889990114
-0.100959870402325
-0.101559399683269
0.0498098950800795
0.00729091979786802
-0.044889218895524
-0.139003860072439
-0.16084436880517
0.0157434010072667
-0.0284582554797487
-0.0742252323013208
-0.0747044603393473
-0.0386708874693533
-0.15169222637104
