0.0675660083231204
-0.103367864595839
0.114312706758754
0.0945852317905098
0.0419777470403629
-0.0848535814446666
-0.0210723106289711
-0.011436459943572
-0.000862009027603411
-0.0314410112466301
0.098954368392483
0.110565311461352
0.0780777491070695
0.280879245998081
-0.182407001668871
0.000406549169599369
-0.116993044812501
-0.121983708544215
-0.128066614656831
0.0891893887290498
-0.161669043067695
-0.0470643099813674
-0.0811161604398234
-0.00917147168103444
-0.0279964480970814
0.0109947057287274
-0.0856868168924452
-0.0722716092234685
-0.0083970379458277
0.123177161855559
0.0870594921222288
0.0226946097836526
-0.081859241936956
0.0352789612988248
0.000801298224290331
0.0875220149038523
0.0270450829099136
0.11313375322731
0.148598204537896
0.0526190041887241
-0.0627448026561093
-0.0374057277165732
0.0548345490591076
0.238098856543622
0.0372874973097521
-0.10370649655034
0.102979957988491
0.106321296919008
0.077060195676468
-0.113477423356642
0.0142067058029524
0.0544888688533399
-0.170559803462851
-0.0845338810471575
-0.0397745048334814
0.0586073306334533
-0.122189595229861
-0.0204475694991732
0.00484357260554835
0.0277605416618569
-0.0563607671368952
-0.109333775326343
-0.0359490661493326
0.0199788884725039
0.0362945909190176
-0.0928603145138954
0.0384941415239232
-0.0493568300753417
-0.113550310589616
-0.0833054559151745
0.0343559575537897
-0.00569661392663384
-0.0860032153472885
-0.0342657883048609
-0.0911539567002974
0.055440257433321
-0.0517527584891518
-0.107964480494333
0.00748085593293412
-0.212752688348787
-0.182371313643949
-0.202689533687256
0.149215838541096
-0.16811653592406
-0.0120932857805637
-0.205097021058746
-0.133767237286616
-0.128868141486332
0.0742344932275592
-0.111041234804406
0.0971667771790576
0.0536091052114136
-0.0264509021863075
-0.068563703580654
-0.00972990688665007
-0.205732250031266
0.164284339322392
-0.0765953249483301
-0.0921120399352915
-0.0499199484443536
