0.0486561099287849
0.174150992767687
-0.0183191835453323
-0.229626952593308
-0.216118330687815
0.00117517416190946
-0.0431176479016653
-0.00489152204613914
-0.132433737451588
-0.0926050240517686
0.034261110237391
0.0392372314484344
0.140618508460574
-0.0280751559514309
0.00554730131169469
-0.0217332507453711
0.0424331384864671
0.0132704384055514
0.118738937934636
-0.139748556881926
0.0380490967466214
0.176139967536148
-0.0799298718145163
0.000452059839666322
0.0395170428949608
-0.0988260862730607
-0.022522776015078
-0.100131704348754
0.139921789432777
-0.0589364672348912
0.0374876704869648
0.112156782821215
0.0109717378563827
-0.0615762674573141
0.0643790256444666
-0.0753856131926841
0.0746620143579062
0.122679037100026
-0.0220902733988353
0.197713408732428
-0.0118103960289
-0.0264356830488223
0.0629977009320017
0.040354530844285
0.0653499375718296
-0.0153274218723995
0.0972082876690358
-0.104197029902102
0.0601525921181604
0.0266869115948983
-0.0983191683573558
0.190246327934458
-0.0150674100048891
0.0126404492429292
0.180713762513735
0.108321303471365
-0.0709932489812545
0.036192764315842
0.0419683626869588
-0.130956523572859
0.0706502104445936
-0.00531144999630597
0.163131733617232
-0.0611560794955943
0.0603952480186225
0.0475665994736072
-0.0669544357653978
-0.0489587346635662
-0.213289992349498
-0.0778060007146949
-0.0756914142289881
-0.103571452490069
-0.13125624715762
0.13655865575733
0.0640495343133725
-0.00914258899564253
0.00568096878230117
-0.0358912603206274
0.0675491958902335
0.0588418428721306
0.0354580321758579
0.177817970958269
-0.00237729674142412
0.0712190643080548
-0.188475550251491
-0.0953528232638118
-0.31060105020589
-0.0203438688694967
-0.160372191827814
0.0374948446715587
-0.0100846309314775
0.140162063476978
0.0733988447835452
-0.0107795830684383
0.1622876071937
0.0132533899520327
0.0415863042250336
0.125452416315539
0.0564010186111993
0.111374221466209
