0.216438653939869
0.0363905322780178
0.163102356855266
0.0965509400330085
-0.025790575350601
-0.0436926864737904
0.0170794884854529
0.0486455572385503
0.0860194196837739
0.110733708480601
-0.0476695235095929
0.0313085733193339
0.0491883264009607
-0.0669855277610029
0.135403556128803
0.0223828316949432
-0.109540328416397
-0.17057364879661
-0.121359868802974
-0.207393231866057
-0.0583307841676859
0.183375382948584
0.216142098686821
0.157903435276007
0.0496598271218312
0.0203496824904223
-0.0443612497641418
-0.124930799564114
-0.00507738953736565
-0.108770773176169
0.132169536661019
0.0340509748684669
0.0577365704102914
0.094521680586298
-0.0645951603758703
-0.0470962315704407
-0.0198942562374942
0.217128645307662
0.0594625193508121
-0.0450434336742895
-0.0061250272694658
-0.0632259948820257
-0.196402084641153
0.172105298211248
-0.0452645305207739
0.082323767038769
0.0557863831332553
0.0713108390637877
-0.0833433830515159
-0.141443637286216
-0.127990518691705
0.0690717611074553
-0.0766617495584136
0.138720798671409
-0.0410804554425249
0.0519362014770967
-0.0127887447244852
-0.0254487957157521
0.134244185996869
0.0538332074246762
-0.00756971597902475
0.00188288856756325
0.0250285267268494
-0.129849224345153
-0.131042588653552
-0.127918451014153
0.12832015813944
0.0722956702451209
-0.0104500060409253
0.211305580775164
-0.112391431715067
0.0759581071346936
0.0298265564676768
0.107039225590687
0.0261710738983904
0.00491982398871807
-0.0179363314543678
-0.0581668019280308
-0.0754135748046931
-0.0300324562420985
0.0629505030488336
0.0136045247590641
-0.0657368827739553
-0.106132142087048
-0.159095805938255
0.0813973151437172
0.0282369555466307
0.00445963261549201
-0.0238961902193448
0.0657564073278008
0.0107739875434563
-0.110692662251685
0.130708837982747
-0.245163072516671
0.0762588970950446
-0.00212961101274265
0.0203176473158791
0.0350037662157268
-0.0624377552877857
0.160062829906909
