-0.141770053383095
-0.0868328850982609
-0.185542075687087
0.0641373066589379
0.000316284466793985
-0.0574927150739587
0.15215110584579
-0.015461794976784
-0.0151255138827021
0.0890613560951942
0.0127107008979559
-0.010178896019865
-0.066954268830591
0.101012252303024
0.0883455392250169
-0.151312951991817
-0.0887483249113241
-0.0465623269850691
-0.0561329126962189
0.0627628505455215
-0.187363953956434
0.0905190636015013
-0.13090226202259
0.0978883532409155
-0.00785453270183753
-0.0387121930515611
-0.145203120614371
-0.160476157987294
-0.21983049998263
-0.0325064538336648
-0.112059340969283
0.139219214400813
-0.0501521204763881
0.0561467277880899
0.129648439824339
-0.0775822485199907
-0.000499201266877104
0.0825326875536149
-0.175027527614533
0.119304520605019
0.0794994933645749
0.164280055375481
-0.0082268854885636
-0.0567791731204116
0.0366437630250688
-0.127398784775391
-0.0540075195796518
0.000967977247380128
0.0344772780536519
-0.0583042522849263
0.16294158058458
0.00645417789445874
-0.129294063226972
-0.0282772071486513
0.093679452578334
0.119292414467892
0.0833004168439521
0.0632823829743892
-0.0376699112972452
0.0373664950908592
0.164335760315418
0.0325370081736965
0.0275629996307214
0.0312660317204987
0.189637236760275
0.0176756751637876
-0.0424513417742005
-0.0185258193029985
-0.0503403170675815
-0.0500637314342823
0.0607859975549408
-0.0649168141727875
0.0826946776707534
-0.0544760249789828
0.0579595153128596
-0.177018219648231
-0.171022074571748
-0.0753707238914783
-0.034922708401866
-0.0628936474356185
0.0263198176658029
-0.0525137668468995
0.0510851676256865
-0.103563040715331
0.279479330947826
0.146382998091658
-0.152178642497442
-0.0517187073638038
-0.00141325088620838
0.0278736521914673
-0.129586808594633
0.103078252843578
-0.0872650821367291
-0.0617196288670615
-0.110228427195339
-0.0115973767877724
0.0757917243266278
-0.0610998697219633
0.087284361402545
0.19178865312389
