-0.0375384666510407
0.106136192420071
0.0318721339479628
0.106354231630924
-0.0817202497332822
0.100071008692094
-0.151190263560835
0.122660503168947
-0.0664184855761105
-0.0653128473004974
0.0314446134345019
0.0457307181063018
0.142240714550295
0.0270440421087339
0.0474214078233607
-0.0469499343238186
-0.0265941623632258
-0.130850967840317
-0.0378283762747029
-0.0169937795709197
0.048842618443118
0.110601114420681
-0.0464163361822801
-0.165175829622737
-0.10623186756834
-0.0342408605354884
0.0232923868888884
0.0873440950460678
-0.0055120632957964
0.0657242145634392
0.0494026977550523
-0.0969246000074725
0.0889466615165434
-0.0846100378841971
-0.0635010197711124
-0.00466024811258673
-0.0315469802170072
-0.0156901947383011
-0.030905148046735
0.125256049462088
-0.0677324772295796
-0.140960911188445
-0.226092227506641
-0.0926360552414938
-0.0941587319006039
0.330445036584148
0.0757676803119162
-0.131638887461652
-0.0134233487831275
0.100524512807222
-0.00255691083463175
-0.0212681518479407
0.101523191488902
-0.0392556006588089
-0.167577460341083
0.0149201564281965
0.0530073379151408
0.143881852207745
-0.0424218402986717
-0.0383992492127194
0.127325962460489
0.0305266069629724
-0.256658768736399
-0.0876403202977755
-0.042751415986936
-0.031008971847765
-0.0825425474755714
-0.0462471299655699
0.0790925297826063
0.121007859623746
-0.0386338934999411
-0.0302054002544057
-0.0727431665323658
-0.0749603066001708
-0.0415883170892661
0.0620322176451174
-0.03485861103313
-0.0104126436084744
-0.1201357006738
-0.0518487490897471
-0.144934692746437
0.261227918631085
0.0534334335247672
-0.0257338378178779
-0.210202924866562
-0.0635878050774682
-0.0868951410010416
-0.0662086452853409
-0.199710522576997
0.00726510624693193
-0.0838468054125509
-0.075944989392852
-0.0726135008073148
0.118286297432877
-0.160894051290519
-0.0656809321458163
-0.159046823852975
-0.0118011482639549
0.0223054734532379
-0.0330917887729382
