0.0691929457306968
-0.175040214732422
0.0851997328971936
0.0528109342440142
0.0248010058025617
0.000981349533218427
-0.0583571645474225
0.0203412897355414
0.0404132472801937
-0.0526756031029004
0.0930467177661632
0.136698770970467
0.00748797931578649
-0.269216125101418
0.0371737451681099
0.0132362621851162
0.0442844885978004
-0.0993693305646316
-0.00791255262303991
-0.0842381511721283
-0.0777212781635302
-0.0424656815248434
0.0469027854847939
-0.0618146963138243
0.0339255315492522
0.193513646916271
-0.19046115119147
0.0553818704547481
-0.0939031270923148
-0.0187061204653748
0.127969211793929
-0.124452335377309
0.0507544889242349
0.137754298453999
0.203413266038846
0.0705429558835791
0.031237373503706
-0.112190936464463
0.0152190687859166
-0.0293365624598098
0.0497077985091256
0.0597061825851823
0.0533035987838805
0.0363204018592499
0.00539402385037133
-0.0166457986089032
0.158833665745805
0.0804738565896091
0.0381416897309607
-0.0216547101275761
-0.000767075297238112
-0.0371226905197076
-0.0877802944683427
0.11182522527646
-0.082074650021132
-0.0647814224223557
-0.123435474865223
-0.0390979887757995
0.0452285521779942
0.0407618032704459
-0.00534336142608713
-0.0859440495545625
-0.0765291709504151
-0.0125636912238313
-0.29650508327406
-0.136803642646506
0.0130124786641846
0.189102027577919
-0.0790327530953076
-0.0513910575853914
0.0996502390227678
-0.0544136451820404
-0.0448834410800398
0.111999737094041
-0.121569974861789
0.0109307016842285
-0.0286133863020333
-0.205672940097676
0.0288537788728469
-0.00996307568211496
0.0221519033088915
0.164180112838787
0.271773938159158
0.0455661674134703
0.0831953194849856
-0.0910830851934775
0.0358400176167694
-0.0386914566539419
-0.0761836933789092
-0.0487082301124928
-0.0419058941911917
0.144686586189832
0.0507700785093221
0.0163096065011873
0.0448296195569089
0.141695635180404
-0.174948206904275
0.153595272345305
0.0954603945199862
0.144786776543074
