0.124053793925855
-0.0611980970509933
0.0962817086420096
-0.000876853430505815
-0.140109997004748
-0.0732763225099755
0.135957016826364
-0.105751818278267
0.0283222356284935
-0.0256689494763012
0.0534933769450233
-0.0979952665985794
-0.02239216268258
-0.0660406268437071
0.00679492800490465
-0.0775772829400238
0.0581534644073083
0.0851069611219152
-0.0803583085613724
-0.0395834609854459
0.00680189884592516
0.00659108942666333
0.0892709730686537
0.0190275879898824
0.0445992514269246
-0.0357001142915794
-0.137186829650456
0.140680097610281
-0.120453101585263
-0.000935264252624732
-0.0976940309786297
0.0614455636902868
0.214637241422729
0.076007662669504
-0.117774374558902
-0.00180391534020012
0.0217613797749782
0.0567869129692825
-0.0234545464992811
-0.0220026955601076
0.0368669213955616
0.154866775566096
-0.0545963874429836
0.0778445010566388
-0.00530149253323143
-0.0562886295608075
0.108448991502525
-0.0558368416667766
0.102755139505848
-0.0843053632665795
0.0102850991719549
-0.260275808528615
-0.0864633326511964
0.0294779568760952
-0.243533899458352
-0.103397617067745
0.141171247886391
0.00696062330705335
0.0402249159722577
0.04869251165622
-0.0897335407437109
-0.0324821160458829
-0.0126088979713537
0.120679997702258
-0.122229410261822
0.0330322496088804
-0.175129675142535
0.0948405306441463
-0.136636772631441
0.0116581574091574
-0.0210646224006068
0.0865066430015896
-0.0718402043741218
-0.278762858553956
0.0224054578865508
-0.0839452877243231
-0.00189495786522041
-0.04055924098918
-0.0190421225459132
0.0999566008682747
0.236723404717998
0.0899549590040519
-0.0924630945923325
-0.136598948628892
0.0215993146411038
-0.234912702966748
-0.0202134398673988
-0.141691261590831
-0.199978684207778
-0.0220966231414618
-0.110325021597614
-0.0435212320335798
-0.000139792365606581
0.0318815705139556
-0.0598665626279207
0.186243022408626
-0.046092979269278
0.063541888383953
-0.0795773521206205
0.0456017978561773
