-0.0731199880115602
0.050088433249569
0.0678520136815285
-0.148502821986639
0.105826964544452
-0.0814717193925147
0.00785253776742813
0.0744314339336847
-0.123960748568658
0.11474857594007
0.150437390373575
-0.267846526116572
0.0448260910526594
-0.00559473074630247
-0.0925336934546718
0.183983085084354
-0.0394766879755252
0.167157270237382
0.158966870106908
0.0988239781850553
0.0812678384276988
0.0908103885590048
-0.0108702158331559
0.0962012237487248
-0.0355457037098175
0.0233574785106022
-0.0703877405783994
0.0449474793312592
-0.0699390489828995
0.0326164768478039
0.104932949198956
0.0903189768096763
0.149583780620328
-0.0371635330125547
0.0983078156672834
-0.129153934962357
0.0451752084711063
-0.128188640818843
-0.030138455343051
0.0362760913346287
0.00855369077512564
-0.274604336528792
0.0700540642131429
0.0898281921487106
0.0274181080640343
0.128731927951346
-0.0511764765355644
-0.124139595151549
0.138921072201215
-0.0309591686796705
-0.166057578508627
0.0635217565565348
-0.082571823923248
0.0577035815996036
0.0353245329282903
0.065366769349367
-0.00815322737016543
0.0747654110003824
-0.00962303646209068
0.105846271198359
0.042535452073095
-0.061533711036211
-0.00425878985157827
-0.084575742729754
-0.0578160958640046
-0.0857575781702957
0.19841369992316
0.0358751524774984
-0.102829611546528
-0.000130037763941447
0.092261127922973
-0.101161003933123
0.00708804362659303
-0.0450348400618699
0.00384607746326989
-0.128319380711852
0.0257970818558362
0.0374927378473378
-0.0643271215207599
0.0309576576254538
0.125630349950761
-0.0259462777075154
-0.0408051377826439
0.00217780771733332
0.0845878727839011
0.0580580478473325
0.111379609137266
-0.111195237338146
-0.186358237710313
-0.00386200565967775
0.0507254029075261
-0.0528519195755752
0.201763660777879
0.0799266839301145
0.112837284371275
-0.16523778823613
0.104198736931931
-0.232622901203656
0.0524785461948199
0.0732684472433473
