-0.0195193953962556
-0.11031376467507
-0.0613384121355065
0.0307851811679987
-0.177165391793495
-0.203521230698588
-0.159895821824869
0.00669185529615494
-0.0291371648529152
-0.0109491915722573
0.00968091624180567
-0.0148981636719217
-0.137001161572063
0.0490599148969982
0.0824217923977817
-0.1558718062505
-0.106645338634745
-0.0878570997089841
-0.0838080471041985
0.0137280559611281
0.2331699497023
-0.0894411204646633
0.0249055105545956
-0.0120894475838971
-0.10868793728225
-0.0242347339275886
0.101049282991179
0.0275744008645478
0.0790928440982048
-0.00882905666940408
0.030832465313495
-0.0976890521736333
-0.0183095763185826
0.0848936892339568
0.179953431052371
0.120148323612087
-0.244457936306073
-0.13779859166586
0.0653496825510177
0.0315544444760458
0.103453518939878
-0.0171004956079301
0.0789160476475377
-0.031120777628042
-0.0440539823745514
0.0594416365792291
-0.0038486626866546
-0.0196247128306529
-0.109595341532443
-0.00645224913273993
0.059483898454234
-0.085227589029539
0.158268706123003
0.11612329950355
-0.185672719233993
0.103696945819392
0.0928599366199277
-0.0281049191701301
0.0647219788421948
0.120708797528313
0.091933103823223
-0.00799271445335062
-0.0790241907499446
0.0514835676909223
-0.117168788045203
0.181787122013978
0.142621609623089
0.0904995715346144
0.0158540417132505
-0.0947325080970085
-0.0407871500883149
0.0249304284870037
-0.145848721415926
-0.0791013742310043
-0.0871596273408811
-0.184813247369134
0.066681177444231
0.150372045277098
0.171740920155984
0.184704716975968
-0.00909920095856845
-0.0882003289985521
0.050729372734478
0.0517491799439483
0.0857403661642654
-0.0937933206286302
-0.0042256942509995
-0.146054562328975
0.075197834610446
0.154789357316556
0.147665318110723
0.137698342300733
0.00777068127165349
0.0348408189753334
-0.090851967224665
0.0255219731353908
0.0877412177938776
0.0255922901997336
-0.00577139833740035
-0.0128727279730229
