0.147289803641738
-0.0431160266804867
0.0347911651441252
-0.0333620467971688
0.054416230371897
0.0468300574500191
0.137881537820566
-0.0505781764727328
-0.00927484410415765
-0.12076169967769
-0.105232104351445
0.00817876915826945
0.0975044682998186
-0.0534963036198116
-0.055259240863678
0.123946014807175
0.0187721623110593
0.0370354198550804
0.0988775756437348
-0.018515310913305
0.0406123172144757
0.163848212469202
0.129083682930004
0.0189192944758367
0.0654754523286733
0.0907676750360796
-0.00202141081269211
-0.026129369865661
-0.0163197177196717
-0.0194564770680124
0.051545664131861
-0.0360131048740613
-0.0161070031837218
0.0937303238102136
-0.103918055559901
-0.0863435637402847
-0.28049731993963
-0.0552735385503481
-0.00832843918495355
-0.023723958444425
-0.0490735365033441
0.0139967570828835
0.133320833782828
0.0689669574670326
0.0191583668571799
0.0618863730578487
-0.0503531573452053
0.0569080896134953
0.021466847802676
-0.147366613647829
0.118576030235463
-0.0089305379551404
0.172898635228802
-0.0234124001211923
-0.0478800851581002
0.00288696740407345
0.0271459059610335
0.200441078335233
0.121025311484381
0.122662847439776
-0.0953153931834265
-0.0131331422660195
0.000333057953618782
0.154433576415176
0.087429022497124
-0.0296352175345181
0.0507955920279402
0.0621393272134109
-0.0776368158365577
0.118681406073597
-0.00776581353470006
0.196979061770528
-0.0379116093482212
0.040636049090369
-0.147580371227199
0.0286435992799646
0.000888195663864693
-0.231163946098228
0.0291304020391452
0.105072668948045
-0.0485034559705635
0.202600443555759
-0.22569841469989
0.265845266937137
0.03731933267336
0.13275938395706
-0.0749343518569475
0.0864123285319991
0.145452960380339
0.0138723198109912
-0.0673185749603422
0.145994483705229
-0.0422027821571644
0.0064342810348457
-0.254398437876158
-0.0089796654627496
0.0496570348293127
-0.0724567026366167
-0.00499176026917736
0.120265959551351
