-0.051431643597756
0.0733780806658373
0.0396516546770777
-0.0717624830975888
0.0433996608595113
-0.03068192888071
-0.215219158852158
0.0576927707333096
0.0597345288815564
0.155741255243329
-0.135311572114872
-0.0285491332078871
-0.0944112006224364
0.0383611566706542
-0.0251914332224184
-0.0633615815473126
-0.0778392109007481
0.0507406361053623
0.185621618193265
0.0534355517950212
0.0601601346048575
0.161435780417268
0.0117293244881245
-0.041023395071065
0.204116684228652
-0.0226361215464627
-0.0191668284534469
0.0450879840667805
-0.0186005096466718
0.198675043441914
0.0797449579609719
0.0998700451681687
0.0820410989548246
0.213662547207817
0.0984212793502395
0.145557665090069
0.0953497423132501
-0.0323087936573239
-0.00180562124855576
-0.231656421108033
0.0312298004310287
0.0240448191265885
0.119060130862756
-0.0575048114751311
-0.00946865731216621
-0.17084959866415
-0.244569868152652
0.156265676600232
-0.0139976286216198
0.0662434621048698
0.0305007728345735
-0.0507580623835767
-0.0707507654321354
0.00375863699770549
-0.0735085965150018
-0.0561693505080596
0.145749703557532
-0.0349660122761998
0.114827581000002
-0.032674395166102
-0.0481154494239855
-0.0116070299413172
0.0273148416062755
0.00343203671833039
-0.00190601833973527
-0.0517855799328687
-0.286273836430535
-0.00770540210145476
0.143913675275395
-0.0554885551522239
0.0166324272106412
0.0447821994473474
0.181928494804797
-0.0211442979222356
-0.0238276427336905
0.0120322249274195
0.0379392169561193
-0.0575691983948157
-0.119837662968921
-0.0321228714960795
0.101628640252066
-0.0818239518605212
-0.166931016586314
-0.0570048882287956
0.157810622614739
0.156176440618386
0.0507225934655383
-0.175035480748219
-0.0335826966814548
-0.00342509712728348
-0.0193902774774749
-0.0769915345453444
-0.104271285287913
0.0195716276254395
-0.0755871600069566
-0.0501409877471658
-0.0334170002120292
-0.0583957998119761
0.149640453581931
-0.0418778586259122
