-0.0305300658218988
0.0262529933601176
0.166477853091751
-0.0325601244006376
-0.0826006796014684
0.0314987739670091
0.106539106157537
-0.0982268916619879
0.0093805221767939
-0.0324394240461925
-0.114129932922641
-0.119476823004543
-0.21239970944356
0.0137737508635325
0.323175942707945
-0.0444746360117466
0.0833710062614939
0.120304206034454
-0.113881392423061
-0.0781234988129438
-0.0100663761196224
0.115518062812159
0.0680553627093699
-0.0287770415866809
0.0999695428282085
-0.0075331350130926
0.0612207335575881
0.134989507198668
0.0963549459298266
0.0737969191829574
-0.0780425498997012
-0.0179531018964524
-0.253565490698665
0.0814987307590803
0.0216920976226077
-0.140095574384656
-0.180085517707752
0.0717727746131632
-0.0493603740370052
0.00468786862901014
0.0930168823527382
-0.0843612331682893
0.0738600680035519
-0.12302874412339
-0.0834104251923427
-0.0602144377280708
-0.0355320623583475
-0.0616206679120107
0.0995467596655398
0.0810074522307962
0.144952748372255
-0.0243884867261895
0.266578906217672
0.0614130060890964
-0.0541948327937776
0.0881434826864251
0.0406709971441149
0.109354148353528
0.0716652408722424
0.00656018734454114
0.0770872808747094
-0.000538028743086345
-0.018509597314954
-0.0825178852650751
0.0650031644951509
0.0694887189452704
-0.0151789353367401
0.203855196903266
-0.22916998730989
-0.0241344743310447
0.0585442801064018
-0.0978306677193145
-0.120655509756537
-0.0304863856639946
-0.0821954423149479
-0.0743905341324739
0.135064992812018
0.0610485899339349
0.0902039646800935
0.0401845320393653
-0.0182427574188971
-0.0302279008162287
0.0172496870161207
0.104451181816577
-0.00575456590067084
-0.168146424061166
0.00402715419715239
-0.0983963291928722
0.142381235106782
-0.029463354211604
0.0493650547096854
0.0744929499441556
0.0911963664915763
-0.0415233269102074
-0.0811269839143589
-0.178685985533768
-0.00747946605903422
0.0566406159768285
0.038266973398444
0.0130660266061628
