0.0284023775107963
-0.139480126757638
0.0638009562071325
-0.0871931825642779
0.128545824935776
0.064174363929459
-0.144662095918675
0.0368407457536572
0.186667897727048
-0.127932383500398
0.117622886707668
0.0885101291915769
0.069493789200882
-0.0818936495975447
-0.0392747442387855
-0.00488628346169039
-0.012889035266408
0.0234010342676286
0.202471374967489
-0.00194721493369976
-0.0368709468767488
0.0477315844849154
0.00523587022316183
0.0891131321717321
-0.21974487863014
0.0900117318298727
0.0267116719592453
0.0267773650091966
0.0180962965631691
-0.0474812129445192
-0.020232157650749
0.129550858144683
0.134777031763754
-0.0338356402996761
-0.0307312086391077
-0.0249258684350738
0.114276551528713
0.0939524737428694
0.0770224202266002
0.0106356118313716
-0.0380447088144177
-0.0987081161554544
-0.0490063973808016
0.193122091477446
0.0824009251492041
-0.073054060965836
0.0434962510518929
-0.115673073812438
-0.0850872489437125
0.0229398967717939
-0.0541691845779009
0.0276832791486623
0.246960082589546
-0.0236162554493558
-0.116387729362457
-0.0591028423886699
-0.127558521163641
0.120104193296225
0.00938456335839886
0.229836560636322
0.0136729764970211
0.15606800479687
-0.200112510539248
-0.12070930745641
-0.0517688223427815
-0.075248339042023
-0.0739985744983594
0.0361718494668875
0.030027331439531
0.0656473656047901
0.0404722525812938
-0.0961641769154167
-0.215802339972614
-0.167887177961646
0.0258046239458351
0.100655780557569
0.181564393027746
0.117242026447446
-0.0273563253321416
-0.00116731303529355
-0.0374661587000548
0.0186067228826906
-0.0129731334411891
-0.0784576167678702
0.117733485615086
-0.178783982024385
0.0522525509425852
-0.0613581696846701
0.0387734539408151
-0.0183881032784833
0.0743470009473167
-0.0151828602999421
0.00995611687113723
0.0461466581019107
0.261272965171799
-0.0699858605836765
-0.0139905678210817
-0.080080806305674
-0.118719109469265
0.000360975274337986
