0.264738892806312
0.09459390943918
-0.0839858013108526
0.0403521013506458
-0.0452405167179787
-0.0635257450698296
0.025007436262337
-0.0764498737757825
0.0507528155762764
0.0408027461103124
0.0434656562276037
0.0936734748792999
0.192690342457103
-0.25235481034361
-0.0112014422621267
0.142243087023054
-0.117297699523959
-0.103614588759565
0.00944016898015021
-0.0182212882927176
0.149585831291965
0.049626158827397
0.0514216261576141
0.0462581831798829
-0.0492762599765609
-0.0935699890072457
0.0254681109137322
-0.0216461788745156
0.108123625392194
-0.0554841495859889
-0.11115118755659
0.221872830248613
0.0608788494003377
-0.11601313122527
0.0447079151424848
-0.110548780369442
0.0106224351719505
0.176196912775848
0.089884578424793
-0.18005792270376
0.0531446140778766
-0.0085970380802788
-0.02341278667872
-0.0907729504003722
0.0485187545805882
-0.0164155959461155
-0.0259934452305492
-0.0334243312381836
-0.0127365506962347
0.00704867054700102
-0.168341965800381
0.0693411891440615
0.0479862157731597
0.0703633131804683
-0.199874549558958
-0.0768676023016208
-0.0477959678072311
0.0509243642831581
0.000364688783402961
-0.0411230936022466
0.147531602911934
-0.00989380669282744
0.149444448956386
-0.137108699708397
0.0213779991858362
0.0184539378644569
-0.118284157750302
-0.0619952455742143
0.0925163027995577
0.165032961368318
0.0732581227635173
-0.0921930850027737
0.104445532950193
0.0247949393554056
-0.0160734197498836
-0.0787087864070843
0.123991007170956
-0.129425225015771
0.20423773233978
0.000978151248380658
-0.158561782221635
0.00309543200227044
-0.136925314087299
-0.0245622225192454
-0.00103427154217426
-0.0250968258990071
0.0873239571000454
-0.0826778498334205
0.0267999120078567
0.129412093269423
0.00154546314394362
-0.0515737283414745
0.0230527245030391
-0.0947616558181254
0.0663800795042532
-0.000364682158660857
-0.148798491954135
-0.218595483841685
-0.0788775493798967
0.124040028106573
