0.00316658557775038
-0.235957190952777
0.0290566197925809
-0.0118830190038528
-0.0569769090170708
0.0497686561193751
0.0469071071254261
-0.0455476693732227
-0.0860363875397955
0.0804350195140929
-0.133456194169214
-0.0134521817051784
-0.0422619577559278
-0.105626098757644
-0.0472324653624224
-0.0276263895327664
-0.043578788043097
-0.127247056378045
0.204238827612052
0.0522384502686356
0.111496168221134
0.0929741365663054
0.0800810487239494
0.0516081917334471
-0.0906428940286082
-0.11213273759031
-0.0650625668246734
0.0455732926752517
-0.10288225556965
0.0285932502037373
-0.0379810546388474
-0.176018480831792
-0.0652737684971313
0.0487480957219724
-0.203898771435859
-0.118242532235822
0.0262120185207184
0.22660760859537
0.091889200969646
0.10143284939848
0.0439230290035324
-0.0189387424570411
0.184505996596331
-0.175711959809711
-0.0470335257032262
-0.209553893368765
-0.136405932397219
-0.134513410179664
0.104426387191542
-0.155308462686628
-0.0346700237462931
-0.0869516225020695
-0.0370673754976592
-0.0912245786300872
0.0999324089412518
-0.166888024482674
-0.0948595888271315
0.031128042643786
0.102791918699263
-0.0275566353315632
0.104221756381211
-0.0569859674595241
-0.18214952312633
-0.0625582003764482
-0.0988718166762683
-0.154202951169025
-0.0546992616109205
-0.0366373105703728
-0.067464910883698
0.21166083348708
-0.0335304193222889
-0.028611523722281
0.0812882864177698
0.0379960513711002
0.0528302786090042
0.0584282685506175
-0.123432028768302
0.0577764134586852
0.0965991982714901
-0.024120456713792
0.0227476195197273
0.0236089067857118
-0.0506133034087854
0.0656566701986294
-0.139846991869411
-0.0625143691076356
-0.015358098106374
0.0391884946221766
-0.0709400899812126
0.0306552253249748
-0.0474719882696559
0.113427473874298
0.058364761263799
-0.104654023355269
-0.153199084099133
-0.105773173640908
-0.0445696451648672
-0.0334093164743319
-0.0935408753986335
0.167437449956239
