-0.154422251978976
-0.197106083792789
-0.0104748059590985
-0.0794095402423766
0.0226553800721472
0.0408641176605284
0.049319164379585
-0.00918556778406663
0.0820697885262275
0.124119157555593
-0.0444921788955273
-0.045055453504296
-0.115239952440232
0.0343585941308669
0.110299681713153
0.0226311327566953
-0.110626274372611
-0.0896453808223076
0.109757487451395
0.0467573650210222
0.0188889460896898
0.0363762664617785
0.00669455122730592
0.0226254174491383
-0.105373135735948
-0.0864842970751006
-0.0311938172713196
-0.00784565235577273
0.134282446152415
-0.195680815537831
-0.0171060146360483
0.032796777631902
0.0450340872654964
-0.0249250783607733
-0.0600843839230357
0.1727778007404
0.0562551857750992
0.0910648161553311
0.13948079190122
-7.49953485246927e-05
-0.121785286709168
-0.139723268437315
-0.0289120582468699
0.0104737582370943
0.0543797683715606
-0.0067229717018004
-0.0407651085812197
0.0411010016514646
-0.115079098115048
0.0713804220257122
-0.0285162836448767
0.179583599725326
0.0845604886002542
-0.0268169447941489
0.000600319565913481
0.0792389403128461
-0.0669567079072054
-0.0446498526570839
-0.0235336689675905
0.216765186314287
0.0321585850212461
-0.03699997986366
-0.0582045781554009
-0.186109375718669
0.0825408096433635
0.0196380043222453
-0.178638886032294
0.0298649895065566
-0.233650942404836
-0.0422314842144448
-0.115837137908014
0.0589677315773058
-0.0358305214210922
-0.151901666406445
-0.0673283906327737
-0.0683540106732573
-0.17200567014271
-0.0181682452044287
-0.0334536298830354
0.213065971228419
-0.0957577976983266
0.0243039385330289
0.041835613535438
-0.0851612417627045
-0.197198581130038
-0.146117527169899
-0.130884106090878
0.0284204685339224
-0.0626373836877541
-0.0475507433703012
-0.011253535644845
-0.00099327421284562
0.192163087506043
0.192816523671847
-0.149125000105595
0.0306124646965403
0.197205835532029
0.0818435400454969
-0.01919189876889
-0.142877563650446
