0.0174983847121431
0.123069593422447
-0.073253102563644
0.0276695796691135
-0.178686717647058
-0.0665842327274147
-0.0507969422469031
-0.0943320436333749
-0.0535974807870985
0.0664991767696293
-0.0363266224875871
-0.0555411032566822
-0.125463931688019
-0.0469577681630525
0.074954126469724
0.0257090509631662
0.0670271027717988
-0.0409785919995582
0.0507410016707341
0.169367149347663
0.0795909152313085
0.0874820341107924
0.038777482341604
-0.0719187617634198
-0.0543479348567951
-0.130083727302749
-0.256452029034906
0.0494684493874122
0.0117371193191032
0.0149512398344161
0.062906685906817
0.0124323007052111
0.0766130971315315
-0.216346442137248
0.0302599689424949
0.0164314479143458
-0.0164292187768163
-0.0671647665398861
0.223258234366437
-0.0303339144185411
-0.0431183514587465
-0.184580108185274
-0.0616310521595665
-0.138383797779733
0.0554579688935767
-0.095823453102837
-0.0507790323569047
-0.00502598728587135
-0.0941619969247783
-0.121576272785657
-0.069757721176806
0.098506031325944
0.0997341061208848
-0.00437617417525259
0.219023773976828
-0.0291402272274617
0.335967016328609
0.0532566005708571
-0.0816323226106274
-0.00577582300516914
0.0518735479612904
-0.270000419165662
0.19841909975933
0.0354239963536854
-0.0540138080595059
-0.0679554655922675
-0.145123785319543
0.0247969850232521
0.0336175623952326
0.0852125067629999
0.10055038582263
-0.0114567310857832
0.0879683897830357
0.00376707356293665
-0.00425947629449606
-0.0913747193162891
-0.00432700927509034
0.0666744768944116
0.109413852676421
0.0640036725633094
-0.00179402780584317
0.106431044826848
-0.0863423950037731
0.0302779585988222
0.141768710712987
0.00540226076242807
-0.0697598136103612
0.0236797932351448
-0.139443656316143
-0.0375933542173131
0.00854465937279168
0.086303746939656
-0.15161718062871
0.0672771056935635
0.00543083589417458
0.0539619770363847
-0.0380918041918291
0.0828753604455413
-0.1025717232612
0.133381555950532
