-0.0615447799632294
-0.00280548540100146
-0.00226940361338914
0.131678105850942
-0.141742521646288
0.152131639358816
0.0444442247231831
-0.0052885449070507
-0.00166023286615447
0.0103194690741909
-0.223344067696604
-0.0223783253850365
-0.117375591757284
-0.15980960433443
-0.152500786505797
0.11955246850801
0.0236860487617062
0.0090727058900469
0.213403861124201
0.0669604315696315
0.0168862221038812
0.0593245021435485
0.160982744224088
0.0100239760005426
-0.130290402584148
-0.0403534374091941
-0.0233207593249071
-0.151536317753275
-0.0275264116945512
0.29841095014052
0.138893549712112
-0.0929625378584657
-0.0440149421139285
-0.0146635365382029
-0.0179756872749732
-0.0217048013361224
0.0728280793489123
0.0704012054577565
-0.101270821222487
-0.0229324259681134
0.0229429886550344
0.103397090624699
-0.157708070715686
-0.0421108461251841
0.0741204768232417
-0.173473647050428
-0.141122262606372
0.248930717915087
-0.00508787373404605
0.033130617263104
0.0299592466711623
0.00287743642610899
0.0448558827639461
-0.126335096723393
-0.0245450350895397
0.131574809321101
0.0581764108596702
0.03897970100676
-0.0593227406905445
0.145943305903328
0.00194163603593467
0.0132761573518537
-0.0355993700988582
0.0118454831682671
-0.0662411894324915
-0.164605084883206
-0.0226535324930563
-0.138959031661814
-0.0323366677100344
0.0110239818191351
-0.147373235054383
0.0947164030829896
-0.0819904355983849
0.173727126235385
-0.0295178196379418
-0.112094274123292
0.162904134629388
-0.0309010181191165
-0.0368058716030737
-0.106622007491581
0.0402098262803981
0.074581575523497
0.101734753650972
-0.0133835056876442
0.0762253889552374
-0.119818716697963
0.0297023748315732
0.0232101007811104
0.0206511201133235
0.117411790153661
0.149444660542673
0.123361617304258
0.0346135002430279
0.0489566537600028
-0.030979153639796
-0.138740578571546
-0.0755424100632699
0.109063040803984
-0.0331300637702497
-0.100481631857886
