-0.189960838792625
0.0288439552747558
-0.0427935214618132
0.224540393383926
-0.125710055724643
-0.0905695868086952
-0.077128170298646
0.114863046947293
0.0255742943148556
-0.108739198455679
0.00335420352153509
0.0169042316992757
-0.105889709539165
-0.0575562438730006
0.0632804437772302
-0.00176688003016711
-0.0258994440132409
-0.0941705881392503
-0.0322148901797699
0.101584413244149
-0.206699672779674
-0.0554258788344436
0.0659266809380932
-0.122122464814506
-0.0771496684766909
-0.05621922476029
-0.0302394381265825
0.0409730905902213
0.0387869145517391
0.0560585344514621
0.112575683444879
0.125205788888943
-0.110137877380267
0.0583574545679858
-0.000773734471752191
0.179373257368074
0.0258829216605466
0.0732452748945761
-0.0235096466382103
0.0285609186410321
-0.0155176067718311
-0.0374874771661624
0.217206203812462
-0.136008729121057
-0.163339213142952
-0.152946829317691
0.245782077596433
0.0469994594177368
-0.122152676760448
0.0916918339938708
-0.0577898009830343
0.162217003532498
-0.0459295852419593
0.138563722531749
0.22404190282564
0.124703793110571
-0.0593929594656414
-0.0723532582804819
-0.0599413907863535
0.00807031634201413
0.126655161377203
0.0460762261726476
0.158327347498778
-0.0874706272361218
-0.0551381191054536
0.0326974461151725
0.0432940718904016
-0.0217492864677976
-0.100240498039325
-0.0999757626340987
-0.0159481187558122
0.0555490954048972
-0.169828798318175
-0.0227223729305486
-0.071298755572655
0.0470689433477577
0.0986812569832749
0.0607890682399367
0.125750092979224
-0.0556933827523054
0.0623173109318082
0.137510150256382
0.162432059828803
0.0273889428885913
0.0785066994626197
-0.0237331061221443
0.0145760189712673
-0.027392068092275
0.00134090544728918
-0.127119539879703
0.0494695769836859
0.193178709110867
-0.0905255296792298
-0.0653003839696089
-0.114401943027719
0.00532522415610241
0.0220794550412365
0.134024492016227
-0.10174300337412
0.0220649262796869
