0.108827261495896
-0.0501688282907201
0.220022162888141
-0.052720282582672
0.121168028868083
0.0541633172668345
-0.0774550184342482
0.184034520913154
0.0131102707878787
-0.0721255670065453
-0.0522525370722406
0.00313087706521331
-0.0754852783705002
-0.128537733401967
0.0815089512353121
0.039522933204656
-0.0111740085413173
-0.068688912670935
-0.143308931334936
0.00341890847201109
0.00270215405698503
-0.011159486827703
0.0140368791312915
-0.0313641903531696
0.0657548731914353
-0.0992394471511693
-0.0940421831867755
0.0423344318512528
0.104527619495115
0.00252926331818696
0.0590150980950175
0.118475389237428
-0.0880779301269559
0.0562460263262097
-0.0692737962450606
-0.0780268035323506
0.0483790682307196
-0.0786513440404175
0.137412434107044
-0.160236459764497
0.0221415093941105
0.061489469599442
0.0054212161958162
-0.00975593378008076
0.0266375873794594
-0.183029386953902
-0.0893532294085297
-0.070115317398883
0.24881499279272
0.0092447989542236
0.072238552924714
-0.118105223405898
-0.347265052309005
0.0721401198260204
-0.0360116684027533
0.00224530584328738
-0.0625860703048237
0.200224425841456
-0.0726656611752344
0.0776500788162306
-0.0477392983589296
-0.0738378318653389
0.0140575442535751
0.0474408619924751
-0.0785409751535872
0.148264997796132
-0.0421791275530288
0.0368943022519622
0.00193237999567512
0.111783496056204
0.020997740027735
0.0353869153572711
0.221741662965176
-0.0303033989760144
-0.0766027797818629
0.0197117608300907
-0.0726915161667519
0.0722034149184483
0.029720760139436
0.0122098844885884
-0.0523007480678405
-0.180204138362372
-0.113985729038794
-0.157339478633671
0.00118840809220808
-0.0156185966927809
-0.0106655813785132
0.129526152370748
-0.0375781682933689
0.0159839127459415
0.0556615569764488
-0.017220535106155
-0.0616018694428753
-0.133134684603141
0.290436589383227
-0.00467644656281375
-0.158477519303921
-0.00401532242164964
-0.128856122794665
0.0465196999213898
