-0.0755103034953325
-0.0284152322409916
-0.133260629856761
0.0553739630507818
-0.050537406408014
-0.103234131086809
0.0107218271262889
0.049964272714662
0.045331607665914
-0.0609767253869469
0.103398290407953
-0.108864228774003
-0.0747609875955668
0.0152289923148623
-0.0370759012255454
-0.134961794393461
0.121157116705369
0.0386214744141579
-0.00526874813560124
0.287920284369461
-0.0544601718080057
0.0254863504054721
0.194501751414608
0.0760398398075799
0.232271783552729
-0.0248418021573702
-0.156646002772382
-0.16662301895769
-0.0634020237014756
-0.197155096991751
0.0551146155737315
-0.104725312070912
-0.0737390398572323
-0.0522018211533396
0.0754850618668126
0.0302802895490785
0.00684656283045826
0.147338791953538
-0.0281057146900688
-0.0294222720388558
-0.0319524406055412
-0.00664053026435277
0.0457192524909501
-0.0699873690998301
0.0233522961874768
-0.00692839967009054
0.00583389002039845
-0.147530490713539
0.0397981382687369
-0.0157172398219253
-0.109622343753271
-0.0816404746084556
0.138015510729432
-0.139882071463612
-0.0118072182691816
-0.0221778510689182
0.0174251319660584
-0.00273867047704697
-0.0298248583625442
0.0973812246657559
-0.00346557130792293
-0.0728998029817372
0.0204629397126518
-0.159484890301979
-0.139645054812096
0.0326859200428975
-0.0597619399097398
0.0241467303337165
-0.269522276471611
0.0822968302757546
-0.089336092172195
0.216582132100977
0.217250813231608
-0.139686786050912
-0.13005762271048
0.0438029779884771
0.17653212142156
0.102366227972701
0.106970178088618
-0.131185250696995
-0.042731517343009
0.155677132499104
0.00222050661860192
0.12226914152279
0.136136218898991
0.0757018635583375
-0.0227808057229489
-0.0932923239527374
-0.00404356059269592
0.0514458481835804
0.0371420492427187
0.00900482701176097
-0.0131259955903364
0.0575950188552821
-0.144884213642707
-0.028156197212787
0.00149449716851389
-0.0470636529945512
-0.0112765113475812
0.0407431171480591
