0.100000
59.933809
64.602234
66.567094
67.846650
69.179387
70.690046
71.767318
72.283990
72.936306
74.932196
75.541553
76.574796
77.210312
77.489758
78.808728
79.328304
80.524634
81.308735
81.825248
82.635375
83.117820
84.071804
85.136707
85.788150
86.279178
86.400248
87.446750
88.100247
88.333117
89.103961
89.288012
90.194580
90.734761
91.110938
91.463255
91.689322
92.267530
92.791575
93.162521
93.877647
94.416521
94.956065
95.337516
95.680396
96.437991
97.235326
97.803118
98.533606
98.650432
99.676137
100.137324
100.656974
101.378348
102.928716
103.286293
103.719202
104.467311
104.695429
105.480273
106.191167
106.718202
107.358456
107.738820
108.173001
108.849329
109.970567
110.393705
110.994349
111.972014
112.466953
112.800206
113.222548
114.407537
114.646804
115.040842
115.959257
116.399284
117.176455
117.266953
117.831313
118.970615
120.070177
120.312870
120.745392
121.643810
121.991001
122.615563
122.762673
123.435082
124.385097
126.034843
126.225227
127.460885
128.714423
129.710973
131.502427
132.322456
132.579560
145.017596