0.067986
0.014687
0.019736
0.039929
0.052234
0.169667
0.175154
8.972456
0.023813
0.021306
0.027019
0.029183
0.033831
0.544675
0.008104
0.048048
0.037443
0.286195
0.159300
4.133368
0.873875
3831.585103
0.004354
0.050413
1.284442
0.034574
0.241556
0.550949
0.064767
0.009069
0.278938
0.062343
4.057566
0.029898
0.103193
0.145997
0.030299
0.013172
0.017353
0.017949
0.008122
0.678836
0.104293
0.060710
0.013133
0.157421
0.052848
0.093032
0.203640
0.029632
0.058338
0.303216
0.103924
0.023703
0.144303
0.011146
0.004762
0.032299
0.088605
0.036284
0.146999
0.205802
0.078291
0.013231
0.043955
0.014682
0.008366
0.899255
0.008369
0.238294
0.036785
0.121955
0.559604
0.010460
0.112453
0.052942
0.023960
0.073476
0.319334
964.744045
0.017416
0.080052
0.001309
0.009297
0.137554
11.432190
0.078760
0.084955
0.030739
0.229991
0.026485
0.023547
0.027320
0.044446
121.038815
0.080075
25.644347
0.045489
0.124290
0.283279
