8.571849
0.845646
8.617318
7.328097
8.304957
9.689529
12.333516
9.897468
11.209971
11.027773
10.936308
10.460874
10.941277
5.589226
12.377132
10.274273
11.827797
8.506169
8.939263
8.342091
10.343449
11.038532
5.455249
11.500166
11.111095
12.287251
10.742508
11.234166
11.315646
9.031088
7.971598
13.006272
13.119489
6.790504
8.173130
10.005428
11.168249
12.954065
10.813161
8.285544
12.629272
10.355860
4.857998
11.319369
5.379746
7.327937
7.820699
12.508950
12.570375
9.936604
10.268397
9.089137
12.431395
7.521279
9.815296
6.972627
6.023256
10.062329
8.105101
9.992719
10.576352
5.572614
12.213457
11.123056
7.750415
13.313605
12.298190
10.017691
5.699890
9.822938
6.487484
11.006037
9.967359
6.603971
7.560081
5.834779
9.407241
10.191853
12.751389
11.100635
6.225262
10.141919
13.783649
7.396959
7.489082
11.475474
9.387324
12.399529
8.793920
9.128035
10.643584
10.951312
10.504109
11.982742
8.912453
5.049539
9.425222
13.666719
9.107687
7.677246
