11.3762
-0.13706
-0.069014
-0.080963
-0.10287
-0.1446
-0.11359
-0.113
-0.10972
-0.10125
-0.10784
-0.10836
-0.082151
-0.10015
-0.12469
-0.11492
-0.093458
-0.12067
-0.09825
-0.13643
-0.087905
-0.064353
-0.1471
-0.071854
-0.11827
-0.15353
-0.079625
-0.15015
-0.13752
-0.085679
-0.097352
-0.11049
-0.15412
-0.051019
-0.059073
-0.089042
-0.12266
-0.053209
-0.12023
-0.11111
-0.039642
-0.067545
-0.11615
-0.092382
-0.14363
-0.1066
-0.048561
-0.1042
-0.13824
-0.075968
-0.074583
-0.055247
-0.057202
-0.045861
-0.095453
-0.1172
-0.1308
-0.06269
-0.16114
-0.15035
-0.12516
-0.13387
-0.086903
-0.1401
-0.14626
-0.1249
-0.13594
-0.13495
-0.09133
-0.12237
-0.065953
-0.13199
-0.090132
-0.10219
-0.10578
-0.060899
-0.083344
-0.13187
-0.13408
-0.084532
-0.096251
-0.15587
-0.11942
-0.14229
-0.077169
-0.042975
-0.078513
-0.14867
-0.11182
-0.12305
-0.11649
-0.10476
-0.073345
-0.070555
-0.15801
-0.099368
-0.12491
-0.03535
-0.094349
-0.16373
-0.13706
11.8764
-0.070018
-0.082778
-0.10656
-0.15538
-0.11915
-0.11781
-0.1137
-0.10439
-0.11202
-0.11287
-0.083976
-0.1033
-0.13308
-0.1198
-0.096023
-0.12762
-0.10129
-0.15078
-0.090053
-0.065177
-0.15875
-0.072994
-0.12445
-0.16471
-0.081384
-0.16294
-0.1466
-0.087892
-0.10021
-0.11471
-0.16597
-0.051364
-0.059689
-0.091368
-0.12973
-0.053617
-0.12627
-0.11582
-0.039762
-0.068449
-0.12197
-0.094875
-0.15413
-0.11081
-0.048909
-0.10799
-0.15263
-0.077366
-0.075936
-0.055732
-0.057801
-0.04616
-0.098272
-0.12315
-0.14052
-0.063425
-0.1716
-0.16053
-0.13436
-0.14189
-0.089018
-0.14999
-0.15785
-0.1339
-0.14664
-0.14412
-0.093607
-0.12928
-0.066927
-0.13781
-0.092565
-0.10552
-0.10956
-0.061633
-0.085257
-0.1395
-0.1422
-0.08656
-0.099186
-0.16884
-0.12599
-0.15365
-0.078735
-0.043207
-0.080126
-0.15636
-0.1169
-0.13076
-0.12214
-0.10881
-0.07443
-0.071595
-0.17216
-0.10236
-0.13198
-0.035454
-0.097011
-0.17724
-0.069014
-0.070018
7.1874
-0.057956
-0.064404
-0.070927
-0.066685
-0.066811
-0.065836
-0.063953
-0.065374
-0.06563
-0.058449
-0.063703
-0.068724
-0.066856
-0.061791
-0.067977
-0.063195
-0.070609
-0.060268
-0.050801
-0.071119
-0.054476
-0.067508
-0.071702
-0.05728
-0.071372
-0.070161
-0.059501
-0.062967
-0.066038
-0.071736
-0.043541
-0.048289
-0.060613
-0.068254
-0.044936
-0.067815
-0.066282
-0.035854
-0.051768
-0.0671
-0.061439
-0.07075
-0.065379
-0.042073
-0.064564
-0.070383
-0.056134
-0.05562
-0.045983
-0.047147
-0.040145
-0.062486
-0.06742
-0.069337
-0.050034
-0.072297
-0.071441
-0.068805
-0.069682
-0.059898
-0.070285
-0.07098
-0.068951
-0.06996
-0.069854
-0.060981
-0.06817
-0.052151
-0.069214
-0.060965
-0.0642
-0.065068
-0.049191
-0.058796
-0.069445
-0.069533
-0.059167
-0.06258
-0.071963
-0.067751
-0.07068
-0.056649
-0.038206
-0.056941
-0.071259
-0.066386
-0.068336
-0.067148
-0.064821
-0.055076
-0.053182
-0.072123
-0.06336
-0.068508
-0.032505
-0.062053
-0.072606
-0.080963
-0.082778
-0.057956
8.0879
-0.073599
-0.084014
-0.077129
-0.076942
-0.075897
-0.072929
-0.075058
-0.075531
-0.064634
-0.072617
-0.080243
-0.077479
-0.069877
-0.079241
-0.071851
-0.083869
-0.067361
-0.055144
-0.084623
-0.059568
-0.078418
-0.085539
-0.063538
-0.085332
-0.082937
-0.066568
-0.071553
-0.07592
-0.085767
-0.046101
-0.051814
-0.068136
-0.079485
-0.047581
-0.07895
-0.076389
-0.03718
-0.057116
-0.077871
-0.069511
-0.08415
-0.075116
-0.044356
-0.074035
-0.082932
-0.062045
-0.061209
-0.049172
-0.050588
-0.042188
-0.070583
-0.078102
-0.081735
-0.054113
-0.086543
-0.085251
-0.080409
-0.082005
-0.067325
-0.08299
-0.084532
-0.080782
-0.082421
-0.082193
-0.069059
-0.079297
-0.056085
-0.081155
-0.068745
-0.07328
-0.074595
-0.053066
-0.066561
-0.081384
-0.08201
-0.066346
-0.07101
-0.086045
-0.07859
-0.083638
-0.062533
-0.039899
-0.063315
-0.084843
-0.07663
-0.079787
-0.077698
-0.074173
-0.060366
-0.058774
-0.086318
-0.072203
-0.080118
-0.03361
-0.069917
-0.087099
-0.10287
-0.10656
-0.064404
-0.073599
9.6617
-0.11018
-0.095414
-0.095352
-0.093355
-0.087593
-0.091061
-0.092293
-0.074407
-0.086622
-0.10193
-0.096148
-0.082302
-0.09969
-0.085709
-0.10875
-0.078408
-0.060501
-0.11122
-0.066657
-0.098084
-0.11368
-0.072803
-0.11245
-0.10732
-0.076969
-0.085064
-0.093441
-0.11406
-0.04906
-0.056196
-0.079343
-0.10048
-0.051052
-0.098915
-0.094457
-0.038675
-0.063098
-0.096564
-0.081656
-0.10966
-0.091971
-0.046861
-0.08813
-0.10808
-0.069805
-0.068853
-0.052911
-0.05456
-0.044592
-0.083649
-0.097816
-0.10437
-0.059151
-0.11698
-0.11259
-0.10229
-0.10555
-0.077718
-0.10819
-0.11057
-0.10273
-0.10643
-0.10593
-0.081003
-0.10001
-0.061833
-0.10379
-0.080028
-0.088472
-0.090727
-0.057715
-0.075286
-0.10417
-0.10488
-0.076142
-0.084709
-0.11498
-0.098663
-0.10923
-0.070828
-0.041881
-0.071782
-0.11178
-0.094868
-0.10122
-0.096681
-0.090071
-0.067789
-0.065575
-0.11578
-0.086151
-0.10131
-0.034814
-0.083154
-0.11857
-0.1446
-0.15538
-0.070927
-0.084014
-0.11018
12.3715
-0.12394
-0.12349
-0.11794
-0.10777
-0.11615
-0.11705
-0.085336
-0.10659
-0.14023
-0.12504
-0.098326
-0.1342
-0.1043
-0.16296
-0.09192
-0.065963
-0.17464
-0.073962
-0.13041
-0.17654
-0.082466
-0.17141
-0.15769
-0.089462
-0.10307
-0.11914
-0.18004
-0.051651
-0.060259
-0.093248
-0.13644
-0.0539
-0.13273
-0.12055
-0.039882
-0.069314
-0.12755
-0.097075
-0.16482
-0.11509
-0.049202
-0.11123
-0.15853
-0.078419
-0.076837
-0.056112
-0.058219
-0.046351
-0.10082
-0.12911
-0.1481
-0.06413
-0.19213
-0.16993
-0.14138
-0.1513
-0.090742
-0.16034
-0.17145
-0.14298
-0.15446
-0.15388
-0.095695
-0.13546
-0.067645
-0.14578
-0.09453
-0.10886
-0.11343
-0.062224
-0.086693
-0.14739
-0.15015
-0.088016
-0.10158
-0.1824
-0.1319
-0.16149
-0.079879
-0.043422
-0.081314
-0.16755
-0.12192
-0.13758
-0.12761
-0.11292
-0.075516
-0.072518
-0.18447
-0.1055
-0.13956
-0.035582
-0.09944
-0.20019
-0.11359
-0.11915
-0.066685
-0.077129
-0.095414
-0.12394
10.4179
-0.10292
-0.10023
-0.094103
-0.099211
-0.099222
-0.07818
-0.093678
-0.11194
-0.10436
-0.087829
-0.10921
-0.091812
-0.12294
-0.08322
-0.062399
-0.12611
-0.069254
-0.10683
-0.13017
-0.076218
-0.12824
-0.12027
-0.08127
-0.091005
-0.10167
-0.13075
-0.050082
-0.057575
-0.084051
-0.11
-0.05219
-0.10775
-0.1017
-0.039144
-0.065291
-0.10401
-0.086923
-0.12387
-0.098204
-0.047691
-0.095967
-0.12083
-0.072856
-0.07166
-0.054131
-0.056083
-0.045265
-0.089583
-0.10728
-0.11559
-0.060915
-0.13559
-0.12889
-0.1126
-0.1175
-0.082255
-0.12125
-0.12528
-0.11341
-0.11862
-0.1186
-0.085994
-0.10922
-0.063886
-0.11443
-0.085232
-0.094989
-0.097788
-0.059306
-0.079252
-0.1152
-0.11644
-0.08026
-0.090034
-0.13229
-0.10779
-0.12275
-0.073876
-0.04246
-0.07497
-0.12717
-0.10279
-0.11093
-0.10588
-0.09697
-0.070436
-0.068021
-0.13356
-0.092641
-0.11135
-0.035072
-0.088645
-0.13665
-0.113
-0.11781
-0.066811
-0.076942
-0.095352
-0.12349
-0.10292
10.3572
-0.10015
-0.093607
-0.099038
-0.099026
-0.077971
-0.092273
-0.1111
-0.10282
-0.087459
-0.10867
-0.091331
-0.12123
-0.08274
-0.062391
-0.12528
-0.069092
-0.10611
-0.12849
-0.075936
-0.12717
-0.11962
-0.080962
-0.090693
-0.10146
-0.1284
-0.050016
-0.057526
-0.083593
-0.10878
-0.052072
-0.10692
-0.10134
-0.039414
-0.065232
-0.10407
-0.086232
-0.12301
-0.097993
-0.047682
-0.095927
-0.11999
-0.072582
-0.071577
-0.053969
-0.055775
-0.045314
-0.089035
-0.10634
-0.1147
-0.06088
-0.13223
-0.12813
-0.11184
-0.1161
-0.081861
-0.12046
-0.12381
-0.11282
-0.11821
-0.11693
-0.085849
-0.10856
-0.063844
-0.11366
-0.084546
-0.094266
-0.097267
-0.059219
-0.078804
-0.11433
-0.11568
-0.079914
-0.0896
-0.12978
-0.10721
-0.12196
-0.073887
-0.042423
-0.074812
-0.12637
-0.10274
-0.11017
-0.10344
-0.096461
-0.070398
-0.067848
-0.13137
-0.092117
-0.11015
-0.034991
-0.088138
-0.13565
-0.10972
-0.1137
-0.065836
-0.075897
-0.093355
-0.11794
-0.10023
-0.10015
10.1157
-0.091773
-0.097677
-0.096901
-0.076749
-0.091365
-0.10826
-0.10109
-0.085602
-0.10526
-0.089495
-0.11681
-0.081595
-0.061686
-0.1195
-0.068299
-0.10345
-0.12305
-0.074992
-0.12146
-0.11467
-0.079904
-0.088604
-0.093136
-0.12386
-0.049666
-0.057117
-0.082188
-0.10611
-0.051742
-0.1044
-0.099709
-0.0389
-0.064476
-0.10192
-0.084809
-0.11759
-0.09641
-0.047385
-0.093917
-0.11576
-0.071743
-0.070652
-0.053715
-0.055354
-0.044777
-0.087313
-0.10318
-0.11078
-0.060239
-0.12776
-0.12273
-0.10867
-0.1127
-0.080537
-0.11613
-0.11913
-0.1091
-0.11352
-0.11312
-0.083976
-0.10571
-0.063087
-0.10947
-0.082894
-0.092546
-0.094967
-0.058646
-0.079046
-0.11098
-0.11191
-0.078875
-0.088295
-0.12488
-0.10441
-0.11752
-0.072815
-0.042281
-0.073731
-0.12029
-0.1004
-0.10734
-0.10154
-0.094535
-0.069513
-0.066879
-0.12586
-0.09006
-0.10705
-0.034903
-0.086191
-0.12987
-0.10125
-0.10439
-0.063953
-0.072929
-0.087593
-0.10777
-0.094103
-0.093607
-0.091773
9.5258
-0.089911
-0.090991
-0.073683
-0.084127
-0.10014
-0.094311
-0.081326
-0.097934
-0.084095
-0.10698
-0.077777
-0.060156
-0.10874
-0.066159
-0.095879
-0.11099
-0.072143
-0.10985
-0.10512
-0.076096
-0.08367
-0.091901
-0.11132
-0.048867
-0.055961
-0.078449
-0.098568
-0.050884
-0.097259
-0.092944
-0.038688
-0.062776
-0.095285
-0.080676
-0.10721
-0.090716
-0.046595
-0.08837
-0.10566
-0.069251
-0.068218
-0.052727
-0.054354
-0.044302
-0.082754
-0.096188
-0.10238
-0.058836
-0.11381
-0.10978
-0.10047
-0.10347
-0.076851
-0.10594
-0.10807
-0.10091
-0.10428
-0.10385
-0.080147
-0.098238
-0.06148
-0.10164
-0.079013
-0.088377
-0.089348
-0.057298
-0.074515
-0.10172
-0.1029
-0.075411
-0.083698
-0.11215
-0.096989
-0.10681
-0.070308
-0.041718
-0.071126
-0.10921
-0.093089
-0.099643
-0.09503
-0.08837
-0.067264
-0.065126
-0.11283
-0.084929
-0.099437
-0.034744
-0.082443
-0.11473
-0.10784
-0.11202
-0.065374
-0.075058
-0.091061
-0.11615
-0.099211
-0.099038
-0.097677
-0.089911
9.974
-0.098317
-0.075933
-0.089333
-0.10601
-0.099625
-0.084442
-0.10402
-0.088168
-0.11327
-0.080544
-0.061247
-0.11741
-0.067828
-0.10177
-0.12031
-0.074219
-0.11884
-0.11285
-0.078762
-0.08739
-0.096825
-0.12076
-0.049515
-0.056871
-0.081301
-0.1043
-0.051507
-0.10267
-0.09855
-0.039
-0.064076
-0.10032
-0.083561
-0.11558
-0.0887
-0.047239
-0.091645
-0.11377
-0.07105
-0.07005
-0.053411
-0.055208
-0.044988
-0.085832
-0.10163
-0.10929
-0.059839
-0.12433
-0.11862
-0.10674
-0.11081
-0.079447
-0.11383
-0.11669
-0.10758
-0.11174
-0.11108
-0.082796
-0.10395
-0.062784
-0.10821
-0.082152
-0.089617
-0.093137
-0.058415
-0.076941
-0.10923
-0.10995
-0.077814
-0.0871
-0.12185
-0.10222
-0.11493
-0.072209
-0.042152
-0.07317
-0.11813
-0.09885
-0.1052
-0.1003
-0.091774
-0.069013
-0.066664
-0.12282
-0.088442
-0.10575
-0.034963
-0.085507
-0.12601
-0.10836
-0.11287
-0.06563
-0.075531
-0.092293
-0.11705
-0.099222
-0.099026
-0.096901
-0.090991
-0.098317
10.0452
-0.076526
-0.090423
-0.10695
-0.099884
-0.085247
-0.10478
-0.088948
-0.11573
-0.080626
-0.061727
-0.11867
-0.068059
-0.10228
-0.1218
-0.074618
-0.12005
-0.11381
-0.079301
-0.088216
-0.09599
-0.1221
-0.049639
-0.056929
-0.081826
-0.10486
-0.051699
-0.10338
-0.098366
-0.039117
-0.064317
-0.10077
-0.084201
-0.11674
-0.094211
-0.047277
-0.093203
-0.11419
-0.071373
-0.070391
-0.053537
-0.055177
-0.044896
-0.086915
-0.10225
-0.1101
-0.060042
-0.12488
-0.11997
-0.10783
-0.11137
-0.079995
-0.11468
-0.11791
-0.10799
-0.11272
-0.11195
-0.083769
-0.10509
-0.062978
-0.10886
-0.082785
-0.09175
-0.094611
-0.058615
-0.077392
-0.10954
-0.11084
-0.078398
-0.087755
-0.12353
-0.10271
-0.11576
-0.072525
-0.042154
-0.073589
-0.1194
-0.098926
-0.10587
-0.10001
-0.093943
-0.069296
-0.066891
-0.12441
-0.089584
-0.10639
-0.034951
-0.0862
-0.13005
-0.082151
-0.083976
-0.058449
-0.064634
-0.074407
-0.085336
-0.07818
-0.077971
-0.076749
-0.073683
-0.075933
-0.076526
8.1754
-0.073405
-0.081477
-0.078527
-0.070547
-0.08015
-0.072456
-0.084973
-0.068237
-0.055597
-0.085956
-0.060015
-0.079482
-0.086973
-0.064859
-0.086693
-0.084293
-0.067617
-0.072246
-0.076817
-0.08721
-0.046225
-0.052134
-0.06873
-0.080661
-0.047806
-0.079864
-0.076886
-0.037325
-0.057484
-0.078929
-0.070298
-0.085417
-0.076015
-0.044546
-0.074866
-0.084417
-0.062372
-0.061645
-0.049426
-0.050855
-0.042403
-0.071273
-0.079304
-0.082953
-0.05412
-0.088077
-0.086841
-0.081526
-0.083029
-0.067784
-0.084403
-0.085912
-0.081892
-0.083734
-0.083413
-0.069483
-0.08037
-0.056346
-0.082445
-0.06957
-0.074083
-0.075395
-0.053406
-0.066809
-0.082715
-0.083238
-0.067471
-0.071676
-0.087455
-0.079613
-0.085043
-0.063054
-0.040071
-0.063809
-0.086233
-0.07762
-0.080993
-0.079235
-0.075039
-0.060832
-0.059824
-0.087788
-0.072989
-0.081198
-0.03372
-0.071162
-0.088629
-0.10015
-0.1033
-0.063703
-0.072617
-0.086622
-0.10659
-0.093678
-0.092273
-0.091365
-0.084127
-0.089333
-0.090423
-0.073405
9.4621
-0.099168
-0.094035
-0.081001
-0.097026
-0.083827
-0.10572
-0.077416
-0.05993
-0.10747
-0.06589
-0.095634
-0.10968
-0.071915
-0.10856
-0.10406
-0.075749
-0.083361
-0.09137
-0.10989
-0.048762
-0.055684
-0.078013
-0.097687
-0.050701
-0.096543
-0.092249
-0.038506
-0.06243
-0.094371
-0.080148
-0.10607
-0.0897
-0.046592
-0.087572
-0.10465
-0.069002
-0.068047
-0.05256
-0.054271
-0.044536
-0.082388
-0.095506
-0.10149
-0.058623
-0.11243
-0.10868
-0.099623
-0.10247
-0.076505
-0.10469
-0.10686
-0.099939
-0.10326
-0.10283
-0.079529
-0.097428
-0.061215
-0.10112
-0.078767
-0.08707
-0.088617
-0.057213
-0.074291
-0.1011
-0.10188
-0.075032
-0.083356
-0.11066
-0.096157
-0.10565
-0.069949
-0.041682
-0.070875
-0.1079
-0.09249
-0.098476
-0.094236
-0.088163
-0.066914
-0.064855
-0.11133
-0.084209
-0.098522
-0.034682
-0.08176
-0.11427
-0.12469
-0.13308
-0.068724
-0.080243
-0.10193
-0.14023
-0.11194
-0.1111
-0.10826
-0.10014
-0.10601
-0.10695
-0.081477
-0.099168
11.2008
-0.11281
-0.092417
-0.11817
-0.097317
-0.13681
-0.087212
-0.064093
-0.1429
-0.071471
-0.1165
-0.14861
-0.07923
-0.1459
-0.1339
-0.084891
-0.096229
-0.10885
-0.14929
-0.050917
-0.058915
-0.088219
-0.12083
-0.053027
-0.11865
-0.10958
-0.039618
-0.067345
-0.11449
-0.091873
-0.13968
-0.10528
-0.048408
-0.1024
-0.13542
-0.075448
-0.073971
-0.055091
-0.056977
-0.045923
-0.094364
-0.1152
-0.12726
-0.062449
-0.15616
-0.14684
-0.12527
-0.12983
-0.085872
-0.13603
-0.1418
-0.12621
-0.13209
-0.13102
-0.090369
-0.12033
-0.06567
-0.12779
-0.089271
-0.10103
-0.10449
-0.060619
-0.082651
-0.12802
-0.12927
-0.083824
-0.095371
-0.15129
-0.1177
-0.13754
-0.076802
-0.042881
-0.077925
-0.14406
-0.11037
-0.12086
-0.11449
-0.10355
-0.072852
-0.070163
-0.153
-0.09836
-0.12098
-0.035338
-0.093439
-0.15748
-0.11492
-0.1198
-0.066856
-0.077479
-0.096148
-0.12504
-0.10436
-0.10282
-0.10109
-0.094311
-0.099625
-0.099884
-0.078527
-0.094035
-0.11281
10.4755
-0.08812
-0.11037
-0.092157
-0.12374
-0.083936
-0.062552
-0.12727
-0.069416
-0.10801
-0.13111
-0.07636
-0.12933
-0.12111
-0.081522
-0.091252
-0.10222
-0.13191
-0.05015
-0.057717
-0.084334
-0.11079
-0.052279
-0.10854
-0.10174
-0.039219
-0.065467
-0.10439
-0.087195
-0.12505
-0.098658
-0.047783
-0.096611
-0.12215
-0.073037
-0.071883
-0.05418
-0.056049
-0.045305
-0.089672
-0.10886
-0.11661
-0.061016
-0.13659
-0.13036
-0.11354
-0.11844
-0.082546
-0.12237
-0.12651
-0.11437
-0.11951
-0.11883
-0.086521
-0.11004
-0.063999
-0.1157
-0.085297
-0.09503
-0.098136
-0.059392
-0.079536
-0.11623
-0.11775
-0.080446
-0.09061
-0.1333
-0.1084
-0.12378
-0.074124
-0.042472
-0.075294
-0.12841
-0.10315
-0.11192
-0.10647
-0.097338
-0.070654
-0.068221
-0.13488
-0.092954
-0.11222
-0.035124
-0.088944
-0.13929
-0.093458
-0.096023
-0.061791
-0.069877
-0.082302
-0.098326
-0.087829
-0.087459
-0.085602
-0.081326
-0.084442
-0.085247
-0.070547
-0.081001
-0.092417
-0.08812
8.9706
-0.090737
-0.080001
-0.097332
-0.074015
-0.058389
-0.098944
-0.063894
-0.089489
-0.10046
-0.069328
-0.099689
-0.096447
-0.072745
-0.079876
-0.085851
-0.10059
-0.04789
-0.054588
-0.074349
-0.091219
-0.049737
-0.090395
-0.086344
-0.038153
-0.060746
-0.088669
-0.076429
-0.097995
-0.084493
-0.045809
-0.082671
-0.096736
-0.066606
-0.065817
-0.051537
-0.052966
-0.043788
-0.077921
-0.0894
-0.094522
-0.05712
-0.10235
-0.099579
-0.092826
-0.09516
-0.073278
-0.096992
-0.098522
-0.093156
-0.095851
-0.095525
-0.075989
-0.091092
-0.059553
-0.093766
-0.074559
-0.08191
-0.083732
-0.055972
-0.071315
-0.094184
-0.094714
-0.072005
-0.077425
-0.1011
-0.090118
-0.097636
-0.067555
-0.041215
-0.068363
-0.099179
-0.08694
-0.091933
-0.088609
-0.083601
-0.064815
-0.062862
-0.10157
-0.080486
-0.092079
-0.034478
-0.076499
-0.10263
-0.12067
-0.12762
-0.067977
-0.079241
-0.09969
-0.1342
-0.10921
-0.10867
-0.10526
-0.097934
-0.10402
-0.10478
-0.08015
-0.097026
-0.11817
-0.11037
-0.090737
10.906
-0.095233
-0.13188
-0.085418
-0.063484
-0.13645
-0.070603
-0.11374
-0.14125
-0.078042
-0.13914
-0.12882
-0.083573
-0.094317
-0.10612
-0.14186
-0.050562
-0.058435
-0.086552
-0.11467
-0.052716
-0.11792
-0.10698
-0.039485
-0.066522
-0.11121
-0.089782
-0.13363
-0.10249
-0.048174
-0.10006
-0.13025
-0.074476
-0.073229
-0.05472
-0.056639
-0.045617
-0.092502
-0.11256
-0.12309
-0.06191
-0.14788
-0.13977
-0.11914
-0.12525
-0.084683
-0.12972
-0.13547
-0.12043
-0.12677
-0.12584
-0.088941
-0.11294
-0.065008
-0.12186
-0.08765
-0.098795
-0.10181
-0.060383
-0.081382
-0.12152
-0.12486
-0.082557
-0.093447
-0.14403
-0.11626
-0.13166
-0.075609
-0.042729
-0.07692
-0.13773
-0.10772
-0.11682
-0.11198
-0.10118
-0.071909
-0.069394
-0.14538
-0.096101
-0.11743
-0.035226
-0.091595
-0.15043
-0.09825
-0.10129
-0.063195
-0.071851
-0.085709
-0.1043
-0.091812
-0.091331
-0.089495
-0.084095
-0.088168
-0.088948
-0.072456
-0.083827
-0.097317
-0.092157
-0.080001
-0.095233
9.3236
-0.10285
-0.07649
-0.059551
-0.10504
-0.065395
-0.093698
-0.10704
-0.071238
-0.10597
-0.10185
-0.074943
-0.081932
-0.089674
-0.10724
-0.048502
-0.055473
-0.077145
-0.095766
-0.050519
-0.094509
-0.090284
-0.038461
-0.062112
-0.09269
-0.07924
-0.10367
-0.088312
-0.046434
-0.086224
-0.10211
-0.068364
-0.067473
-0.052293
-0.053887
-0.044212
-0.081114
-0.093668
-0.099459
-0.05822
-0.10965
-0.10605
-0.097579
-0.10042
-0.075789
-0.10258
-0.10449
-0.09797
-0.10114
-0.10076
-0.07847
-0.095529
-0.060775
-0.098689
-0.077817
-0.085338
-0.087289
-0.056896
-0.073485
-0.098209
-0.099823
-0.074218
-0.082628
-0.10798
-0.094586
-0.10343
-0.069335
-0.041577
-0.070194
-0.10543
-0.090878
-0.096703
-0.092694
-0.08627
-0.066442
-0.064353
-0.10853
-0.084961
-0.096713
-0.034488
-0.08057
-0.1104
-0.13643
-0.15078
-0.070609
-0.083869
-0.10875
-0.16296
-0.12294
-0.12123
-0.11681
-0.10698
-0.11327
-0.11573
-0.084973
-0.10572
-0.13681
-0.12374
-0.097332
-0.13188
-0.10285
12.1515
-0.090895
-0.065474
-0.16531
-0.073659
-0.12833
-0.1714
-0.082429
-0.16935
-0.15048
-0.088893
-0.10175
-0.11759
-0.17159
-0.051546
-0.060056
-0.092593
-0.13356
-0.05372
-0.13048
-0.11851
-0.039981
-0.068978
-0.12519
-0.096178
-0.16188
-0.11297
-0.049054
-0.10908
-0.15337
-0.078233
-0.076682
-0.056069
-0.058092
-0.046481
-0.09974
-0.12714
-0.1435
-0.063796
-0.18161
-0.16888
-0.13816
-0.14585
-0.09005
-0.1594
-0.16366
-0.1404
-0.14735
-0.1462
-0.09482
-0.13379
-0.067162
-0.14496
-0.093788
-0.10811
-0.11166
-0.061948
-0.086263
-0.14349
-0.14613
-0.08765
-0.10031
-0.17717
-0.12936
-0.16309
-0.079595
-0.043238
-0.081095
-0.16721
-0.12007
-0.13496
-0.12482
-0.111
-0.075265
-0.072091
-0.17658
-0.10403
-0.13692
-0.035491
-0.098798
-0.18131
-0.087905
-0.090053
-0.060268
-0.067361
-0.078408
-0.09192
-0.08322
-0.08274
-0.081595
-0.077777
-0.080544
-0.080626
-0.068237
-0.077416
-0.087212
-0.083936
-0.074015
-0.085418
-0.07649
-0.090895
8.5894
-0.057139
-0.092627
-0.062059
-0.08444
-0.093739
-0.067052
-0.093357
-0.090576
-0.070409
-0.076089
-0.08189
-0.093812
-0.04715
-0.053506
-0.07238
-0.086085
-0.048935
-0.085281
-0.082145
-0.037805
-0.059224
-0.083681
-0.073739
-0.091855
-0.080629
-0.045247
-0.079113
-0.090712
-0.064567
-0.063789
-0.05062
-0.05207
-0.043187
-0.074911
-0.084532
-0.088953
-0.055984
-0.09524
-0.092949
-0.087429
-0.08939
-0.070484
-0.090636
-0.092422
-0.087798
-0.089822
-0.089541
-0.073082
-0.085894
-0.058266
-0.088337
-0.073684
-0.078069
-0.07982
-0.054814
-0.06884
-0.088414
-0.089239
-0.069321
-0.0753
-0.094407
-0.0852
-0.091372
-0.065405
-0.040659
-0.066151
-0.092741
-0.082449
-0.08677
-0.083995
-0.079321
-0.063002
-0.061082
-0.094548
-0.07701
-0.086802
-0.034145
-0.074659
-0.09552
-0.064353
-0.065177
-0.050801
-0.055144
-0.060501
-0.065963
-0.062399
-0.062391
-0.061686
-0.060156
-0.061247
-0.061727
-0.055597
-0.05993
-0.064093
-0.062552
-0.058389
-0.063484
-0.059551
-0.065474
-0.057139
6.824
-0.066086
-0.052141
-0.06309
-0.066487
-0.054512
-0.066157
-0.065277
-0.056485
-0.059317
-0.061843
-0.06649
-0.042368
-0.046638
-0.057432
-0.063688
-0.043667
-0.063323
-0.061697
-0.03489
-0.050406
-0.062709
-0.058153
-0.065718
-0.061291
-0.040839
-0.060735
-0.065434
-0.053649
-0.053159
-0.0447
-0.045902
-0.039101
-0.058857
-0.063005
-0.064606
-0.048063
-0.066957
-0.066214
-0.064208
-0.064915
-0.05682
-0.065518
-0.065901
-0.064298
-0.065126
-0.065096
-0.057888
-0.063633
-0.050036
-0.064503
-0.057787
-0.060317
-0.061035
-0.047438
-0.055923
-0.064625
-0.064808
-0.056254
-0.05902
-0.066671
-0.063254
-0.065663
-0.054051
-0.037451
-0.054343
-0.066115
-0.062135
-0.063851
-0.063015
-0.060917
-0.052648
-0.051272
-0.066764
-0.05972
-0.063921
-0.032374
-0.058651
-0.067182
-0.1471
-0.15875
-0.071119
-0.084623
-0.11122
-0.17464
-0.12611
-0.12528
-0.1195
-0.10874
-0.11741
-0.11867
-0.085956
-0.10747
-0.1429
-0.12727
-0.098944
-0.13645
-0.10504
-0.16531
-0.092627
-0.066086
12.5297
-0.074268
-0.13256
-0.18073
-0.083094
-0.17226
-0.1595
-0.090063
-0.10393
-0.12072
-0.18451
-0.0517
-0.06042
-0.093877
-0.13869
-0.053988
-0.13489
-0.1222
-0.039953
-0.069509
-0.12956
-0.097777
-0.16821
-0.1161
-0.049278
-0.11313
-0.16198
-0.078917
-0.077333
-0.05622
-0.058407
-0.04644
-0.10149
-0.1311
-0.15099
-0.06429
-0.19007
-0.17956
-0.14425
-0.154
-0.091413
-0.16352
-0.17222
-0.1458
-0.15736
-0.15487
-0.096399
-0.13827
-0.067867
-0.1485
-0.0954
-0.10993
-0.11469
-0.062433
-0.087281
-0.15044
-0.15336
-0.088716
-0.10349
-0.18736
-0.13428
-0.16459
-0.080364
-0.043416
-0.08185
-0.18053
-0.1233
-0.14029
-0.12963
-0.11384
-0.075755
-0.072743
-0.18933
-0.1062
-0.14187
-0.035538
-0.10017
-0.19952
-0.071854
-0.072994
-0.054476
-0.059568
-0.066657
-0.073962
-0.069254
-0.069092
-0.068299
-0.066159
-0.067828
-0.068059
-0.060015
-0.06589
-0.071471
-0.069416
-0.063894
-0.070603
-0.065395
-0.073659
-0.062059
-0.052141
-0.074268
7.4083
-0.07011
-0.074993
-0.059085
-0.074666
-0.073187
-0.061328
-0.065073
-0.06845
-0.075033
-0.044179
-0.04918
-0.062472
-0.07091
-0.045706
-0.070453
-0.068658
-0.036177
-0.05399
-0.06961
-0.063539
-0.073918
-0.067685
-0.042683
-0.066868
-0.073314
-0.057608
-0.057236
-0.046957
-0.048115
-0.04062
-0.064404
-0.070011
-0.072259
-0.051251
-0.075707
-0.074914
-0.071547
-0.072554
-0.061701
-0.073409
-0.074189
-0.071756
-0.072846
-0.072726
-0.063138
-0.070846
-0.053024
-0.072027
-0.062842
-0.066422
-0.067366
-0.050191
-0.060574
-0.072297
-0.072486
-0.060899
-0.064683
-0.075306
-0.070355
-0.073671
-0.058196
-0.038744
-0.058543
-0.074484
-0.068948
-0.071128
-0.069697
-0.067129
-0.056644
-0.054989
-0.075455
-0.065592
-0.071245
-0.033159
-0.064095
-0.076063
-0.11827
-0.12445
-0.067508
-0.078418
-0.098084
-0.13041
-0.10683
-0.10611
-0.10345
-0.095879
-0.10177
-0.10228
-0.079482
-0.095634
-0.1165
-0.10801
-0.089489
-0.11374
-0.093698
-0.12833
-0.08444
-0.06309
-0.13256
-0.07011
10.7183
-0.13727
-0.077249
-0.13513
-0.12557
-0.082602
-0.092831
-0.10415
-0.13769
-0.050387
-0.058152
-0.085651
-0.11403
-0.052495
-0.11099
-0.1047
-0.039342
-0.066162
-0.11056
-0.088456
-0.1299
-0.10078
-0.048057
-0.098537
-0.12659
-0.073874
-0.072811
-0.054496
-0.056357
-0.045566
-0.091059
-0.10857
-0.12045
-0.061535
-0.14322
-0.13554
-0.11709
-0.12237
-0.083604
-0.12697
-0.13147
-0.11793
-0.12377
-0.1227
-0.087536
-0.11302
-0.064602
-0.11906
-0.086453
-0.097208
-0.1005
-0.059842
-0.080515
-0.12017
-0.12139
-0.081649
-0.092006
-0.13957
-0.11134
-0.12851
-0.075037
-0.042666
-0.076223
-0.13352
-0.10552
-0.11542
-0.11009
-0.099195
-0.071451
-0.068918
-0.14086
-0.094766
-0.11558
-0.035192
-0.090243
-0.14503
-0.15353
-0.16471
-0.071702
-0.085539
-0.11368
-0.17654
-0.13017
-0.12849
-0.12305
-0.11099
-0.12031
-0.1218
-0.086973
-0.10968
-0.14861
-0.13111
-0.10046
-0.14125
-0.10704
-0.1714
-0.093739
-0.066487
-0.18073
-0.074993
-0.13727
12.8996
-0.08402
-0.18964
-0.16624
-0.091137
-0.10568
-0.12435
-0.20756
-0.051889
-0.060707
-0.095187
-0.14392
-0.054248
-0.13978
-0.12581
-0.04004
-0.07001
-0.13394
-0.099085
-0.17442
-0.119
-0.049425
-0.11486
-0.16875
-0.079703
-0.078225
-0.056537
-0.05869
-0.046695
-0.10324
-0.13566
-0.15752
-0.064614
-0.2048
-0.1833
-0.15039
-0.16042
-0.092411
-0.17251
-0.17806
-0.15222
-0.16456
-0.16156
-0.097751
-0.1435
-0.068315
-0.15437
-0.096476
-0.1123
-0.11758
-0.062699
-0.088381
-0.15636
-0.15979
-0.089739
-0.10426
-0.20406
-0.13887
-0.17404
-0.081257
-0.04349
-0.082774
-0.18568
-0.12704
-0.14573
-0.1336
-0.11608
-0.076635
-0.073419
-0.19877
-0.10831
-0.14727
-0.035642
-0.10172
-0.2126
-0.079625
-0.081384
-0.05728
-0.063538
-0.072803
-0.082466
-0.076218
-0.075936
-0.074992
-0.072143
-0.074219
-0.074618
-0.064859
-0.071915
-0.07923
-0.07636
-0.069328
-0.078042
-0.071238
-0.082429
-0.067052
-0.054512
-0.083094
-0.059085
-0.077249
-0.08402
7.9978
-0.083845
-0.081655
-0.066225
-0.070836
-0.075087
-0.084247
-0.046017
-0.051359
-0.067582
-0.07841
-0.047542
-0.077658
-0.075378
-0.037106
-0.056455
-0.076776
-0.068845
-0.082666
-0.070912
-0.044248
-0.073092
-0.081814
-0.061252
-0.060423
-0.048965
-0.050298
-0.042006
-0.06995
-0.077165
-0.08033
-0.054612
-0.085107
-0.084073
-0.079235
-0.080537
-0.066587
-0.081835
-0.083093
-0.079575
-0.08114
-0.080728
-0.068361
-0.078263
-0.055557
-0.079959
-0.068205
-0.07254
-0.073723
-0.052506
-0.06539
-0.080078
-0.080709
-0.065971
-0.070557
-0.084524
-0.0776
-0.082264
-0.061645
-0.039787
-0.062053
-0.083356
-0.075698
-0.078766
-0.076751
-0.073372
-0.059882
-0.057937
-0.08483
-0.071539
-0.078894
-0.033509
-0.069592
-0.085697
-0.15015
-0.16294
-0.071372
-0.085332
-0.11245
-0.17141
-0.12824
-0.12717
-0.12146
-0.10985
-0.11884
-0.12005
-0.086693
-0.10856
-0.1459
-0.12933
-0.099689
-0.13914
-0.10597
-0.16935
-0.093357
-0.066157
-0.17226
-0.074666
-0.13513
-0.18964
-0.083845
12.7137
-0.16324
-0.090744
-0.10473
-0.12259
-0.18515
-0.05186
-0.060583
-0.094541
-0.14139
-0.054238
-0.13753
-0.12415
-0.040033
-0.069672
-0.13166
-0.098458
-0.17086
-0.11768
-0.049328
-0.11442
-0.16573
-0.079434
-0.077893
-0.056469
-0.058588
-0.046387
-0.10231
-0.13347
-0.15444
-0.064367
-0.19962
-0.20075
-0.14752
-0.15798
-0.091984
-0.16812
-0.17506
-0.14927
-0.16085
-0.15888
-0.097118
-0.14102
-0.067937
-0.15188
-0.095893
-0.11101
-0.11608
-0.062533
-0.087988
-0.15368
-0.15664
-0.089328
-0.10346
-0.18995
-0.13675
-0.1713
-0.080994
-0.04338
-0.082508
-0.17998
-0.12535
-0.14321
-0.13183
-0.11506
-0.076335
-0.073114
-0.19158
-0.10718
-0.14473
-0.035576
-0.10096
-0.19844
-0.13752
-0.1466
-0.070161
-0.082937
-0.10732
-0.15769
-0.12027
-0.11962
-0.11467
-0.10512
-0.11285
-0.11381
-0.084293
-0.10406
-0.1339
-0.12111
-0.096447
-0.12882
-0.10185
-0.15048
-0.090576
-0.065277
-0.1595
-0.073187
-0.12557
-0.16624
-0.081655
-0.16324
11.9543
-0.088109
-0.10078
-0.11568
-0.16639
-0.051384
-0.059824
-0.091637
-0.13096
-0.053666
-0.12757
-0.11684
-0.039843
-0.068611
-0.12301
-0.095241
-0.15463
-0.11179
-0.048948
-0.10859
-0.14726
-0.077549
-0.076064
-0.055819
-0.05791
-0.046215
-0.098783
-0.12412
-0.14207
-0.063559
-0.17582
-0.16771
-0.13558
-0.14547
-0.089403
-0.1505
-0.15863
-0.13784
-0.14676
-0.14472
-0.093969
-0.13062
-0.066937
-0.13921
-0.092871
-0.10615
-0.11039
-0.061732
-0.085512
-0.14032
-0.14376
-0.086832
-0.099477
-0.16965
-0.1269
-0.15463
-0.078942
-0.043235
-0.08035
-0.16006
-0.11809
-0.13206
-0.12319
-0.10949
-0.074713
-0.071755
-0.17199
-0.10299
-0.13361
-0.035462
-0.097465
-0.18185
-0.085679
-0.087892
-0.059501
-0.066568
-0.076969
-0.089462
-0.08127
-0.080962
-0.079904
-0.076096
-0.078762
-0.079301
-0.067617
-0.075749
-0.084891
-0.081522
-0.072745
-0.083573
-0.074943
-0.088893
-0.070409
-0.056485
-0.090063
-0.061328
-0.082602
-0.091137
-0.066225
-0.090744
-0.088109
8.4289
-0.074365
-0.079677
-0.091301
-0.046784
-0.053015
-0.070718
-0.083871
-0.048476
-0.083105
-0.079764
-0.037583
-0.058581
-0.082024
-0.072087
-0.089415
-0.078621
-0.044887
-0.077367
-0.088151
-0.0638
-0.063017
-0.050177
-0.051647
-0.042796
-0.073449
-0.082472
-0.086661
-0.055383
-0.092439
-0.090639
-0.085137
-0.086996
-0.069823
-0.088418
-0.089885
-0.085541
-0.087559
-0.087261
-0.071453
-0.08385
-0.057871
-0.086005
-0.071787
-0.076538
-0.078147
-0.054283
-0.067511
-0.08658
-0.086815
-0.068437
-0.074006
-0.09164
-0.083044
-0.089002
-0.064589
-0.040489
-0.065156
-0.090273
-0.080565
-0.084477
-0.081584
-0.077741
-0.062117
-0.060686
-0.091967
-0.075532
-0.084646
-0.0341
-0.073117
-0.09256
-0.097352
-0.10021
-0.062967
-0.071553
-0.085064
-0.10307
-0.091005
-0.090693
-0.088604
-0.08367
-0.08739
-0.088216
-0.072246
-0.083361
-0.096229
-0.091252
-0.079876
-0.094317
-0.081932
-0.10175
-0.076089
-0.059317
-0.10393
-0.065073
-0.092831
-0.10568
-0.070836
-0.10473
-0.10078
-0.074365
9.2562
-0.089045
-0.10599
-0.048414
-0.055278
-0.076596
-0.094856
-0.050351
-0.093632
-0.089736
-0.038385
-0.061759
-0.091911
-0.078632
-0.10253
-0.08734
-0.046284
-0.085715
-0.10091
-0.068051
-0.067104
-0.05216
-0.053741
-0.044134
-0.081664
-0.092751
-0.098476
-0.057983
-0.1081
-0.10471
-0.096682
-0.099348
-0.075269
-0.10152
-0.10335
-0.097062
-0.10012
-0.099726
-0.078271
-0.09469
-0.06057
-0.097721
-0.077255
-0.084669
-0.086584
-0.056744
-0.07307
-0.098117
-0.09884
-0.073882
-0.082587
-0.10653
-0.093196
-0.10213
-0.068985
-0.041478
-0.069911
-0.10419
-0.090063
-0.09519
-0.091776
-0.086007
-0.066109
-0.064076
-0.10711
-0.083163
-0.095815
-0.034571
-0.080444
-0.10872
-0.11049
-0.11471
-0.066038
-0.07592
-0.093441
-0.11914
-0.10167
-0.10146
-0.093136
-0.091901
-0.096825
-0.09599
-0.076817
-0.09137
-0.10885
-0.10222
-0.085851
-0.10612
-0.089674
-0.11759
-0.08189
-0.061843
-0.12072
-0.06845
-0.10415
-0.12435
-0.075087
-0.12259
-0.11568
-0.079677
-0.089045
10.1611
-0.12465
-0.049775
-0.057125
-0.08235
-0.10713
-0.051817
-0.10517
-0.10233
-0.039129
-0.064702
-0.10257
-0.084943
-0.11888
-0.095263
-0.047486
-0.093976
-0.11648
-0.071918
-0.070805
-0.053729
-0.05549
-0.0451
-0.087355
-0.10415
-0.11197
-0.060353
-0.12872
-0.12332
-0.10933
-0.11338
-0.080605
-0.11668
-0.11994
-0.10997
-0.11444
-0.11372
-0.08404
-0.1065
-0.063292
-0.111
-0.083207
-0.092663
-0.09505
-0.058793
-0.077908
-0.11174
-0.1125
-0.078818
-0.088471
-0.12604
-0.10522
-0.11796
-0.07287
-0.042287
-0.073992
-0.12165
-0.10088
-0.10794
-0.10172
-0.094355
-0.069662
-0.067324
-0.12691
-0.090422
-0.1082
-0.034982
-0.086681
-0.13058
-0.15412
-0.16597
-0.071736
-0.085767
-0.11406
-0.18004
-0.13075
-0.1284
-0.12386
-0.11132
-0.12076
-0.1221
-0.08721
-0.10989
-0.14929
-0.13191
-0.10059
-0.14186
-0.10724
-0.17159
-0.093812
-0.06649
-0.18451
-0.075033
-0.13769
-0.20756
-0.084247
-0.18515
-0.16639
-0.091301
-0.10599
-0.12465
12.9284
-0.051887
-0.060817
-0.095244
-0.1444
-0.054286
-0.14035
-0.12637
-0.040044
-0.070006
-0.13426
-0.09926
-0.17477
-0.1196
-0.049425
-0.1154
-0.16883
-0.079836
-0.078342
-0.05659
-0.058785
-0.046649
-0.10331
-0.13613
-0.15791
-0.064663
-0.20316
-0.1909
-0.1509
-0.16073
-0.092691
-0.17042
-0.17992
-0.15236
-0.16432
-0.16269
-0.097968
-0.14415
-0.06828
-0.15535
-0.096632
-0.11256
-0.11787
-0.062798
-0.088531
-0.15748
-0.16061
-0.089962
-0.10473
-0.20257
-0.13962
-0.17284
-0.081385
-0.043528
-0.082971
-0.18442
-0.12764
-0.14627
-0.13432
-0.11659
-0.076726
-0.073418
-0.20342
-0.10847
-0.14792
-0.035616
-0.10192
-0.20526
-0.051019
-0.051364
-0.043541
-0.046101
-0.04906
-0.051651
-0.050082
-0.050016
-0.049666
-0.048867
-0.049515
-0.049639
-0.046225
-0.048762
-0.050917
-0.05015
-0.04789
-0.050562
-0.048502
-0.051546
-0.04715
-0.042368
-0.0517
-0.044179
-0.050387
-0.051889
-0.046017
-0.05186
-0.051384
-0.046784
-0.048414
-0.049775
-0.051887
5.7369
-0.040577
-0.047345
-0.050679
-0.038429
-0.050504
-0.049876
-0.032447
-0.043159
-0.050254
-0.047737
-0.051614
-0.049421
-0.036824
-0.049193
-0.051421
-0.045078
-0.044745
-0.039128
-0.03991
-0.035471
-0.048142
-0.050336
-0.051153
-0.041709
-0.052056
-0.051777
-0.050894
-0.051213
-0.046986
-0.05145
-0.051658
-0.050944
-0.051336
-0.051285
-0.047599
-0.050643
-0.042736
-0.051058
-0.047422
-0.04898
-0.049349
-0.041258
-0.046427
-0.051093
-0.0512
-0.046552
-0.04825
-0.051928
-0.050462
-0.051572
-0.045345
-0.034074
-0.045727
-0.051727
-0.04991
-0.050803
-0.050194
-0.049258
-0.044561
-0.044093
-0.051959
-0.048631
-0.050784
-0.029568
-0.04803
-0.052107
-0.059073
-0.059689
-0.048289
-0.051814
-0.056196
-0.060259
-0.057575
-0.057526
-0.057117
-0.055961
-0.056871
-0.056929
-0.052134
-0.055684
-0.058915
-0.057717
-0.054588
-0.058435
-0.055473
-0.060056
-0.053506
-0.046638
-0.06042
-0.04918
-0.058152
-0.060707
-0.051359
-0.060583
-0.059824
-0.053015
-0.055278
-0.057125
-0.060817
-0.040577
6.4103
-0.053731
-0.058578
-0.041783
-0.058348
-0.057278
-0.034192
-0.04782
-0.057877
-0.054381
-0.060169
-0.056735
-0.039471
-0.056265
-0.059953
-0.050427
-0.049987
-0.042903
-0.043637
-0.037983
-0.054898
-0.058051
-0.059277
-0.046799
-0.06116
-0.060635
-0.058892
-0.059479
-0.053252
-0.059977
-0.060328
-0.059028
-0.059623
-0.059537
-0.054169
-0.058451
-0.047733
-0.05916
-0.053996
-0.056051
-0.056596
-0.045557
-0.052466
-0.059352
-0.059419
-0.052764
-0.055096
-0.060901
-0.058308
-0.060178
-0.050937
-0.036325
-0.051092
-0.060522
-0.057361
-0.05862
-0.057816
-0.056519
-0.049631
-0.048725
-0.060979
-0.055591
-0.058735
-0.031358
-0.054744
-0.061235
-0.089042
-0.091368
-0.060613
-0.068136
-0.079343
-0.093248
-0.084051
-0.083593
-0.082188
-0.078449
-0.081301
-0.081826
-0.06873
-0.078013
-0.088219
-0.084334
-0.074349
-0.086552
-0.077145
-0.092593
-0.07238
-0.057432
-0.093877
-0.062472
-0.085651
-0.095187
-0.067582
-0.094541
-0.091637
-0.070718
-0.076596
-0.08235
-0.095244
-0.047345
-0.053731
8.6671
-0.087135
-0.049108
-0.086251
-0.082929
-0.037845
-0.059584
-0.084883
-0.074182
-0.09301
-0.081396
-0.045397
-0.079704
-0.09191
-0.065046
-0.064245
-0.050809
-0.052283
-0.043352
-0.075338
-0.085352
-0.089931
-0.056201
-0.096618
-0.094366
-0.088384
-0.090475
-0.071465
-0.092115
-0.093586
-0.088777
-0.091105
-0.090808
-0.074279
-0.086893
-0.058463
-0.089326
-0.075482
-0.078803
-0.080334
-0.055099
-0.069406
-0.089501
-0.090206
-0.070061
-0.075818
-0.095657
-0.085948
-0.092541
-0.065911
-0.040707
-0.066721
-0.094105
-0.083272
-0.087881
-0.084928
-0.080073
-0.063438
-0.061527
-0.09602
-0.077487
-0.08785
-0.034164
-0.074943
-0.09681
-0.12266
-0.12973
-0.068254
-0.079485
-0.10048
-0.13644
-0.11
-0.10878
-0.10611
-0.098568
-0.1043
-0.10486
-0.080661
-0.097687
-0.12083
-0.11079
-0.091219
-0.11467
-0.095766
-0.13356
-0.086085
-0.063688
-0.13869
-0.07091
-0.11403
-0.14392
-0.07841
-0.14139
-0.13096
-0.083871
-0.094856
-0.10713
-0.1444
-0.050679
-0.058578
-0.087135
11.0025
-0.052809
-0.11622
-0.10757
-0.039621
-0.066749
-0.1119
-0.090139
-0.1355
-0.10311
-0.048196
-0.1004
-0.1321
-0.074713
-0.07356
-0.054855
-0.056749
-0.045679
-0.093197
-0.11252
-0.12504
-0.062136
-0.15054
-0.14135
-0.12149
-0.12723
-0.084943
-0.1342
-0.13769
-0.12285
-0.12894
-0.1278
-0.089195
-0.11307
-0.06527
-0.12391
-0.088176
-0.099558
-0.10314
-0.060318
-0.08167
-0.12489
-0.12685
-0.082795
-0.093738
-0.14638
-0.11463
-0.13441
-0.075928
-0.042731
-0.077069
-0.13991
-0.10844
-0.12091
-0.11195
-0.10196
-0.072256
-0.069611
-0.14789
-0.096649
-0.12038
-0.035243
-0.091988
-0.15222
-0.053209
-0.053617
-0.044936
-0.047581
-0.051052
-0.0539
-0.05219
-0.052072
-0.051742
-0.050884
-0.051507
-0.051699
-0.047806
-0.050701
-0.053027
-0.052279
-0.049737
-0.052716
-0.050519
-0.05372
-0.048935
-0.043667
-0.053988
-0.045706
-0.052495
-0.054248
-0.047542
-0.054238
-0.053666
-0.048476
-0.050351
-0.051817
-0.054286
-0.038429
-0.041783
-0.049108
-0.052809
5.923
-0.052626
-0.051969
-0.033499
-0.044555
-0.052326
-0.049575
-0.0539
-0.051478
-0.037537
-0.051386
-0.053637
-0.046449
-0.046218
-0.040361
-0.040993
-0.036341
-0.050034
-0.052484
-0.053361
-0.042939
-0.054458
-0.05404
-0.053058
-0.053437
-0.048723
-0.053689
-0.054002
-0.053163
-0.053551
-0.053495
-0.049379
-0.052797
-0.044084
-0.053249
-0.049303
-0.050935
-0.051355
-0.042584
-0.048126
-0.053221
-0.05341
-0.048232
-0.0502
-0.054342
-0.052685
-0.053825
-0.046868
-0.034743
-0.047301
-0.054097
-0.052024
-0.052907
-0.052259
-0.05127
-0.046033
-0.045512
-0.054385
-0.050572
-0.052934
-0.030198
-0.049894
-0.054533
-0.12023
-0.12627
-0.067815
-0.07895
-0.098915
-0.13273
-0.10775
-0.10692
-0.1044
-0.097259
-0.10267
-0.10338
-0.079864
-0.096543
-0.11865
-0.10854
-0.090395
-0.11792
-0.094509
-0.13048
-0.085281
-0.063323
-0.13489
-0.070453
-0.11099
-0.13978
-0.077658
-0.13753
-0.12757
-0.083105
-0.093632
-0.10517
-0.14035
-0.050504
-0.058348
-0.086251
-0.11622
-0.052626
10.8247
-0.10594
-0.039493
-0.066387
-0.10995
-0.089028
-0.13209
-0.10169
-0.048128
-0.099503
-0.1284
-0.074217
-0.073135
-0.054621
-0.056449
-0.045603
-0.092084
-0.10894
-0.12222
-0.061764
-0.14612
-0.13819
-0.11859
-0.12396
-0.084435
-0.12853
-0.13384
-0.1198
-0.12576
-0.12461
-0.088139
-0.11492
-0.064859
-0.12094
-0.087244
-0.098104
-0.10086
-0.059977
-0.081046
-0.12156
-0.12286
-0.082059
-0.093382
-0.1423
-0.10902
-0.13034
-0.075259
-0.042678
-0.076548
-0.13602
-0.1064
-0.11635
-0.11015
-0.1003
-0.071754
-0.06915
-0.14372
-0.095533
-0.11742
-0.035219
-0.09104
-0.14818
-0.11111
-0.11582
-0.066282
-0.076389
-0.094457
-0.12055
-0.1017
-0.10134
-0.099709
-0.092944
-0.09855
-0.098366
-0.076886
-0.092249
-0.10958
-0.10174
-0.086344
-0.10698
-0.090284
-0.11851
-0.082145
-0.061697
-0.1222
-0.068658
-0.1047
-0.12581
-0.075378
-0.12415
-0.11684
-0.079764
-0.089736
-0.10233
-0.12637
-0.049876
-0.057278
-0.082929
-0.10757
-0.051969
-0.10594
10.2348
-0.039072
-0.064906
-0.10283
-0.085721
-0.12005
-0.096694
-0.047502
-0.095101
-0.11747
-0.072147
-0.071119
-0.053848
-0.055569
-0.045121
-0.088319
-0.10435
-0.11285
-0.060575
-0.13062
-0.12441
-0.11012
-0.11431
-0.081228
-0.11794
-0.12137
-0.11079
-0.11541
-0.11465
-0.084878
-0.10708
-0.063253
-0.11182
-0.083609
-0.093721
-0.096706
-0.058847
-0.078176
-0.11267
-0.11348
-0.079128
-0.08903
-0.1279
-0.10584
-0.11896
-0.073381
-0.042465
-0.074389
-0.12297
-0.099777
-0.10878
-0.10187
-0.095796
-0.069973
-0.067579
-0.12895
-0.091317
-0.10889
-0.035017
-0.087089
-0.13227
-0.039642
-0.039762
-0.035854
-0.03718
-0.038675
-0.039882
-0.039144
-0.039414
-0.0389
-0.038688
-0.039
-0.039117
-0.037325
-0.038506
-0.039618
-0.039219
-0.038153
-0.039485
-0.038461
-0.039981
-0.037805
-0.03489
-0.039953
-0.036177
-0.039342
-0.04004
-0.037106
-0.040033
-0.039843
-0.037583
-0.038385
-0.039129
-0.040044
-0.032447
-0.034192
-0.037845
-0.039621
-0.033499
-0.039493
-0.039072
4.7631
-0.035633
-0.039317
-0.038055
-0.039915
-0.038831
-0.031781
-0.03882
-0.039867
-0.036593
-0.036531
-0.033293
-0.033841
-0.030459
-0.037951
-0.039277
-0.039654
-0.034768
-0.040158
-0.040047
-0.039595
-0.039792
-0.037713
-0.039883
-0.039942
-0.03962
-0.039706
-0.039723
-0.037962
-0.03937
-0.035106
-0.039654
-0.038003
-0.038627
-0.038855
-0.034508
-0.037323
-0.039781
-0.03974
-0.03751
-0.038274
-0.04005
-0.039496
-0.039919
-0.03681
-0.029364
-0.036953
-0.039988
-0.038919
-0.039569
-0.039345
-0.038926
-0.03639
-0.03597
-0.040081
-0.038485
-0.039512
-0.026843
-0.038191
-0.040252
-0.067545
-0.068449
-0.051768
-0.057116
-0.063098
-0.069314
-0.065291
-0.065232
-0.064476
-0.062776
-0.064076
-0.064317
-0.057484
-0.06243
-0.067345
-0.065467
-0.060746
-0.066522
-0.062112
-0.068978
-0.059224
-0.050406
-0.069509
-0.05399
-0.066162
-0.07001
-0.056455
-0.069672
-0.068611
-0.058581
-0.061759
-0.064702
-0.070006
-0.043159
-0.04782
-0.059584
-0.066749
-0.044555
-0.066387
-0.064906
-0.035633
7.0711
-0.065621
-0.060381
-0.0691
-0.064073
-0.041675
-0.063321
-0.068792
-0.055395
-0.054996
-0.045644
-0.046775
-0.039778
-0.061198
-0.066023
-0.067819
-0.049471
-0.070547
-0.069733
-0.067325
-0.068147
-0.058931
-0.068853
-0.069335
-0.067433
-0.068412
-0.068347
-0.060097
-0.066718
-0.051293
-0.067665
-0.059881
-0.062935
-0.063665
-0.048631
-0.057938
-0.067827
-0.068018
-0.058261
-0.061385
-0.070237
-0.066253
-0.069141
-0.055861
-0.037944
-0.056186
-0.069566
-0.065053
-0.0669
-0.065713
-0.063536
-0.054331
-0.052628
-0.070373
-0.062289
-0.067039
-0.032433
-0.061059
-0.070672
-0.11615
-0.12197
-0.0671
-0.077871
-0.096564
-0.12755
-0.10401
-0.10407
-0.10192
-0.095285
-0.10032
-0.10077
-0.078929
-0.094371
-0.11449
-0.10439
-0.088669
-0.11121
-0.09269
-0.12519
-0.083681
-0.062709
-0.12956
-0.06961
-0.11056
-0.13394
-0.076776
-0.13166
-0.12301
-0.082024
-0.091911
-0.10257
-0.13426
-0.050254
-0.057877
-0.084883
-0.1119
-0.052326
-0.10995
-0.10283
-0.039317
-0.065621
10.563
-0.087684
-0.1271
-0.099584
-0.047782
-0.097475
-0.12377
-0.07331
-0.07214
-0.054353
-0.056179
-0.045357
-0.090562
-0.11225
-0.11826
-0.061237
-0.13924
-0.1317
-0.11493
-0.12
-0.082984
-0.12171
-0.1287
-0.11584
-0.12146
-0.12047
-0.086792
-0.11164
-0.06424
-0.11712
-0.08595
-0.095888
-0.099031
-0.059503
-0.079843
-0.11747
-0.11837
-0.08099
-0.091241
-0.13614
-0.1107
-0.12563
-0.074414
-0.04253
-0.075582
-0.13063
-0.10337
-0.11341
-0.099534
-0.098439
-0.07105
-0.068415
-0.13737
-0.093836
-0.11366
-0.035146
-0.089814
-0.1404
-0.092382
-0.094875
-0.061439
-0.069511
-0.081656
-0.097075
-0.086923
-0.086232
-0.084809
-0.080676
-0.083561
-0.084201
-0.070298
-0.080148
-0.091873
-0.087195
-0.076429
-0.089782
-0.07924
-0.096178
-0.073739
-0.058153
-0.097777
-0.063539
-0.088456
-0.099085
-0.068845
-0.098458
-0.095241
-0.072087
-0.078632
-0.084943
-0.09926
-0.047737
-0.054381
-0.074182
-0.090139
-0.049575
-0.089028
-0.085721
-0.038055
-0.060381
-0.087684
8.8961
-0.096759
-0.083929
-0.04575
-0.082081
-0.095461
-0.066188
-0.065382
-0.051365
-0.052956
-0.043388
-0.077475
-0.088382
-0.093375
-0.057005
-0.1009
-0.098144
-0.091731
-0.094022
-0.072945
-0.095815
-0.097305
-0.09212
-0.094686
-0.094321
-0.075634
-0.09004
-0.059326
-0.092691
-0.074035
-0.081139
-0.08298
-0.0557
-0.070856
-0.092912
-0.093668
-0.071579
-0.077597
-0.099815
-0.088839
-0.096568
-0.067136
-0.04101
-0.067972
-0.097913
-0.085994
-0.090745
-0.087574
-0.082369
-0.064512
-0.062499
-0.10022
-0.080063
-0.091089
-0.034336
-0.076976
-0.10129
-0.14363
-0.15413
-0.07075
-0.08415
-0.10966
-0.16482
-0.12387
-0.12301
-0.11759
-0.10721
-0.11558
-0.11674
-0.085417
-0.10607
-0.13968
-0.12505
-0.097995
-0.13363
-0.10367
-0.16188
-0.091855
-0.065718
-0.16821
-0.073918
-0.1299
-0.17442
-0.082666
-0.17086
-0.15463
-0.089415
-0.10253
-0.11888
-0.17477
-0.051614
-0.060169
-0.09301
-0.1355
-0.0539
-0.13209
-0.12005
-0.039915
-0.0691
-0.1271
-0.096759
12.2973
-0.11454
-0.049141
-0.11102
-0.15729
-0.078505
-0.077014
-0.056091
-0.058248
-0.046372
-0.10032
-0.12859
-0.14642
-0.063971
-0.18452
-0.17292
-0.14083
-0.14897
-0.090756
-0.15699
-0.16702
-0.14258
-0.15179
-0.15231
-0.095466
-0.13542
-0.067445
-0.14483
-0.094289
-0.10844
-0.11297
-0.062102
-0.086735
-0.14637
-0.14926
-0.088065
-0.1019
-0.17856
-0.13146
-0.16502
-0.079984
-0.04335
-0.081466
-0.16963
-0.12128
-0.13721
-0.12713
-0.11248
-0.075508
-0.072399
-0.18057
-0.10484
-0.13885
-0.035503
-0.099073
-0.19199
-0.1066
-0.11081
-0.065379
-0.075116
-0.091971
-0.11509
-0.098204
-0.097993
-0.09641
-0.090716
-0.0887
-0.094211
-0.076015
-0.0897
-0.10528
-0.098658
-0.084493
-0.10249
-0.088312
-0.11297
-0.080629
-0.061291
-0.1161
-0.067685
-0.10078
-0.119
-0.070912
-0.11768
-0.11179
-0.078621
-0.08734
-0.095263
-0.1196
-0.049421
-0.056735
-0.081396
-0.10311
-0.051478
-0.10169
-0.096694
-0.038831
-0.064073
-0.099584
-0.083929
-0.11454
9.928
-0.047066
-0.093154
-0.11224
-0.070974
-0.070105
-0.053421
-0.055055
-0.044832
-0.08569
-0.10067
-0.10831
-0.059689
-0.12311
-0.11784
-0.10584
-0.10979
-0.079568
-0.11268
-0.11544
-0.10636
-0.11055
-0.1101
-0.08319
-0.10345
-0.062685
-0.10772
-0.08341
-0.090771
-0.095645
-0.058339
-0.077832
-0.10765
-0.10894
-0.078092
-0.088387
-0.12071
-0.10181
-0.11371
-0.072288
-0.04238
-0.073068
-0.11687
-0.097292
-0.10465
-0.10058
-0.093499
-0.069115
-0.066602
-0.12124
-0.088621
-0.10489
-0.034848
-0.085365
-0.12454
-0.048561
-0.048909
-0.042073
-0.044356
-0.046861
-0.049202
-0.047691
-0.047682
-0.047385
-0.046595
-0.047239
-0.047277
-0.044546
-0.046592
-0.048408
-0.047783
-0.045809
-0.048174
-0.046434
-0.049054
-0.045247
-0.040839
-0.049278
-0.042683
-0.048057
-0.049425
-0.044248
-0.049328
-0.048948
-0.044887
-0.046284
-0.047486
-0.049425
-0.036824
-0.039471
-0.045397
-0.048196
-0.037537
-0.048128
-0.047502
-0.031781
-0.041675
-0.047782
-0.04575
-0.049141
-0.047066
5.5345
-0.04705
-0.048985
-0.043412
-0.043125
-0.038142
-0.038825
-0.034927
-0.0461
-0.047919
-0.048725
-0.040397
-0.049561
-0.04937
-0.048513
-0.048797
-0.04507
-0.049001
-0.049211
-0.048523
-0.048882
-0.04887
-0.045659
-0.048245
-0.041231
-0.048597
-0.045085
-0.046786
-0.047056
-0.040013
-0.044722
-0.048651
-0.048759
-0.044812
-0.046172
-0.049481
-0.048086
-0.049049
-0.043622
-0.033572
-0.043979
-0.049294
-0.047607
-0.048365
-0.047893
-0.047008
-0.042973
-0.042445
-0.049523
-0.046496
-0.048399
-0.028985
-0.045877
-0.049601
-0.1042
-0.10799
-0.064564
-0.074035
-0.08813
-0.11123
-0.095967
-0.095927
-0.093917
-0.08837
-0.091645
-0.093203
-0.074866
-0.087572
-0.1024
-0.096611
-0.082671
-0.10006
-0.086224
-0.10908
-0.079113
-0.060735
-0.11313
-0.066868
-0.098537
-0.11486
-0.073092
-0.11442
-0.10859
-0.077367
-0.085715
-0.093976
-0.1154
-0.049193
-0.056265
-0.079704
-0.1004
-0.051386
-0.099503
-0.095101
-0.03882
-0.063321
-0.097475
-0.082081
-0.11102
-0.093154
-0.04705
9.7236
-0.1084
-0.070059
-0.069222
-0.052868
-0.054606
-0.04458
-0.08412
-0.09836
-0.10523
-0.059271
-0.11855
-0.11326
-0.10296
-0.10682
-0.078475
-0.10913
-0.11238
-0.10371
-0.1074
-0.10775
-0.08147
-0.10061
-0.061968
-0.10428
-0.080389
-0.087817
-0.091637
-0.057791
-0.075643
-0.10439
-0.10602
-0.076614
-0.084561
-0.11675
-0.099214
-0.10978
-0.071187
-0.041901
-0.072042
-0.11292
-0.0954
-0.10159
-0.097086
-0.091704
-0.068158
-0.065817
-0.11746
-0.087086
-0.10249
-0.034793
-0.083728
-0.11922
-0.13824
-0.15263
-0.070383
-0.082932
-0.10808
-0.15853
-0.12083
-0.11999
-0.11576
-0.10566
-0.11377
-0.11419
-0.084417
-0.10465
-0.13542
-0.12215
-0.096736
-0.13025
-0.10211
-0.15337
-0.090712
-0.065434
-0.16198
-0.073314
-0.12659
-0.16875
-0.081814
-0.16573
-0.14726
-0.088151
-0.10091
-0.11648
-0.16883
-0.051421
-0.059953
-0.09191
-0.1321
-0.053637
-0.1284
-0.11747
-0.039867
-0.068792
-0.12377
-0.095461
-0.15729
-0.11224
-0.048985
-0.1084
12.0227
-0.077732
-0.076141
-0.055849
-0.057911
-0.046446
-0.098985
-0.12495
-0.14228
-0.06368
-0.17897
-0.16573
-0.136
-0.14502
-0.08938
-0.15392
-0.16008
-0.13724
-0.1488
-0.14562
-0.094221
-0.13142
-0.067054
-0.13972
-0.093041
-0.10684
-0.1112
-0.061747
-0.085639
-0.14117
-0.14432
-0.087001
-0.09938
-0.17208
-0.12802
-0.1564
-0.079151
-0.043264
-0.080263
-0.16331
-0.1186
-0.13281
-0.12397
-0.11004
-0.074806
-0.071836
-0.17448
-0.10366
-0.13436
-0.035508
-0.09764
-0.17926
-0.075968
-0.077366
-0.056134
-0.062045
-0.069805
-0.078419
-0.072856
-0.072582
-0.071743
-0.069251
-0.07105
-0.071373
-0.062372
-0.069002
-0.075448
-0.073037
-0.066606
-0.074476
-0.068364
-0.078233
-0.064567
-0.053649
-0.078917
-0.057608
-0.073874
-0.079703
-0.061252
-0.079434
-0.077549
-0.0638
-0.068051
-0.071918
-0.079836
-0.045078
-0.050427
-0.065046
-0.074713
-0.046449
-0.074217
-0.072147
-0.036593
-0.055395
-0.07331
-0.066188
-0.078505
-0.070974
-0.043412
-0.070059
-0.077732
7.7151
-0.058476
-0.047936
-0.049304
-0.04154
-0.06729
-0.073694
-0.0765
-0.052574
-0.080633
-0.079639
-0.075555
-0.076767
-0.064151
-0.077739
-0.078852
-0.075857
-0.0771
-0.076912
-0.065821
-0.074702
-0.054276
-0.076115
-0.065618
-0.069576
-0.070643
-0.051616
-0.063278
-0.076232
-0.076739
-0.063316
-0.067716
-0.080113
-0.074054
-0.078195
-0.060185
-0.039333
-0.060502
-0.079124
-0.072428
-0.075077
-0.073087
-0.070306
-0.057777
-0.056709
-0.08035
-0.068706
-0.075262
-0.033251
-0.066936
-0.081003
-0.074583
-0.075936
-0.05562
-0.061209
-0.068853
-0.076837
-0.07166
-0.071577
-0.070652
-0.068218
-0.07005
-0.070391
-0.061645
-0.068047
-0.073971
-0.071883
-0.065817
-0.073229
-0.067473
-0.076682
-0.063789
-0.053159
-0.077333
-0.057236
-0.072811
-0.078225
-0.060423
-0.077893
-0.076064
-0.063017
-0.067104
-0.070805
-0.078342
-0.044745
-0.049987
-0.064245
-0.07356
-0.046218
-0.073135
-0.071119
-0.036531
-0.054996
-0.07214
-0.065382
-0.077014
-0.070105
-0.043125
-0.069222
-0.076141
-0.058476
7.616
-0.047595
-0.048791
-0.041226
-0.066425
-0.0725
-0.075116
-0.052171
-0.078986
-0.078103
-0.074252
-0.075369
-0.063303
-0.076263
-0.077277
-0.074544
-0.075712
-0.075581
-0.065174
-0.073392
-0.05408
-0.074793
-0.064739
-0.068627
-0.069687
-0.051143
-0.062081
-0.07518
-0.075352
-0.062555
-0.066706
-0.078594
-0.072864
-0.076676
-0.059913
-0.039192
-0.059773
-0.077658
-0.071283
-0.073613
-0.07215
-0.069325
-0.056953
-0.056159
-0.078725
-0.067731
-0.073961
-0.033113
-0.065768
-0.0791
-0.055247
-0.055732
-0.045983
-0.049172
-0.052911
-0.056112
-0.054131
-0.053969
-0.053715
-0.052727
-0.053411
-0.053537
-0.049426
-0.05256
-0.055091
-0.05418
-0.051537
-0.05472
-0.052293
-0.056069
-0.05062
-0.0447
-0.05622
-0.046957
-0.054496
-0.056537
-0.048965
-0.056469
-0.055819
-0.050177
-0.05216
-0.053729
-0.05659
-0.039128
-0.042903
-0.050809
-0.054855
-0.040361
-0.054621
-0.053848
-0.033293
-0.045644
-0.054353
-0.051365
-0.056091
-0.053421
-0.038142
-0.052868
-0.055849
-0.047936
-0.047595
6.0958
-0.04229
-0.036877
-0.051897
-0.054438
-0.055534
-0.044106
-0.056851
-0.056419
-0.055092
-0.055511
-0.050383
-0.055884
-0.056221
-0.055213
-0.05566
-0.0556
-0.051152
-0.054779
-0.04521
-0.055297
-0.051063
-0.052773
-0.053266
-0.043508
-0.049763
-0.055378
-0.055495
-0.049907
-0.051992
-0.05665
-0.054582
-0.056024
-0.048283
-0.035361
-0.048594
-0.056316
-0.053899
-0.054947
-0.054266
-0.05305
-0.047177
-0.046645
-0.05678
-0.052406
-0.054964
-0.030592
-0.051691
-0.056995
-0.057202
-0.057801
-0.047147
-0.050588
-0.05456
-0.058219
-0.056083
-0.055775
-0.055354
-0.054354
-0.055208
-0.055177
-0.050855
-0.054271
-0.056977
-0.056049
-0.052966
-0.056639
-0.053887
-0.058092
-0.05207
-0.045902
-0.058407
-0.048115
-0.056357
-0.05869
-0.050298
-0.058588
-0.05791
-0.051647
-0.053741
-0.05549
-0.058785
-0.03991
-0.043637
-0.052283
-0.056749
-0.040993
-0.056449
-0.055569
-0.033841
-0.046775
-0.056179
-0.052956
-0.058248
-0.055055
-0.038825
-0.054606
-0.057911
-0.049304
-0.048791
-0.04229
6.2578
-0.037483
-0.053419
-0.056273
-0.057529
-0.04526
-0.059046
-0.058684
-0.057022
-0.057584
-0.051852
-0.057942
-0.058371
-0.05727
-0.057778
-0.05766
-0.052724
-0.056694
-0.046146
-0.057332
-0.052535
-0.054553
-0.054911
-0.044903
-0.051198
-0.057356
-0.057517
-0.051479
-0.053598
-0.058857
-0.056408
-0.058125
-0.049556
-0.035825
-0.049867
-0.05848
-0.055849
-0.056852
-0.055948
-0.054784
-0.048399
-0.047732
-0.058948
-0.053952
-0.056964
-0.031094
-0.053204
-0.059269
-0.045861
-0.04616
-0.040145
-0.042188
-0.044592
-0.046351
-0.045265
-0.045314
-0.044777
-0.044302
-0.044988
-0.044896
-0.042403
-0.044536
-0.045923
-0.045305
-0.043788
-0.045617
-0.044212
-0.046481
-0.043187
-0.039101
-0.04644
-0.04062
-0.045566
-0.046695
-0.042006
-0.046387
-0.046215
-0.042796
-0.044134
-0.0451
-0.046649
-0.035471
-0.037983
-0.043352
-0.045679
-0.036341
-0.045603
-0.045121
-0.030459
-0.039778
-0.045357
-0.043388
-0.046372
-0.044832
-0.034927
-0.04458
-0.046446
-0.04154
-0.041226
-0.036877
-0.037483
5.3109
-0.043842
-0.045442
-0.045919
-0.038847
-0.046836
-0.046767
-0.045926
-0.046089
-0.043047
-0.04641
-0.046414
-0.045896
-0.046148
-0.046193
-0.043496
-0.045732
-0.039617
-0.045911
-0.043271
-0.044665
-0.044819
-0.038317
-0.042465
-0.046064
-0.046036
-0.042629
-0.043991
-0.046667
-0.045572
-0.046361
-0.041734
-0.03199
-0.041811
-0.046543
-0.045298
-0.04572
-0.045476
-0.044659
-0.040983
-0.040474
-0.046704
-0.044184
-0.045723
-0.028513
-0.043826
-0.047076
-0.095453
-0.098272
-0.062486
-0.070583
-0.083649
-0.10082
-0.089583
-0.089035
-0.087313
-0.082754
-0.085832
-0.086915
-0.071273
-0.082388
-0.094364
-0.089672
-0.077921
-0.092502
-0.081114
-0.09974
-0.074911
-0.058857
-0.10149
-0.064404
-0.091059
-0.10324
-0.06995
-0.10231
-0.098783
-0.073449
-0.081664
-0.087355
-0.10331
-0.048142
-0.054898
-0.075338
-0.093197
-0.050034
-0.092084
-0.088319
-0.037951
-0.061198
-0.090562
-0.077475
-0.10032
-0.08569
-0.0461
-0.08412
-0.098985
-0.06729
-0.066425
-0.051897
-0.053419
-0.043842
9.1155
-0.091068
-0.096555
-0.057564
-0.10527
-0.10242
-0.09481
-0.097374
-0.074116
-0.099475
-0.10106
-0.09522
-0.098091
-0.097739
-0.07697
-0.092886
-0.060052
-0.095805
-0.075896
-0.083329
-0.085229
-0.056357
-0.07204
-0.096281
-0.096932
-0.072889
-0.077973
-0.10398
-0.091675
-0.099945
-0.068187
-0.041265
-0.069064
-0.10176
-0.088541
-0.093941
-0.090278
-0.084759
-0.065398
-0.063492
-0.10442
-0.082133
-0.094023
-0.034419
-0.078749
-0.10632
-0.1172
-0.12315
-0.06742
-0.078102
-0.097816
-0.12911
-0.10728
-0.10634
-0.10318
-0.096188
-0.10163
-0.10225
-0.079304
-0.095506
-0.1152
-0.10886
-0.0894
-0.11256
-0.093668
-0.12714
-0.084532
-0.063005
-0.1311
-0.070011
-0.10857
-0.13566
-0.077165
-0.13347
-0.12412
-0.082472
-0.092751
-0.10415
-0.13613
-0.050336
-0.058051
-0.085352
-0.11252
-0.052484
-0.10894
-0.10435
-0.039277
-0.066023
-0.11225
-0.088382
-0.12859
-0.10067
-0.047919
-0.09836
-0.12495
-0.073694
-0.0725
-0.054438
-0.056273
-0.045442
-0.091068
10.6656
-0.11921
-0.061419
-0.14168
-0.13361
-0.11557
-0.12104
-0.083495
-0.12553
-0.13021
-0.11664
-0.12241
-0.1216
-0.087467
-0.11151
-0.064496
-0.11777
-0.086452
-0.097132
-0.10022
-0.059745
-0.080388
-0.11896
-0.12021
-0.081421
-0.092067
-0.13779
-0.10975
-0.12697
-0.074809
-0.042635
-0.07601
-0.13218
-0.10541
-0.11405
-0.1125
-0.099298
-0.07133
-0.06882
-0.13904
-0.094541
-0.11436
-0.035193
-0.090171
-0.14415
-0.1308
-0.14052
-0.069337
-0.081735
-0.10437
-0.1481
-0.11559
-0.1147
-0.11078
-0.10238
-0.10929
-0.1101
-0.082953
-0.10149
-0.12726
-0.11661
-0.094522
-0.12309
-0.099459
-0.1435
-0.088953
-0.064606
-0.15099
-0.072259
-0.12045
-0.15752
-0.08033
-0.15444
-0.14207
-0.086661
-0.098476
-0.11197
-0.15791
-0.051153
-0.059277
-0.089931
-0.12504
-0.053361
-0.12222
-0.11285
-0.039654
-0.067819
-0.11826
-0.093375
-0.14642
-0.10831
-0.048725
-0.10523
-0.14228
-0.0765
-0.075116
-0.055534
-0.057529
-0.045919
-0.096555
-0.11921
11.5545
-0.062914
-0.16576
-0.15471
-0.12888
-0.13761
-0.087868
-0.14359
-0.15004
-0.12924
-0.13917
-0.13819
-0.092122
-0.12437
-0.066401
-0.13001
-0.091463
-0.10341
-0.1071
-0.061139
-0.084108
-0.13521
-0.13786
-0.085404
-0.097373
-0.16045
-0.1217
-0.14596
-0.077804
-0.043111
-0.079153
-0.15259
-0.11371
-0.12568
-0.11854
-0.10655
-0.073706
-0.0709
-0.16212
-0.10047
-0.12691
-0.035369
-0.095455
-0.16684
-0.06269
-0.063425
-0.050034
-0.054113
-0.059151
-0.06413
-0.060915
-0.06088
-0.060239
-0.058836
-0.059839
-0.060042
-0.05412
-0.058623
-0.062449
-0.061016
-0.05712
-0.06191
-0.05822
-0.063796
-0.055984
-0.048063
-0.06429
-0.051251
-0.061535
-0.064614
-0.054612
-0.064367
-0.063559
-0.055383
-0.057983
-0.060353
-0.064663
-0.041709
-0.046799
-0.056201
-0.062136
-0.042939
-0.061764
-0.060575
-0.034768
-0.049471
-0.061237
-0.057005
-0.063971
-0.059689
-0.040397
-0.059271
-0.06368
-0.052574
-0.052171
-0.044106
-0.04526
-0.038847
-0.057564
-0.061419
-0.062914
6.6928
-0.065064
-0.064471
-0.062532
-0.063201
-0.055674
-0.063747
-0.064122
-0.062647
-0.063425
-0.063357
-0.056745
-0.062005
-0.049084
-0.062811
-0.056501
-0.058976
-0.059642
-0.046835
-0.05475
-0.062959
-0.063074
-0.055221
-0.05773
-0.06481
-0.061696
-0.063912
-0.053008
-0.03709
-0.053292
-0.064316
-0.060637
-0.062196
-0.061233
-0.059483
-0.051667
-0.050439
-0.064906
-0.058378
-0.062308
-0.031765
-0.057329
-0.06508
-0.16114
-0.1716
-0.072297
-0.086543
-0.11698
-0.19213
-0.13559
-0.13223
-0.12776
-0.11381
-0.12433
-0.12488
-0.088077
-0.11243
-0.15616
-0.13659
-0.10235
-0.14788
-0.10965
-0.18161
-0.09524
-0.066957
-0.19007
-0.075707
-0.14322
-0.2048
-0.085107
-0.19962
-0.17582
-0.092439
-0.1081
-0.12872
-0.20316
-0.052056
-0.06116
-0.096618
-0.15054
-0.054458
-0.14612
-0.13062
-0.040158
-0.070547
-0.13924
-0.1009
-0.18452
-0.12311
-0.049561
-0.11855
-0.17897
-0.080633
-0.078986
-0.056851
-0.059046
-0.046836
-0.10527
-0.14168
-0.16576
-0.065064
13.3254
-0.19415
-0.15772
-0.16974
-0.093855
-0.18046
-0.188
-0.16217
-0.17406
-0.17131
-0.099584
-0.1503
-0.068748
-0.16239
-0.098003
-0.11529
-0.12125
-0.063145
-0.089444
-0.16494
-0.16928
-0.09096
-0.10622
-0.2045
-0.14508
-0.18411
-0.082156
-0.043656
-0.083729
-0.19423
-0.13225
-0.1527
-0.13928
-0.12051
-0.077166
-0.073971
-0.2113
-0.11099
-0.15435
-0.035756
-0.10381
-0.22457
-0.15035
-0.16053
-0.071441
-0.085251
-0.11259
-0.16993
-0.12889
-0.12813
-0.12273
-0.10978
-0.11862
-0.11997
-0.086841
-0.10868
-0.14684
-0.13036
-0.099579
-0.13977
-0.10605
-0.16888
-0.092949
-0.066214
-0.17956
-0.074914
-0.13554
-0.1833
-0.084073
-0.20075
-0.16771
-0.090639
-0.10471
-0.12332
-0.1909
-0.051777
-0.060635
-0.094366
-0.14135
-0.05404
-0.13819
-0.12441
-0.040047
-0.069733
-0.1317
-0.098144
-0.17292
-0.11784
-0.04937
-0.11326
-0.16573
-0.079639
-0.078103
-0.056419
-0.058684
-0.046767
-0.10242
-0.13361
-0.15471
-0.064471
-0.19415
12.7305
-0.14838
-0.15976
-0.092035
-0.16674
-0.17288
-0.14965
-0.16071
-0.15621
-0.096859
-0.14216
-0.06793
-0.1522
-0.095823
-0.11152
-0.11618
-0.062546
-0.087922
-0.15326
-0.15733
-0.089451
-0.10312
-0.19272
-0.13607
-0.16902
-0.080923
-0.043463
-0.082708
-0.18198
-0.12552
-0.14444
-0.13202
-0.11542
-0.076609
-0.073159
-0.1972
-0.10662
-0.1454
-0.035568
-0.10105
-0.19569
-0.12516
-0.13436
-0.068805
-0.080409
-0.10229
-0.14138
-0.1126
-0.11184
-0.10867
-0.10047
-0.10674
-0.10783
-0.081526
-0.099623
-0.12527
-0.11354
-0.092826
-0.11914
-0.097579
-0.13816
-0.087429
-0.064208
-0.14425
-0.071547
-0.11709
-0.15039
-0.079235
-0.14752
-0.13558
-0.085137
-0.096682
-0.10933
-0.1509
-0.050894
-0.058892
-0.088384
-0.12149
-0.053058
-0.11859
-0.11012
-0.039595
-0.067325
-0.11493
-0.091731
-0.14083
-0.10584
-0.048513
-0.10296
-0.136
-0.075555
-0.074252
-0.055092
-0.057022
-0.045926
-0.09481
-0.11557
-0.12888
-0.062532
-0.15772
-0.14838
11.2574
-0.13088
-0.086278
-0.13748
-0.1432
-0.12579
-0.13314
-0.13215
-0.090584
-0.12108
-0.065762
-0.12718
-0.089497
-0.10135
-0.10499
-0.060755
-0.082734
-0.12877
-0.13108
-0.083891
-0.095606
-0.1531
-0.1181
-0.13935
-0.076723
-0.042948
-0.077986
-0.14543
-0.1109
-0.12047
-0.11537
-0.104
-0.072869
-0.070265
-0.15466
-0.098629
-0.12314
-0.035329
-0.093718
-0.1598
-0.13387
-0.14189
-0.069682
-0.082005
-0.10555
-0.1513
-0.1175
-0.1161
-0.1127
-0.10347
-0.11081
-0.11137
-0.083029
-0.10247
-0.12983
-0.11844
-0.09516
-0.12525
-0.10042
-0.14585
-0.08939
-0.064915
-0.154
-0.072554
-0.12237
-0.16042
-0.080537
-0.15798
-0.14547
-0.086996
-0.099348
-0.11338
-0.16073
-0.051213
-0.059479
-0.090475
-0.12723
-0.053437
-0.12396
-0.11431
-0.039792
-0.068147
-0.12
-0.094022
-0.14897
-0.10979
-0.048797
-0.10682
-0.14502
-0.076767
-0.075369
-0.055511
-0.057584
-0.046089
-0.097374
-0.12104
-0.13761
-0.063201
-0.16974
-0.15976
-0.13088
11.6913
-0.088227
-0.14588
-0.15285
-0.13316
-0.14053
-0.14089
-0.092784
-0.12643
-0.066558
-0.13482
-0.091647
-0.10451
-0.10845
-0.061376
-0.084436
-0.1357
-0.1361
-0.085656
-0.09808
-0.16294
-0.1238
-0.14828
-0.078033
-0.043134
-0.07938
-0.15507
-0.11497
-0.12816
-0.12026
-0.10727
-0.073998
-0.071184
-0.16545
-0.10147
-0.12906
-0.035406
-0.096127
-0.17202
-0.086903
-0.089018
-0.059898
-0.067325
-0.077718
-0.090742
-0.082255
-0.081861
-0.080537
-0.076851
-0.079447
-0.079995
-0.067784
-0.076505
-0.085872
-0.082546
-0.073278
-0.084683
-0.075789
-0.09005
-0.070484
-0.05682
-0.091413
-0.061701
-0.083604
-0.092411
-0.066587
-0.091984
-0.089403
-0.069823
-0.075269
-0.080605
-0.092691
-0.046986
-0.053252
-0.071465
-0.084943
-0.048723
-0.084435
-0.081228
-0.037713
-0.058931
-0.082984
-0.072945
-0.090756
-0.079568
-0.04507
-0.078475
-0.08938
-0.064151
-0.063303
-0.050383
-0.051852
-0.043047
-0.074116
-0.083495
-0.087868
-0.055674
-0.093855
-0.092035
-0.086278
-0.088227
8.5104
-0.089689
-0.091065
-0.086671
-0.088861
-0.088514
-0.072578
-0.084893
-0.057801
-0.087164
-0.072544
-0.077337
-0.07886
-0.054542
-0.068519
-0.08732
-0.088028
-0.069255
-0.074644
-0.092907
-0.083976
-0.090498
-0.064839
-0.040567
-0.065873
-0.091594
-0.081465
-0.085604
-0.082882
-0.07853
-0.062509
-0.060773
-0.093352
-0.076161
-0.085772
-0.033997
-0.073886
-0.093904
-0.1401
-0.14999
-0.070285
-0.08299
-0.10819
-0.16034
-0.12125
-0.12046
-0.11613
-0.10594
-0.11383
-0.11468
-0.084403
-0.10469
-0.13603
-0.12237
-0.096992
-0.12972
-0.10258
-0.1594
-0.090636
-0.065518
-0.16352
-0.073409
-0.12697
-0.17251
-0.081835
-0.16812
-0.1505
-0.088418
-0.10152
-0.11668
-0.17042
-0.05145
-0.059977
-0.092115
-0.1342
-0.053689
-0.12853
-0.11794
-0.039883
-0.068853
-0.12171
-0.095815
-0.15699
-0.11268
-0.049001
-0.10913
-0.15392
-0.077739
-0.076263
-0.055884
-0.057942
-0.04641
-0.099475
-0.12553
-0.14359
-0.063747
-0.18046
-0.16674
-0.13748
-0.14588
-0.089689
12.0848
-0.16147
-0.13862
-0.14925
-0.14811
-0.094502
-0.13169
-0.067179
-0.1413
-0.093311
-0.10695
-0.11161
-0.061933
-0.08577
-0.14489
-0.13996
-0.087119
-0.10027
-0.17393
-0.12906
-0.15974
-0.078998
-0.043299
-0.08058
-0.16651
-0.11903
-0.13363
-0.12443
-0.11034
-0.074893
-0.071947
-0.17747
-0.1039
-0.13504
-0.03552
-0.098066
-0.18139
-0.14626
-0.15785
-0.07098
-0.084532
-0.11057
-0.17145
-0.12528
-0.12381
-0.11913
-0.10807
-0.11669
-0.11791
-0.085912
-0.10686
-0.1418
-0.12651
-0.098522
-0.13547
-0.10449
-0.16366
-0.092422
-0.065901
-0.17222
-0.074189
-0.13147
-0.17806
-0.083093
-0.17506
-0.15863
-0.089885
-0.10335
-0.11994
-0.17992
-0.051658
-0.060328
-0.093586
-0.13769
-0.054002
-0.13384
-0.12137
-0.039942
-0.069335
-0.1287
-0.097305
-0.16702
-0.11544
-0.049211
-0.11238
-0.16008
-0.078852
-0.077277
-0.056221
-0.058371
-0.046414
-0.10106
-0.13021
-0.15004
-0.064122
-0.188
-0.17288
-0.1432
-0.15285
-0.091065
-0.16147
12.4331
-0.14423
-0.1565
-0.15432
-0.096043
-0.13688
-0.067755
-0.14716
-0.095013
-0.10925
-0.11403
-0.06226
-0.087151
-0.14894
-0.15218
-0.08856
-0.10296
-0.18364
-0.13338
-0.16372
-0.080338
-0.043378
-0.081848
-0.17139
-0.12264
-0.13929
-0.12851
-0.11353
-0.075831
-0.072691
-0.18319
-0.10563
-0.14084
-0.035536
-0.099744
-0.19098
-0.1249
-0.1339
-0.068951
-0.080782
-0.10273
-0.14298
-0.11341
-0.11282
-0.1091
-0.10091
-0.10758
-0.10799
-0.081892
-0.099939
-0.12621
-0.11437
-0.093156
-0.12043
-0.09797
-0.1404
-0.087798
-0.064298
-0.1458
-0.071756
-0.11793
-0.15222
-0.079575
-0.14927
-0.13784
-0.085541
-0.097062
-0.10997
-0.15236
-0.050944
-0.059028
-0.088777
-0.12285
-0.053163
-0.1198
-0.11079
-0.03962
-0.067433
-0.11584
-0.09212
-0.14258
-0.10636
-0.048523
-0.10371
-0.13724
-0.075857
-0.074544
-0.055213
-0.05727
-0.045896
-0.09522
-0.11664
-0.12924
-0.062647
-0.16217
-0.14965
-0.12579
-0.13316
-0.086671
-0.13862
-0.14423
11.3357
-0.13446
-0.13401
-0.091022
-0.12283
-0.065869
-0.1274
-0.089985
-0.10193
-0.10544
-0.060878
-0.083113
-0.12965
-0.13199
-0.084323
-0.095881
-0.15457
-0.11915
-0.14085
-0.077051
-0.042988
-0.078322
-0.1477
-0.1118
-0.12384
-0.11625
-0.1044
-0.073134
-0.070459
-0.15618
-0.098976
-0.12511
-0.035323
-0.09406
-0.16332
-0.13594
-0.14664
-0.06996
-0.082421
-0.10643
-0.15446
-0.11862
-0.11821
-0.11352
-0.10428
-0.11174
-0.11272
-0.083734
-0.10326
-0.13209
-0.11951
-0.095851
-0.12677
-0.10114
-0.14735
-0.089822
-0.065126
-0.15736
-0.072846
-0.12377
-0.16456
-0.08114
-0.16085
-0.14676
-0.087559
-0.10012
-0.11444
-0.16432
-0.051336
-0.059623
-0.091105
-0.12894
-0.053551
-0.12576
-0.11541
-0.039706
-0.068412
-0.12146
-0.094686
-0.15179
-0.11055
-0.048882
-0.1074
-0.1488
-0.0771
-0.075712
-0.05566
-0.057778
-0.046148
-0.098091
-0.12241
-0.13917
-0.063425
-0.17406
-0.16071
-0.13314
-0.14053
-0.088861
-0.14925
-0.1565
-0.13446
11.8255
-0.14222
-0.093378
-0.12819
-0.066797
-0.13628
-0.092274
-0.10537
-0.10934
-0.061575
-0.084948
-0.13736
-0.13945
-0.086282
-0.098788
-0.16685
-0.12531
-0.15223
-0.078463
-0.043224
-0.079834
-0.15919
-0.11648
-0.12996
-0.12183
-0.10899
-0.074261
-0.071496
-0.16963
-0.10219
-0.13132
-0.035439
-0.096861
-0.17595
-0.13495
-0.14412
-0.069854
-0.082193
-0.10593
-0.15388
-0.1186
-0.11693
-0.11312
-0.10385
-0.11108
-0.11195
-0.083413
-0.10283
-0.13102
-0.11883
-0.095525
-0.12584
-0.10076
-0.1462
-0.089541
-0.065096
-0.15487
-0.072726
-0.1227
-0.16156
-0.080728
-0.15888
-0.14472
-0.087261
-0.099726
-0.11372
-0.16269
-0.051285
-0.059537
-0.090808
-0.1278
-0.053495
-0.12461
-0.11465
-0.039723
-0.068347
-0.12047
-0.094321
-0.15231
-0.1101
-0.04887
-0.10775
-0.14562
-0.076912
-0.075581
-0.0556
-0.05766
-0.046193
-0.097739
-0.1216
-0.13819
-0.063357
-0.17131
-0.15621
-0.13215
-0.14089
-0.088514
-0.14811
-0.15432
-0.13401
-0.14222
11.7577
-0.093047
-0.1271
-0.066717
-0.13562
-0.091972
-0.10498
-0.10882
-0.061513
-0.084647
-0.13677
-0.13896
-0.085899
-0.099059
-0.16482
-0.12412
-0.15045
-0.078224
-0.043186
-0.07959
-0.15517
-0.11581
-0.1289
-0.1208
-0.108
-0.074168
-0.071392
-0.16762
-0.10181
-0.13017
-0.035427
-0.096496
-0.18103
-0.09133
-0.093607
-0.060981
-0.069059
-0.081003
-0.095695
-0.085994
-0.085849
-0.083976
-0.080147
-0.082796
-0.083769
-0.069483
-0.079529
-0.090369
-0.086521
-0.075989
-0.088941
-0.07847
-0.09482
-0.073082
-0.057888
-0.096399
-0.063138
-0.087536
-0.097751
-0.068361
-0.097118
-0.093969
-0.071453
-0.078271
-0.08404
-0.097968
-0.047599
-0.054169
-0.074279
-0.089195
-0.049379
-0.088139
-0.084878
-0.037962
-0.060097
-0.086792
-0.075634
-0.095466
-0.08319
-0.045659
-0.08147
-0.094221
-0.065821
-0.065174
-0.051152
-0.052724
-0.043496
-0.07697
-0.087467
-0.092122
-0.056745
-0.099584
-0.096859
-0.090584
-0.092784
-0.072578
-0.094502
-0.096043
-0.091022
-0.093378
-0.093047
8.8208
-0.088993
-0.059097
-0.091465
-0.072671
-0.080372
-0.08237
-0.055547
-0.070331
-0.091822
-0.092513
-0.071065
-0.077315
-0.09844
-0.088241
-0.095039
-0.066836
-0.040966
-0.067345
-0.096594
-0.084988
-0.089868
-0.087266
-0.081994
-0.064049
-0.062284
-0.098848
-0.07934
-0.089887
-0.034316
-0.076162
-0.099338
-0.12237
-0.12928
-0.06817
-0.079297
-0.10001
-0.13546
-0.10922
-0.10856
-0.10571
-0.098238
-0.10395
-0.10509
-0.08037
-0.097428
-0.12033
-0.11004
-0.091092
-0.11294
-0.095529
-0.13379
-0.085894
-0.063633
-0.13827
-0.070846
-0.11302
-0.1435
-0.078263
-0.14102
-0.13062
-0.08385
-0.09469
-0.1065
-0.14415
-0.050643
-0.058451
-0.086893
-0.11307
-0.052797
-0.11492
-0.10708
-0.03937
-0.066718
-0.11164
-0.09004
-0.13542
-0.10345
-0.048245
-0.10061
-0.13142
-0.074702
-0.073392
-0.054779
-0.056694
-0.045732
-0.092886
-0.11151
-0.12437
-0.062005
-0.1503
-0.14216
-0.12108
-0.12643
-0.084893
-0.13169
-0.13688
-0.12283
-0.12819
-0.1271
-0.088993
10.9744
-0.065174
-0.12328
-0.087976
-0.099116
-0.10242
-0.060274
-0.081564
-0.12441
-0.126
-0.082733
-0.093667
-0.14595
-0.1143
-0.13377
-0.075772
-0.042807
-0.077027
-0.13936
-0.10792
-0.12196
-0.11254
-0.10107
-0.072226
-0.069636
-0.14776
-0.096536
-0.12094
-0.035212
-0.091933
-0.15256
-0.065953
-0.066927
-0.052151
-0.056085
-0.061833
-0.067645
-0.063886
-0.063844
-0.063087
-0.06148
-0.062784
-0.062978
-0.056346
-0.061215
-0.06567
-0.063999
-0.059553
-0.065008
-0.060775
-0.067162
-0.058266
-0.050036
-0.067867
-0.053024
-0.064602
-0.068315
-0.055557
-0.067937
-0.066937
-0.057871
-0.06057
-0.063292
-0.06828
-0.042736
-0.047733
-0.058463
-0.06527
-0.044084
-0.064859
-0.063253
-0.035106
-0.051293
-0.06424
-0.059326
-0.067445
-0.062685
-0.041231
-0.061968
-0.067054
-0.054276
-0.05408
-0.04521
-0.046146
-0.039617
-0.060052
-0.064496
-0.066401
-0.049084
-0.068748
-0.06793
-0.065762
-0.066558
-0.057801
-0.067179
-0.067755
-0.065869
-0.066797
-0.066717
-0.059097
-0.065174
6.95
-0.06609
-0.058791
-0.061649
-0.062424
-0.048162
-0.056992
-0.066166
-0.066383
-0.057236
-0.060237
-0.068505
-0.064795
-0.06737
-0.054737
-0.037772
-0.055215
-0.067884
-0.063573
-0.065387
-0.064281
-0.062283
-0.053559
-0.051916
-0.068593
-0.061092
-0.065494
-0.032282
-0.059871
-0.068812
-0.13199
-0.13781
-0.069214
-0.081155
-0.10379
-0.14578
-0.11443
-0.11366
-0.10947
-0.10164
-0.10821
-0.10886
-0.082445
-0.10112
-0.12779
-0.1157
-0.093766
-0.12186
-0.098689
-0.14496
-0.088337
-0.064503
-0.1485
-0.072027
-0.11906
-0.15437
-0.079959
-0.15188
-0.13921
-0.086005
-0.097721
-0.111
-0.15535
-0.051058
-0.05916
-0.089326
-0.12391
-0.053249
-0.12094
-0.11182
-0.039654
-0.067665
-0.11712
-0.092691
-0.14483
-0.10772
-0.048597
-0.10428
-0.13972
-0.076115
-0.074793
-0.055297
-0.057332
-0.045911
-0.095805
-0.11777
-0.13001
-0.062811
-0.16239
-0.1522
-0.12718
-0.13482
-0.087164
-0.1413
-0.14716
-0.1274
-0.13628
-0.13562
-0.091465
-0.12328
-0.06609
11.4447
-0.090457
-0.1027
-0.1064
-0.061019
-0.08355
-0.13149
-0.13451
-0.084763
-0.096555
-0.15748
-0.1204
-0.14316
-0.077267
-0.042991
-0.078627
-0.15008
-0.11304
-0.12374
-0.11727
-0.10539
-0.073397
-0.070687
-0.15974
-0.099781
-0.12554
-0.035358
-0.094693
-0.16442
-0.090132
-0.092565
-0.060965
-0.068745
-0.080028
-0.09453
-0.085232
-0.084546
-0.082894
-0.079013
-0.082152
-0.082785
-0.06957
-0.078767
-0.089271
-0.085297
-0.074559
-0.08765
-0.077817
-0.093788
-0.073684
-0.057787
-0.0954
-0.062842
-0.086453
-0.096476
-0.068205
-0.095893
-0.092871
-0.071787
-0.077255
-0.083207
-0.096632
-0.047422
-0.053996
-0.075482
-0.088176
-0.049303
-0.087244
-0.083609
-0.038003
-0.059881
-0.08595
-0.074035
-0.094289
-0.08341
-0.045085
-0.080389
-0.093041
-0.065618
-0.064739
-0.051063
-0.052535
-0.043271
-0.075896
-0.086452
-0.091463
-0.056501
-0.098003
-0.095823
-0.089497
-0.091647
-0.072544
-0.093311
-0.095013
-0.089985
-0.092274
-0.091972
-0.072671
-0.087976
-0.058791
-0.090457
8.7476
-0.079572
-0.0812
-0.05528
-0.070232
-0.090604
-0.091345
-0.07085
-0.076255
-0.097257
-0.087085
-0.093879
-0.06647
-0.040997
-0.067325
-0.09533
-0.084196
-0.088775
-0.086176
-0.080882
-0.063822
-0.061305
-0.097433
-0.078255
-0.088929
-0.03412
-0.075918
-0.09849
-0.10219
-0.10552
-0.0642
-0.07328
-0.088472
-0.10886
-0.094989
-0.094266
-0.092546
-0.088377
-0.089617
-0.09175
-0.074083
-0.08707
-0.10103
-0.09503
-0.08191
-0.098795
-0.085338
-0.10811
-0.078069
-0.060317
-0.10993
-0.066422
-0.097208
-0.1123
-0.07254
-0.11101
-0.10615
-0.076538
-0.084669
-0.092663
-0.11256
-0.04898
-0.056051
-0.078803
-0.099558
-0.050935
-0.098104
-0.093721
-0.038627
-0.062935
-0.095888
-0.081139
-0.10844
-0.090771
-0.046786
-0.087817
-0.10684
-0.069576
-0.068627
-0.052773
-0.054553
-0.044665
-0.083329
-0.097132
-0.10341
-0.058976
-0.11529
-0.11152
-0.10135
-0.10451
-0.077337
-0.10695
-0.10925
-0.10193
-0.10537
-0.10498
-0.080372
-0.099116
-0.061649
-0.1027
-0.079572
9.5952
-0.089843
-0.057555
-0.074966
-0.10316
-0.10386
-0.075719
-0.084289
-0.11346
-0.097857
-0.10795
-0.070531
-0.041825
-0.071518
-0.11039
-0.094079
-0.10032
-0.095683
-0.089298
-0.067574
-0.065374
-0.11417
-0.085899
-0.10047
-0.034772
-0.08276
-0.11578
-0.10578
-0.10956
-0.065068
-0.074595
-0.090727
-0.11343
-0.097788
-0.097267
-0.094967
-0.089348
-0.093137
-0.094611
-0.075395
-0.088617
-0.10449
-0.098136
-0.083732
-0.10181
-0.087289
-0.11166
-0.07982
-0.061035
-0.11469
-0.067366
-0.1005
-0.11758
-0.073723
-0.11608
-0.11039
-0.078147
-0.086584
-0.09505
-0.11787
-0.049349
-0.056596
-0.080334
-0.10314
-0.051355
-0.10086
-0.096706
-0.038855
-0.063665
-0.099031
-0.08298
-0.11297
-0.095645
-0.047056
-0.091637
-0.1112
-0.070643
-0.069687
-0.053266
-0.054911
-0.044819
-0.085229
-0.10022
-0.1071
-0.059642
-0.12125
-0.11618
-0.10499
-0.10845
-0.07886
-0.11161
-0.11403
-0.10544
-0.10934
-0.10882
-0.08237
-0.10242
-0.062424
-0.1064
-0.0812
-0.089843
9.8513
-0.05814
-0.076297
-0.10662
-0.10751
-0.077245
-0.085824
-0.119
-0.10092
-0.1122
-0.071784
-0.042047
-0.072699
-0.11536
-0.096945
-0.10348
-0.098561
-0.091138
-0.068578
-0.066278
-0.11984
-0.088162
-0.10384
-0.03488
-0.084533
-0.12265
-0.060899
-0.061633
-0.049191
-0.053066
-0.057715
-0.062224
-0.059306
-0.059219
-0.058646
-0.057298
-0.058415
-0.058615
-0.053406
-0.057213
-0.060619
-0.059392
-0.055972
-0.060383
-0.056896
-0.061948
-0.054814
-0.047438
-0.062433
-0.050191
-0.059842
-0.062699
-0.052506
-0.062533
-0.061732
-0.054283
-0.056744
-0.058793
-0.062798
-0.041258
-0.045557
-0.055099
-0.060318
-0.042584
-0.059977
-0.058847
-0.034508
-0.048631
-0.059503
-0.0557
-0.062102
-0.058339
-0.040013
-0.057791
-0.061747
-0.051616
-0.051143
-0.043508
-0.044903
-0.038317
-0.056357
-0.059745
-0.061139
-0.046835
-0.063145
-0.062546
-0.060755
-0.061376
-0.054542
-0.061933
-0.06226
-0.060878
-0.061575
-0.061513
-0.055547
-0.060274
-0.048162
-0.061019
-0.05528
-0.057555
-0.05814
6.5551
-0.053739
-0.061137
-0.061402
-0.054049
-0.05656
-0.06294
-0.059986
-0.061982
-0.051966
-0.036715
-0.052259
-0.062451
-0.059067
-0.060445
-0.059527
-0.058005
-0.050678
-0.049621
-0.063048
-0.057028
-0.060583
-0.031617
-0.056134
-0.063301
-0.083344
-0.085257
-0.058796
-0.066561
-0.075286
-0.086693
-0.079252
-0.078804
-0.079046
-0.074515
-0.076941
-0.077392
-0.066809
-0.074291
-0.082651
-0.079536
-0.071315
-0.081382
-0.073485
-0.086263
-0.06884
-0.055923
-0.087281
-0.060574
-0.080515
-0.088381
-0.06539
-0.087988
-0.085512
-0.067511
-0.07307
-0.077908
-0.088531
-0.046427
-0.052466
-0.069406
-0.08167
-0.048126
-0.081046
-0.078176
-0.037323
-0.057938
-0.079843
-0.070856
-0.086735
-0.077832
-0.044722
-0.075643
-0.085639
-0.063278
-0.062081
-0.049763
-0.051198
-0.042465
-0.07204
-0.080388
-0.084108
-0.05475
-0.089444
-0.087922
-0.082734
-0.084436
-0.068519
-0.08577
-0.087151
-0.083113
-0.084948
-0.084647
-0.070331
-0.081564
-0.056992
-0.08355
-0.070232
-0.074966
-0.076297
-0.053739
8.2628
-0.083785
-0.084371
-0.066497
-0.072419
-0.08885
-0.08081
-0.086239
-0.063644
-0.040348
-0.064894
-0.087529
-0.07864
-0.082198
-0.079806
-0.075936
-0.061236
-0.059592
-0.089179
-0.073876
-0.082333
-0.033822
-0.071706
-0.089753
-0.13187
-0.1395
-0.069445
-0.081384
-0.10417
-0.14739
-0.1152
-0.11433
-0.11098
-0.10172
-0.10923
-0.10954
-0.082715
-0.1011
-0.12802
-0.11623
-0.094184
-0.12152
-0.098209
-0.14349
-0.088414
-0.064625
-0.15044
-0.072297
-0.12017
-0.15636
-0.080078
-0.15368
-0.14032
-0.08658
-0.098117
-0.11174
-0.15748
-0.051093
-0.059352
-0.089501
-0.12489
-0.053221
-0.12156
-0.11267
-0.039781
-0.067827
-0.11747
-0.092912
-0.14637
-0.10765
-0.048651
-0.10439
-0.14117
-0.076232
-0.07518
-0.055378
-0.057356
-0.046064
-0.096281
-0.11896
-0.13521
-0.062959
-0.16494
-0.15326
-0.12877
-0.1357
-0.08732
-0.14489
-0.14894
-0.12965
-0.13736
-0.13677
-0.091822
-0.12441
-0.066166
-0.13149
-0.090604
-0.10316
-0.10662
-0.061137
-0.083785
11.5166
-0.13405
-0.085034
-0.096877
-0.15971
-0.1209
-0.14553
-0.077649
-0.043019
-0.079092
-0.15171
-0.11354
-0.12495
-0.11819
-0.10573
-0.073692
-0.070869
-0.1618
-0.10026
-0.127
-0.035363
-0.09496
-0.16723
-0.13408
-0.1422
-0.069533
-0.08201
-0.10488
-0.15015
-0.11644
-0.11568
-0.11191
-0.1029
-0.10995
-0.11084
-0.083238
-0.10188
-0.12927
-0.11775
-0.094714
-0.12486
-0.099823
-0.14613
-0.089239
-0.064808
-0.15336
-0.072486
-0.12139
-0.15979
-0.080709
-0.15664
-0.14376
-0.086815
-0.09884
-0.1125
-0.16061
-0.0512
-0.059419
-0.090206
-0.12685
-0.05341
-0.12286
-0.11348
-0.03974
-0.068018
-0.11837
-0.093668
-0.14926
-0.10894
-0.048759
-0.10602
-0.14432
-0.076739
-0.075352
-0.055495
-0.057517
-0.046036
-0.096932
-0.12021
-0.13786
-0.063074
-0.16928
-0.15733
-0.13108
-0.1361
-0.088028
-0.13996
-0.15218
-0.13199
-0.13945
-0.13896
-0.092513
-0.126
-0.066383
-0.13451
-0.091345
-0.10386
-0.10751
-0.061402
-0.084371
-0.13405
11.6377
-0.085632
-0.09754
-0.16293
-0.123
-0.14554
-0.077875
-0.043087
-0.079394
-0.15487
-0.11441
-0.12752
-0.11932
-0.10663
-0.073983
-0.071074
-0.16483
-0.10086
-0.12874
-0.035414
-0.095638
-0.17016
-0.084532
-0.08656
-0.059167
-0.066346
-0.076142
-0.088016
-0.08026
-0.079914
-0.078875
-0.075411
-0.077814
-0.078398
-0.067471
-0.075032
-0.083824
-0.080446
-0.072005
-0.082557
-0.074218
-0.08765
-0.069321
-0.056254
-0.088716
-0.060899
-0.081649
-0.089739
-0.065971
-0.089328
-0.086832
-0.068437
-0.073882
-0.078818
-0.089962
-0.046552
-0.052764
-0.070061
-0.082795
-0.048232
-0.082059
-0.079128
-0.03751
-0.058261
-0.08099
-0.071579
-0.088065
-0.078092
-0.044812
-0.076614
-0.087001
-0.063316
-0.062555
-0.049907
-0.051479
-0.042629
-0.072889
-0.081421
-0.085404
-0.055221
-0.09096
-0.089451
-0.083891
-0.085656
-0.069255
-0.087119
-0.08856
-0.084323
-0.086282
-0.085899
-0.071065
-0.082733
-0.057236
-0.084763
-0.07085
-0.075719
-0.077245
-0.054049
-0.066497
-0.085034
-0.085632
8.3463
-0.073246
-0.09027
-0.081861
-0.087521
-0.064074
-0.040463
-0.064974
-0.088855
-0.079645
-0.083341
-0.080953
-0.076892
-0.061706
-0.059943
-0.090591
-0.074672
-0.083462
-0.033922
-0.072471
-0.091443
-0.096251
-0.099186
-0.06258
-0.07101
-0.084709
-0.10158
-0.090034
-0.0896
-0.088295
-0.083698
-0.0871
-0.087755
-0.071676
-0.083356
-0.095371
-0.09061
-0.077425
-0.093447
-0.082628
-0.10031
-0.0753
-0.05902
-0.10349
-0.064683
-0.092006
-0.10426
-0.070557
-0.10346
-0.099477
-0.074006
-0.082587
-0.088471
-0.10473
-0.04825
-0.055096
-0.075818
-0.093738
-0.0502
-0.093382
-0.08903
-0.038274
-0.061385
-0.091241
-0.077597
-0.1019
-0.088387
-0.046172
-0.084561
-0.09938
-0.067716
-0.066706
-0.051992
-0.053598
-0.043991
-0.077973
-0.092067
-0.097373
-0.05773
-0.10622
-0.10312
-0.095606
-0.09808
-0.074644
-0.10027
-0.10296
-0.095881
-0.098788
-0.099059
-0.077315
-0.093667
-0.060237
-0.096555
-0.076255
-0.084289
-0.085824
-0.05656
-0.072419
-0.096877
-0.09754
-0.073246
9.1819
-0.1052
-0.092525
-0.10073
-0.068587
-0.041418
-0.069355
-0.10268
-0.088926
-0.094613
-0.091208
-0.085586
-0.065738
-0.063669
-0.1065
-0.082868
-0.094657
-0.03451
-0.078939
-0.10658
-0.15587
-0.16884
-0.071963
-0.086045
-0.11498
-0.1824
-0.13229
-0.12978
-0.12488
-0.11215
-0.12185
-0.12353
-0.087455
-0.11066
-0.15129
-0.1333
-0.1011
-0.14403
-0.10798
-0.17717
-0.094407
-0.066671
-0.18736
-0.075306
-0.13957
-0.20406
-0.084524
-0.18995
-0.16965
-0.09164
-0.10653
-0.12604
-0.20257
-0.051928
-0.060901
-0.095657
-0.14638
-0.054342
-0.1423
-0.1279
-0.04005
-0.070237
-0.13614
-0.099815
-0.17856
-0.12071
-0.049481
-0.11675
-0.17208
-0.080113
-0.078594
-0.05665
-0.058857
-0.046667
-0.10398
-0.13779
-0.16045
-0.06481
-0.2045
-0.19272
-0.1531
-0.16294
-0.092907
-0.17393
-0.18364
-0.15457
-0.16685
-0.16482
-0.09844
-0.14595
-0.068505
-0.15748
-0.097257
-0.11346
-0.119
-0.06294
-0.08885
-0.15971
-0.16293
-0.09027
-0.1052
13.0752
-0.14139
-0.17533
-0.081691
-0.043595
-0.08327
-0.18671
-0.12889
-0.1484
-0.1355
-0.11854
-0.077007
-0.073679
-0.22218
-0.10925
-0.15009
-0.035649
-0.10251
-0.21457
-0.11942
-0.12599
-0.067751
-0.07859
-0.098663
-0.1319
-0.10779
-0.10721
-0.10441
-0.096989
-0.10222
-0.10271
-0.079613
-0.096157
-0.1177
-0.1084
-0.090118
-0.11626
-0.094586
-0.12936
-0.0852
-0.063254
-0.13428
-0.070355
-0.11134
-0.13887
-0.0776
-0.13675
-0.1269
-0.083044
-0.093196
-0.10522
-0.13962
-0.050462
-0.058308
-0.085948
-0.11463
-0.052685
-0.10902
-0.10584
-0.039496
-0.066253
-0.1107
-0.088839
-0.13146
-0.10181
-0.048086
-0.099214
-0.12802
-0.074054
-0.072864
-0.054582
-0.056408
-0.045572
-0.091675
-0.10975
-0.1217
-0.061696
-0.14508
-0.13607
-0.1181
-0.1238
-0.083976
-0.12906
-0.13338
-0.11915
-0.12531
-0.12412
-0.088241
-0.1143
-0.064795
-0.1204
-0.087085
-0.097857
-0.10092
-0.059986
-0.08081
-0.1209
-0.123
-0.081861
-0.092525
-0.14139
10.792
-0.12836
-0.075293
-0.042661
-0.076358
-0.13553
-0.10636
-0.11576
-0.11053
-0.10011
-0.071657
-0.06901
-0.14275
-0.09513
-0.11671
-0.035188
-0.09075
-0.14712
-0.14229
-0.15365
-0.07068
-0.083638
-0.10923
-0.16149
-0.12275
-0.12196
-0.11752
-0.10681
-0.11493
-0.11576
-0.085043
-0.10565
-0.13754
-0.12378
-0.097636
-0.13166
-0.10343
-0.16309
-0.091372
-0.065663
-0.16459
-0.073671
-0.12851
-0.17404
-0.082264
-0.1713
-0.15463
-0.089002
-0.10213
-0.11796
-0.17284
-0.051572
-0.060178
-0.092541
-0.13441
-0.053825
-0.13034
-0.11896
-0.039919
-0.069141
-0.12563
-0.096568
-0.16502
-0.11371
-0.049049
-0.10978
-0.1564
-0.078195
-0.076676
-0.056024
-0.058125
-0.046361
-0.099945
-0.12697
-0.14596
-0.063912
-0.18411
-0.16902
-0.13935
-0.14828
-0.090498
-0.15974
-0.16372
-0.14085
-0.15223
-0.15045
-0.095039
-0.13377
-0.06737
-0.14316
-0.093879
-0.10795
-0.1122
-0.061982
-0.086239
-0.14553
-0.14554
-0.087521
-0.10073
-0.17533
-0.12836
12.2139
-0.079453
-0.043293
-0.080793
-0.16663
-0.12035
-0.13531
-0.1261
-0.11133
-0.075105
-0.072195
-0.17874
-0.10466
-0.13703
-0.035553
-0.098637
-0.19015
-0.077169
-0.078735
-0.056649
-0.062533
-0.070828
-0.079879
-0.073876
-0.073887
-0.072815
-0.070308
-0.072209
-0.072525
-0.063054
-0.069949
-0.076802
-0.074124
-0.067555
-0.075609
-0.069335
-0.079595
-0.065405
-0.054051
-0.080364
-0.058196
-0.075037
-0.081257
-0.061645
-0.080994
-0.078942
-0.064589
-0.068985
-0.07287
-0.081385
-0.045345
-0.050937
-0.065911
-0.075928
-0.046868
-0.075259
-0.073381
-0.03681
-0.055861
-0.074414
-0.067136
-0.079984
-0.072288
-0.043622
-0.071187
-0.079151
-0.060185
-0.059913
-0.048283
-0.049556
-0.041734
-0.068187
-0.074809
-0.077804
-0.053008
-0.082156
-0.080923
-0.076723
-0.078033
-0.064839
-0.078998
-0.080338
-0.077051
-0.078463
-0.078224
-0.066836
-0.075772
-0.054737
-0.077267
-0.06647
-0.070531
-0.071784
-0.051966
-0.063644
-0.077649
-0.077875
-0.064074
-0.068587
-0.081691
-0.075293
-0.079453
7.8124
-0.039515
-0.060544
-0.080628
-0.073441
-0.076348
-0.074556
-0.071394
-0.05895
-0.057312
-0.081908
-0.06968
-0.076396
-0.033388
-0.067884
-0.082378
-0.042975
-0.043207
-0.038206
-0.039899
-0.041881
-0.043422
-0.04246
-0.042423
-0.042281
-0.041718
-0.042152
-0.042154
-0.040071
-0.041682
-0.042881
-0.042472
-0.041215
-0.042729
-0.041577
-0.043238
-0.040659
-0.037451
-0.043416
-0.038744
-0.042666
-0.04349
-0.039787
-0.04338
-0.043235
-0.040489
-0.041478
-0.042287
-0.043528
-0.034074
-0.036325
-0.040707
-0.042731
-0.034743
-0.042678
-0.042465
-0.029364
-0.037944
-0.04253
-0.04101
-0.04335
-0.04238
-0.033572
-0.041901
-0.043264
-0.039333
-0.039192
-0.035361
-0.035825
-0.03199
-0.041265
-0.042635
-0.043111
-0.03709
-0.043656
-0.043463
-0.042948
-0.043134
-0.040567
-0.043299
-0.043378
-0.042988
-0.043224
-0.043186
-0.040966
-0.042807
-0.037772
-0.042991
-0.040997
-0.041825
-0.042047
-0.036715
-0.040348
-0.043019
-0.043087
-0.040463
-0.041418
-0.043595
-0.042661
-0.043293
-0.039515
5.0588
-0.039418
-0.04344
-0.04245
-0.042816
-0.042635
-0.041963
-0.038813
-0.038451
-0.043611
-0.041634
-0.042898
-0.028276
-0.041228
-0.043689
-0.078513
-0.080126
-0.056941
-0.063315
-0.071782
-0.081314
-0.07497
-0.074812
-0.073731
-0.071126
-0.07317
-0.073589
-0.063809
-0.070875
-0.077925
-0.075294
-0.068363
-0.07692
-0.070194
-0.081095
-0.066151
-0.054343
-0.08185
-0.058543
-0.076223
-0.082774
-0.062053
-0.082508
-0.08035
-0.065156
-0.069911
-0.073992
-0.082971
-0.045727
-0.051092
-0.066721
-0.077069
-0.047301
-0.076548
-0.074389
-0.036953
-0.056186
-0.075582
-0.067972
-0.081466
-0.073068
-0.043979
-0.072042
-0.080263
-0.060502
-0.059773
-0.048594
-0.049867
-0.041811
-0.069064
-0.07601
-0.079153
-0.053292
-0.083729
-0.082708
-0.077986
-0.07938
-0.065873
-0.08058
-0.081848
-0.078322
-0.079834
-0.07959
-0.067345
-0.077027
-0.055215
-0.078627
-0.067325
-0.071518
-0.072699
-0.052259
-0.064894
-0.079092
-0.079394
-0.064974
-0.069355
-0.08327
-0.076358
-0.080793
-0.060544
-0.039418
7.9061
-0.082141
-0.074559
-0.077455
-0.075719
-0.072315
-0.059291
-0.057649
-0.083528
-0.070436
-0.077688
-0.033295
-0.068793
-0.084125
-0.14867
-0.15636
-0.071259
-0.084843
-0.11178
-0.16755
-0.12717
-0.12637
-0.12029
-0.10921
-0.11813
-0.1194
-0.086233
-0.1079
-0.14406
-0.12841
-0.099179
-0.13773
-0.10543
-0.16721
-0.092741
-0.066115
-0.18053
-0.074484
-0.13352
-0.18568
-0.083356
-0.17998
-0.16006
-0.090273
-0.10419
-0.12165
-0.18442
-0.051727
-0.060522
-0.094105
-0.13991
-0.054097
-0.13602
-0.12297
-0.039988
-0.069566
-0.13063
-0.097913
-0.16963
-0.11687
-0.049294
-0.11292
-0.16331
-0.079124
-0.077658
-0.056316
-0.05848
-0.046543
-0.10176
-0.13218
-0.15259
-0.064316
-0.19423
-0.18198
-0.14543
-0.15507
-0.091594
-0.16651
-0.17139
-0.1477
-0.15919
-0.15517
-0.096594
-0.13936
-0.067884
-0.15008
-0.09533
-0.11039
-0.11536
-0.062451
-0.087529
-0.15171
-0.15487
-0.088855
-0.10268
-0.18671
-0.13553
-0.16663
-0.080628
-0.04344
-0.082141
12.5943
-0.12426
-0.1416
-0.13054
-0.11488
-0.076094
-0.072955
-0.18948
-0.10665
-0.14309
-0.035569
-0.10041
-0.19967
-0.11182
-0.1169
-0.066386
-0.07663
-0.094868
-0.12192
-0.10279
-0.10274
-0.1004
-0.093089
-0.09885
-0.098926
-0.07762
-0.09249
-0.11037
-0.10315
-0.08694
-0.10772
-0.090878
-0.12007
-0.082449
-0.062135
-0.1233
-0.068948
-0.10552
-0.12704
-0.075698
-0.12535
-0.11809
-0.080565
-0.090063
-0.10088
-0.12764
-0.04991
-0.057361
-0.083272
-0.10844
-0.052024
-0.1064
-0.099777
-0.038919
-0.065053
-0.10337
-0.085994
-0.12128
-0.097292
-0.047607
-0.0954
-0.1186
-0.072428
-0.071283
-0.053899
-0.055849
-0.045298
-0.088541
-0.10541
-0.11371
-0.060637
-0.13225
-0.12552
-0.1109
-0.11497
-0.081465
-0.11903
-0.12264
-0.1118
-0.11648
-0.11581
-0.084988
-0.10792
-0.063573
-0.11304
-0.084196
-0.094079
-0.096945
-0.059067
-0.07864
-0.11354
-0.11441
-0.079645
-0.088926
-0.12889
-0.10636
-0.12035
-0.073441
-0.04245
-0.074559
-0.12426
10.2932
-0.10942
-0.10261
-0.095179
-0.070143
-0.067772
-0.13019
-0.091701
-0.10949
-0.03508
-0.087741
-0.13372
-0.12305
-0.13076
-0.068336
-0.079787
-0.10122
-0.13758
-0.11093
-0.11017
-0.10734
-0.099643
-0.1052
-0.10587
-0.080993
-0.098476
-0.12086
-0.11192
-0.091933
-0.11682
-0.096703
-0.13496
-0.08677
-0.063851
-0.14029
-0.071128
-0.11542
-0.14573
-0.078766
-0.14321
-0.13206
-0.084477
-0.09519
-0.10794
-0.14627
-0.050803
-0.05862
-0.087881
-0.12091
-0.052907
-0.11635
-0.10878
-0.039569
-0.0669
-0.11341
-0.090745
-0.13721
-0.10465
-0.048365
-0.10159
-0.13281
-0.075077
-0.073613
-0.054947
-0.056852
-0.04572
-0.093941
-0.11405
-0.12568
-0.062196
-0.1527
-0.14444
-0.12047
-0.12816
-0.085604
-0.13363
-0.13929
-0.12384
-0.12996
-0.1289
-0.089868
-0.12196
-0.065387
-0.12374
-0.088775
-0.10032
-0.10348
-0.060445
-0.082198
-0.12495
-0.12752
-0.083341
-0.094613
-0.1484
-0.11576
-0.13531
-0.076348
-0.042816
-0.077455
-0.1416
-0.10942
11.0854
-0.11356
-0.1027
-0.072537
-0.069762
-0.14993
-0.097548
-0.11894
-0.03529
-0.092753
-0.15444
-0.11649
-0.12214
-0.067148
-0.077698
-0.096681
-0.12761
-0.10588
-0.10344
-0.10154
-0.09503
-0.1003
-0.10001
-0.079235
-0.094236
-0.11449
-0.10647
-0.088609
-0.11198
-0.092694
-0.12482
-0.083995
-0.063015
-0.12963
-0.069697
-0.11009
-0.1336
-0.076751
-0.13183
-0.12319
-0.081584
-0.091776
-0.10172
-0.13432
-0.050194
-0.057816
-0.084928
-0.11195
-0.052259
-0.11015
-0.10187
-0.039345
-0.065713
-0.099534
-0.087574
-0.12713
-0.10058
-0.047893
-0.097086
-0.12397
-0.073087
-0.07215
-0.054266
-0.055948
-0.045476
-0.090278
-0.1125
-0.11854
-0.061233
-0.13928
-0.13202
-0.11537
-0.12026
-0.082882
-0.12443
-0.12851
-0.11625
-0.12183
-0.1208
-0.087266
-0.11254
-0.064281
-0.11727
-0.086176
-0.095683
-0.098561
-0.059527
-0.079806
-0.11819
-0.11932
-0.080953
-0.091208
-0.1355
-0.11053
-0.1261
-0.074556
-0.042635
-0.075719
-0.13054
-0.10261
-0.11356
10.5692
-0.098148
-0.071014
-0.068425
-0.13607
-0.092947
-0.11402
-0.035163
-0.089534
-0.14053
-0.10476
-0.10881
-0.064821
-0.074173
-0.090071
-0.11292
-0.09697
-0.096461
-0.094535
-0.08837
-0.091774
-0.093943
-0.075039
-0.088163
-0.10355
-0.097338
-0.083601
-0.10118
-0.08627
-0.111
-0.079321
-0.060917
-0.11384
-0.067129
-0.099195
-0.11608
-0.073372
-0.11506
-0.10949
-0.077741
-0.086007
-0.094355
-0.11659
-0.049258
-0.056519
-0.080073
-0.10196
-0.05127
-0.1003
-0.095796
-0.038926
-0.063536
-0.098439
-0.082369
-0.11248
-0.093499
-0.047008
-0.091704
-0.11004
-0.070306
-0.069325
-0.05305
-0.054784
-0.044659
-0.084759
-0.099298
-0.10655
-0.059483
-0.12051
-0.11542
-0.104
-0.10727
-0.07853
-0.11034
-0.11353
-0.1044
-0.10899
-0.108
-0.081994
-0.10107
-0.062283
-0.10539
-0.080882
-0.089298
-0.091138
-0.058005
-0.075936
-0.10573
-0.10663
-0.076892
-0.085586
-0.11854
-0.10011
-0.11133
-0.071394
-0.041963
-0.072315
-0.11488
-0.095179
-0.1027
-0.098148
9.7917
-0.068395
-0.066022
-0.1193
-0.087496
-0.10279
-0.034866
-0.084051
-0.12214
-0.073345
-0.07443
-0.055076
-0.060366
-0.067789
-0.075516
-0.070436
-0.070398
-0.069513
-0.067264
-0.069013
-0.069296
-0.060832
-0.066914
-0.072852
-0.070654
-0.064815
-0.071909
-0.066442
-0.075265
-0.063002
-0.052648
-0.075755
-0.056644
-0.071451
-0.076635
-0.059882
-0.076335
-0.074713
-0.062117
-0.066109
-0.069662
-0.076726
-0.044561
-0.049631
-0.063438
-0.072256
-0.046033
-0.071754
-0.069973
-0.03639
-0.054331
-0.07105
-0.064512
-0.075508
-0.069115
-0.042973
-0.068158
-0.074806
-0.057777
-0.056953
-0.047177
-0.048399
-0.040983
-0.065398
-0.07133
-0.073706
-0.051667
-0.077166
-0.076609
-0.072869
-0.073998
-0.062509
-0.074893
-0.075831
-0.073134
-0.074261
-0.074168
-0.064049
-0.072226
-0.053559
-0.073397
-0.063822
-0.067574
-0.068578
-0.050678
-0.061236
-0.073692
-0.073983
-0.061706
-0.065738
-0.077007
-0.071657
-0.075105
-0.05895
-0.038813
-0.059291
-0.076094
-0.070143
-0.072537
-0.071014
-0.068395
7.5141
-0.055841
-0.077052
-0.066701
-0.072597
-0.033044
-0.065096
-0.077384
-0.070555
-0.071595
-0.053182
-0.058774
-0.065575
-0.072518
-0.068021
-0.067848
-0.066879
-0.065126
-0.066664
-0.066891
-0.059824
-0.064855
-0.070163
-0.068221
-0.062862
-0.069394
-0.064353
-0.072091
-0.061082
-0.051272
-0.072743
-0.054989
-0.068918
-0.073419
-0.057937
-0.073114
-0.071755
-0.060686
-0.064076
-0.067324
-0.073418
-0.044093
-0.048725
-0.061527
-0.069611
-0.045512
-0.06915
-0.067579
-0.03597
-0.052628
-0.068415
-0.062499
-0.072399
-0.066602
-0.042445
-0.065817
-0.071836
-0.056709
-0.056159
-0.046645
-0.047732
-0.040474
-0.063492
-0.06882
-0.0709
-0.050439
-0.073971
-0.073159
-0.070265
-0.071184
-0.060773
-0.071947
-0.072691
-0.070459
-0.071496
-0.071392
-0.062284
-0.069636
-0.051916
-0.070687
-0.061305
-0.065374
-0.066278
-0.049621
-0.059592
-0.070869
-0.071074
-0.059943
-0.063669
-0.073679
-0.06901
-0.072195
-0.057312
-0.038451
-0.057649
-0.072955
-0.067772
-0.069762
-0.068425
-0.066022
-0.055841
7.2995
-0.073769
-0.064611
-0.069953
-0.032776
-0.063167
-0.074287
-0.15801
-0.17216
-0.072123
-0.086318
-0.11578
-0.18447
-0.13356
-0.13137
-0.12586
-0.11283
-0.12282
-0.12441
-0.087788
-0.11133
-0.153
-0.13488
-0.10157
-0.14538
-0.10853
-0.17658
-0.094548
-0.066764
-0.18933
-0.075455
-0.14086
-0.19877
-0.08483
-0.19158
-0.17199
-0.091967
-0.10711
-0.12691
-0.20342
-0.051959
-0.060979
-0.09602
-0.14789
-0.054385
-0.14372
-0.12895
-0.040081
-0.070373
-0.13737
-0.10022
-0.18057
-0.12124
-0.049523
-0.11746
-0.17448
-0.08035
-0.078725
-0.05678
-0.058948
-0.046704
-0.10442
-0.13904
-0.16212
-0.064906
-0.2113
-0.1972
-0.15466
-0.16545
-0.093352
-0.17747
-0.18319
-0.15618
-0.16963
-0.16762
-0.098848
-0.14776
-0.068593
-0.15974
-0.097433
-0.11417
-0.11984
-0.063048
-0.089179
-0.1618
-0.16483
-0.090591
-0.1065
-0.22218
-0.14275
-0.17874
-0.081908
-0.043611
-0.083528
-0.18948
-0.13019
-0.14993
-0.13607
-0.1193
-0.077052
-0.073769
13.169
-0.10988
-0.15151
-0.035685
-0.10303
-0.2125
-0.099368
-0.10236
-0.06336
-0.072203
-0.086151
-0.1055
-0.092641
-0.092117
-0.09006
-0.084929
-0.088442
-0.089584
-0.072989
-0.084209
-0.09836
-0.092954
-0.080486
-0.096101
-0.084961
-0.10403
-0.07701
-0.05972
-0.1062
-0.065592
-0.094766
-0.10831
-0.071539
-0.10718
-0.10299
-0.075532
-0.083163
-0.090422
-0.10847
-0.048631
-0.055591
-0.077487
-0.096649
-0.050572
-0.095533
-0.091317
-0.038485
-0.062289
-0.093836
-0.080063
-0.10484
-0.088621
-0.046496
-0.087086
-0.10366
-0.068706
-0.067731
-0.052406
-0.053952
-0.044184
-0.082133
-0.094541
-0.10047
-0.058378
-0.11099
-0.10662
-0.098629
-0.10147
-0.076161
-0.1039
-0.10563
-0.098976
-0.10219
-0.10181
-0.07934
-0.096536
-0.061092
-0.099781
-0.078255
-0.085899
-0.088162
-0.057028
-0.073876
-0.10026
-0.10086
-0.074672
-0.082868
-0.10925
-0.09513
-0.10466
-0.06968
-0.041634
-0.070436
-0.10665
-0.091701
-0.097548
-0.092947
-0.087496
-0.066701
-0.064611
-0.10988
9.3941
-0.09769
-0.034632
-0.081443
-0.11162
-0.12491
-0.13198
-0.068508
-0.080118
-0.10131
-0.13956
-0.11135
-0.11015
-0.10705
-0.099437
-0.10575
-0.10639
-0.081198
-0.098522
-0.12098
-0.11222
-0.092079
-0.11743
-0.096713
-0.13692
-0.086802
-0.063921
-0.14187
-0.071245
-0.11558
-0.14727
-0.078894
-0.14473
-0.13361
-0.084646
-0.095815
-0.1082
-0.14792
-0.050784
-0.058735
-0.08785
-0.12038
-0.052934
-0.11742
-0.10889
-0.039512
-0.067039
-0.11366
-0.091089
-0.13885
-0.10489
-0.048399
-0.10249
-0.13436
-0.075262
-0.073961
-0.054964
-0.056964
-0.045723
-0.094023
-0.11436
-0.12691
-0.062308
-0.15435
-0.1454
-0.12314
-0.12906
-0.085772
-0.13504
-0.14084
-0.12511
-0.13132
-0.13017
-0.089887
-0.12094
-0.065494
-0.12554
-0.088929
-0.10047
-0.10384
-0.060583
-0.082333
-0.127
-0.12874
-0.083462
-0.094657
-0.15009
-0.11671
-0.13703
-0.076396
-0.042898
-0.077688
-0.14309
-0.10949
-0.11894
-0.11402
-0.10279
-0.072597
-0.069953
-0.15151
-0.09769
11.1437
-0.035296
-0.092961
-0.15764
-0.03535
-0.035454
-0.032505
-0.03361
-0.034814
-0.035582
-0.035072
-0.034991
-0.034903
-0.034744
-0.034963
-0.034951
-0.03372
-0.034682
-0.035338
-0.035124
-0.034478
-0.035226
-0.034488
-0.035491
-0.034145
-0.032374
-0.035538
-0.033159
-0.035192
-0.035642
-0.033509
-0.035576
-0.035462
-0.0341
-0.034571
-0.034982
-0.035616
-0.029568
-0.031358
-0.034164
-0.035243
-0.030198
-0.035219
-0.035017
-0.026843
-0.032433
-0.035146
-0.034336
-0.035503
-0.034848
-0.028985
-0.034793
-0.035508
-0.033251
-0.033113
-0.030592
-0.031094
-0.028513
-0.034419
-0.035193
-0.035369
-0.031765
-0.035756
-0.035568
-0.035329
-0.035406
-0.033997
-0.03552
-0.035536
-0.035323
-0.035439
-0.035427
-0.034316
-0.035212
-0.032282
-0.035358
-0.03412
-0.034772
-0.03488
-0.031617
-0.033822
-0.035363
-0.035414
-0.033922
-0.03451
-0.035649
-0.035188
-0.035553
-0.033388
-0.028276
-0.033295
-0.035569
-0.03508
-0.03529
-0.035163
-0.034866
-0.033044
-0.032776
-0.035685
-0.034632
-0.035296
4.3857
-0.034453
-0.035795
-0.094349
-0.097011
-0.062053
-0.069917
-0.083154
-0.09944
-0.088645
-0.088138
-0.086191
-0.082443
-0.085507
-0.0862
-0.071162
-0.08176
-0.093439
-0.088944
-0.076499
-0.091595
-0.08057
-0.098798
-0.074659
-0.058651
-0.10017
-0.064095
-0.090243
-0.10172
-0.069592
-0.10096
-0.097465
-0.073117
-0.080444
-0.086681
-0.10192
-0.04803
-0.054744
-0.074943
-0.091988
-0.049894
-0.09104
-0.087089
-0.038191
-0.061059
-0.089814
-0.076976
-0.099073
-0.085365
-0.045877
-0.083728
-0.09764
-0.066936
-0.065768
-0.051691
-0.053204
-0.043826
-0.078749
-0.090171
-0.095455
-0.057329
-0.10381
-0.10105
-0.093718
-0.096127
-0.073886
-0.098066
-0.099744
-0.09406
-0.096861
-0.096496
-0.076162
-0.091933
-0.059871
-0.094693
-0.075918
-0.08276
-0.084533
-0.056134
-0.071706
-0.09496
-0.095638
-0.072471
-0.078939
-0.10251
-0.09075
-0.098637
-0.067884
-0.041228
-0.068793
-0.10041
-0.087741
-0.092753
-0.089534
-0.084051
-0.065096
-0.063167
-0.10303
-0.081443
-0.092961
-0.034453
9.042
-0.10388
-0.16373
-0.17724
-0.072606
-0.087099
-0.11857
-0.20019
-0.13665
-0.13565
-0.12987
-0.11473
-0.12601
-0.13005
-0.088629
-0.11427
-0.15748
-0.13929
-0.10263
-0.15043
-0.1104
-0.18131
-0.09552
-0.067182
-0.19952
-0.076063
-0.14503
-0.2126
-0.085697
-0.19844
-0.18185
-0.09256
-0.10872
-0.13058
-0.20526
-0.052107
-0.061235
-0.09681
-0.15222
-0.054533
-0.14818
-0.13227
-0.040252
-0.070672
-0.1404
-0.10129
-0.19199
-0.12454
-0.049601
-0.11922
-0.17926
-0.081003
-0.0791
-0.056995
-0.059269
-0.047076
-0.10632
-0.14415
-0.16684
-0.06508
-0.22457
-0.19569
-0.1598
-0.17202
-0.093904
-0.18139
-0.19098
-0.16332
-0.17595
-0.18103
-0.099338
-0.15256
-0.068812
-0.16442
-0.09849
-0.11578
-0.12265
-0.063301
-0.089753
-0.16723
-0.17016
-0.091443
-0.10658
-0.21457
-0.14712
-0.19015
-0.082378
-0.043689
-0.084125
-0.19967
-0.13372
-0.15444
-0.14053
-0.12214
-0.077384
-0.074287
-0.2125
-0.11162
-0.15764
-0.035795
-0.10388
13.4911
