0.13478205
0.05432585
0.13737179
0.04130297
-0.00824929
-0.03535503
0.13314546
-0.04896354
0.10090194
-0.01387523
-0.13400363
0.14993833
0.04562883
0.08728903
0.19653697
-0.14720406
0.09866870
-0.04587476
-0.13801506
0.14812746
-0.02456763
-0.00942686
-0.03002501
-0.20085271
0.07199433
-0.09589492
0.02829625
-0.11244963
0.08761260
0.00284742
-0.08840525
-0.01398251
0.00614972
0.05226911
0.14008771
-0.04002248
-0.22775412
-0.05987280
-0.10616993
-0.01838661
-0.11684220
-0.08462535
-0.08532244
0.15068499
0.00432502
0.14000899
0.06422276
-0.12646071
0.00291279
-0.06539400
-0.04108251
0.07800964
-0.08085621
-0.04641222
-0.05927530
-0.12438558
-0.00102188
-0.00838776
-0.12401400
0.04205318
0.02106895
0.19312475
-0.01406703
0.09625601
-0.02635026
0.05645026
-0.01009699
-0.08932851
0.06595813
-0.05344391
-0.04992295
-0.06723127
0.09344143
0.01295399
-0.20293043
0.05649660
0.07440025
0.06255333
-0.02262670
0.11119005
0.03226834
0.10354391
0.10423607
-0.21358521
-0.12234762
0.06700701
0.04309367
-0.14158985
-0.02484547
0.14295150
0.25535132
-0.07524390
0.04938331
0.07404796
-0.07154287
-0.05571630
0.02054874
0.01171371
-0.24878134
0.10053341
