0.18706372
-0.10004747
-0.02599025
0.02112423
-0.01086589
0.14573098
-0.05188448
-0.05230531
-0.10024292
0.12662059
0.02846481
0.00409326
0.13353117
-0.01216843
-0.13235275
0.01703903
-0.02021721
-0.14855922
0.01749662
-0.02679616
-0.08444176
-0.02068911
0.01799511
0.12266643
0.05790607
0.10372442
-0.03663588
-0.04982444
0.01826447
0.21769810
-0.11849816
-0.09001894
-0.01359074
-0.04653026
-0.04046251
0.04769097
0.05155524
-0.03313673
0.00252889
-0.13956782
0.02017669
-0.03340535
-0.07094392
0.17883176
0.17009422
-0.09636577
-0.13496244
-0.14288560
-0.07362829
-0.15274748
0.09653818
0.24757837
0.02550728
-0.03936385
0.16305300
0.03344532
-0.09650560
-0.02575199
0.02025177
0.05207912
0.04541243
0.16483628
-0.00582760
0.04806486
0.10594938
0.02801974
-0.22062501
-0.17313085
0.15218084
0.15110871
0.02767779
-0.07944093
-0.22288288
-0.03161336
-0.13633227
0.04815234
-0.12591941
0.01171152
0.03467589
-0.04182977
-0.07771955
-0.06705182
-0.05245860
0.00518413
-0.00428660
-0.11472927
0.04088759
-0.09404364
-0.10949816
-0.18681212
-0.17581605
-0.05817447
0.04740155
0.08309164
-0.05244271
0.10555673
-0.02429960
0.14683166
-0.01965288
0.11527043
