-0.11644682
0.18125870
-0.07545562
0.06042408
-0.09920778
-0.07806608
-0.14663941
0.14015143
-0.05663944
0.07884797
-0.19106493
-0.14372415
-0.06694000
0.03208111
0.05085821
0.27947569
-0.09404173
-0.06883147
0.01355886
0.06644103
0.09234723
-0.06523171
-0.11670239
-0.12992132
0.02276294
-0.13053457
-0.02788013
0.01049200
0.05170115
-0.12331079
-0.08443652
0.13918724
-0.04675142
-0.06797122
0.13249872
0.10953559
0.15499544
0.01732473
-0.01183532
0.02176724
0.10409952
-0.12396122
-0.11017186
0.07776966
-0.09891843
0.10582138
0.10697367
0.12258798
0.01173232
-0.04640832
0.02107738
-0.01506313
-0.12695393
-0.02364310
0.05363801
0.17743158
-0.21436605
0.04338925
0.08133160
0.02645976
0.11058764
0.13672347
-0.04067723
-0.05194698
0.07810987
-0.00133474
-0.03891454
0.04052799
0.03455451
-0.01204656
-0.01620466
0.04998136
0.01378516
0.02112729
-0.07860257
-0.13108955
-0.05164334
0.01182706
0.03997348
0.10227063
-0.03168119
0.13175317
0.01836767
-0.18498592
-0.19853271
-0.08263593
-0.11561536
-0.07211525
0.12126016
0.00209760
0.17447575
0.07029349
0.06149528
-0.22382569
-0.01164220
0.02927140
-0.00595467
-0.06937820
-0.12959770
0.12630566
