0.02849673
-0.15095808
0.06700003
-0.00525195
0.11077680
0.16491769
0.17569403
0.12057343
0.09790275
0.15912607
-0.01278142
-0.26646194
-0.05480017
0.25059820
-0.10313847
0.02524347
0.14479680
-0.04068936
-0.17103775
0.01050635
0.09335809
0.05735711
-0.11773391
-0.05667148
0.05720075
-0.13324662
0.18090671
0.07387603
0.03160806
0.02391865
-0.02216824
0.00227107
-0.16257393
0.13125421
0.06770290
-0.04867361
-0.21542681
-0.03995890
0.00490896
0.06160175
-0.05095045
0.04357712
0.02456279
0.06754809
0.03165283
-0.03860619
-0.01089317
-0.13098886
0.11613220
-0.13018420
-0.07649568
-0.09107041
-0.15130504
-0.05001708
-0.08852577
0.10851214
0.01074666
-0.08884805
0.07883946
-0.10612629
0.02623117
0.02832001
-0.20196109
-0.01609751
0.09509112
-0.01779694
-0.09808415
0.06155558
-0.11732273
-0.12084431
-0.06848756
-0.02819542
0.16028773
0.03186180
0.02415397
0.04175758
0.07706794
-0.12806929
-0.05756410
-0.01434406
-0.05879546
0.04067170
-0.02827894
0.02186744
0.01030825
0.04170969
-0.05156383
-0.07592684
-0.18459428
0.20391898
0.01520350
-0.06717687
-0.10459068
-0.13174754
0.03955251
0.00527548
-0.03835523
-0.02557256
-0.01024999
0.17703382
