-0.07999973
0.01674569
-0.02470333
0.10523161
0.04265411
-0.09424551
0.09528504
-0.17774040
-0.02052211
-0.00935607
-0.04416378
-0.07297999
0.06047355
-0.00340758
-0.00783121
-0.14917895
-0.06429743
-0.17560352
0.11658762
0.12670472
-0.00367482
-0.12869687
-0.04002969
-0.11632035
-0.01906349
0.00322917
-0.14364877
0.10914643
0.08388321
-0.05032551
0.03142814
-0.08997412
-0.10826189
-0.22090234
0.06013090
-0.16603090
0.04131478
-0.13144425
0.17956134
-0.01487394
-0.04531359
0.11133052
0.03695594
-0.00321848
0.09965811
-0.05819172
0.01260193
0.14188444
0.09716285
-0.11745832
-0.08723617
0.09837552
-0.17261677
-0.08999285
0.04572536
0.06564741
-0.16023156
-0.05179333
0.04955625
0.03680316
-0.22959232
0.02998107
-0.04368530
0.07307181
0.12191631
0.10048900
0.07983530
-0.03861961
0.12159668
0.00700943
0.16569140
-0.07541851
0.20227010
0.01604878
-0.07582953
-0.00314063
0.26539326
-0.15534800
0.04671996
0.12461218
-0.03160241
0.03224514
0.12351705
0.01645014
0.02781415
-0.19398024
0.01135877
-0.02569122
0.04843885
-0.03353646
-0.11248631
-0.01368318
0.02317136
0.04868699
-0.01877850
-0.18378679
0.00186974
0.08151595
-0.01043120
0.14591584
