0.03203431
0.00400684
-0.06463217
0.27013757
0.02444789
0.09695364
-0.08320184
-0.05810622
0.12006239
-0.01274504
-0.09792925
0.05312095
0.11147862
0.10382202
-0.14694092
-0.07663375
0.10344560
0.01710271
0.02137454
0.00896002
-0.12455939
-0.12577376
0.00589785
-0.13005652
-0.12188792
-0.09066526
-0.09148034
-0.14054054
0.15092813
-0.13176399
0.03524436
-0.13595638
-0.07515099
0.05901229
-0.02488731
0.08450398
0.00641172
-0.07006012
-0.00315289
0.04683174
0.09175754
-0.03800964
-0.06071234
-0.09592642
0.06436381
-0.09373945
0.01343437
-0.08771904
-0.04343520
-0.24006864
-0.07312479
-0.12552865
-0.09457395
-0.00582890
-0.06203333
-0.08784295
0.00788993
-0.07707598
-0.16115446
0.02002152
0.04652436
0.01620039
0.05349759
-0.08396750
-0.08793290
0.09847875
-0.10910448
0.03211693
-0.31003367
-0.07305101
-0.04984925
0.01915528
0.08546575
0.01332528
0.12073486
-0.10617383
0.03988075
0.02760031
0.13295619
0.03780980
-0.04273589
-0.10164269
-0.02900525
0.10741284
-0.09086290
0.06841050
0.23034065
0.21705896
-0.00933330
0.20360987
0.06884351
0.13869787
0.06930034
-0.04208119
0.01078487
0.01514930
-0.07187153
-0.14442306
-0.11661026
0.01785024
