0.00772892
-0.03283072
-0.02315004
0.03792644
0.20397177
-0.04250679
0.14267327
-0.04964211
0.08727269
0.09006792
-0.11565419
-0.08957213
-0.08021357
-0.05997219
-0.02261256
-0.23488358
0.08187719
-0.02395744
-0.16785445
0.08864880
-0.05834792
-0.15223594
0.14356553
0.15120587
0.01188596
-0.14318162
0.00145470
-0.00619086
-0.15367640
0.11981153
-0.04050110
0.07552722
0.02066709
0.08586962
-0.04577985
-0.11717373
0.07726436
-0.17319385
-0.10904609
-0.01582941
-0.07697771
-0.01743328
0.07915551
-0.14915675
-0.02600259
0.01518903
0.10094088
-0.06181318
0.02938073
0.06291091
0.11169617
0.10017321
-0.00294348
0.13095157
0.12838385
-0.08600999
0.03095492
0.08113485
-0.00506695
0.14190301
0.02859342
-0.14502803
0.07591012
0.04655175
0.10127851
-0.06584925
0.06836303
-0.09085814
-0.04432028
-0.01989807
0.04677567
-0.21298045
-0.20358921
0.12743416
-0.02324269
-0.09260982
-0.00951398
0.06501546
-0.01838747
0.02256041
-0.11611865
0.18760851
0.07872126
-0.16242810
0.11140764
-0.02500166
-0.12919886
-0.18063358
-0.05184215
0.05062197
0.10463706
0.13036357
0.12525842
0.05844848
-0.00619669
-0.06394367
-0.07328646
0.07668494
-0.17405981
-0.10105763
