0.03006821
0.03932691
-0.05969424
0.08258644
-0.01943352
-0.02277865
0.12745099
-0.00507540
0.18535108
-0.09558172
-0.01070903
0.03664883
0.05610399
0.16838714
0.10818956
0.04320678
-0.17997028
0.01418733
0.18324058
0.00902430
-0.23111856
-0.14433338
0.02062611
0.03410940
0.00580796
-0.04045569
0.02273307
-0.14376611
0.00218774
-0.02666028
-0.13564821
0.02822649
0.18083654
-0.06267159
0.00820663
0.17886366
-0.09786254
0.21755594
0.02807362
0.23699370
0.00889823
-0.00302594
-0.06095801
-0.00099695
-0.06012288
-0.00225719
0.08239740
-0.19038883
-0.10942307
0.05708181
0.02051181
0.01517174
0.15950907
0.09388986
0.05459607
-0.05746970
-0.13515319
0.03741544
-0.16408798
-0.06066699
0.09896599
-0.02780246
-0.12389419
0.00762843
0.00450426
0.06732248
-0.02667520
-0.10718657
0.11314452
-0.22161421
0.04644955
0.00279169
-0.12471771
0.03792504
0.01923035
-0.03561787
0.00725226
-0.04866276
0.11073828
-0.08877264
-0.12814706
0.06216674
-0.07708148
-0.14832045
-0.03075877
0.03737277
0.03584151
-0.20034184
-0.03647007
0.07830565
0.00250745
-0.04051729
0.00824289
-0.20852650
0.04285851
-0.19115129
-0.05028629
0.14212856
0.02259898
-0.03378430
