0.01444467
0.07967915
0.06888103
-0.09972799
-0.09934838
-0.11011114
0.21619099
0.03865954
0.05458158
0.11460651
0.04250145
-0.13620528
0.06810649
0.08839309
0.01705917
0.08233016
0.09761159
0.11975950
0.07434172
0.15779260
0.05352810
0.14410580
-0.16782655
0.07799524
-0.03803985
0.01033887
0.04586725
0.14276404
-0.00347425
0.04549856
-0.06484248
-0.16139369
0.04804948
-0.09765144
0.01561308
0.01670256
0.00294922
-0.05941858
-0.05115407
-0.00897730
0.19747695
0.13857210
-0.25011560
0.01608515
-0.03534055
-0.06563130
0.00899020
0.01166378
0.06869432
0.05089738
0.09079862
0.01863748
0.08112959
-0.04588046
0.07724619
0.14020699
0.04721062
0.12339529
-0.05517196
0.04677822
-0.13032515
-0.01665013
-0.08987267
-0.18114215
0.04249850
0.02778049
-0.07292635
0.07420038
0.24822127
-0.05439480
-0.01975091
0.01350874
0.09316019
-0.04884230
-0.07310218
-0.22305230
-0.02732988
0.05692723
-0.12269336
-0.22432190
-0.24184425
0.03925335
0.05867358
-0.05961506
0.03335279
-0.03331591
0.07118218
0.00202786
-0.02634500
0.06378477
0.07410127
0.19764799
0.05984498
0.12066051
0.10476893
0.13875789
0.05389124
0.13269513
-0.02769110
0.01339574
