-0.08537732
0.16672120
0.00053757
0.05827843
-0.24369872
-0.03159492
-0.02528437
-0.08061091
0.04155564
0.11478110
-0.01526745
-0.07687290
-0.07066732
0.10409815
-0.12651575
-0.01123413
0.06325731
-0.01775535
-0.16865919
0.03593214
-0.01644801
-0.05499939
0.18862844
-0.18109384
-0.12071503
-0.21369414
0.11287550
-0.04002910
0.00325270
-0.00119001
0.15702384
0.02297710
-0.12683977
-0.36069083
0.00953673
0.03550434
-0.00531033
0.04198401
0.06782416
0.01527097
0.02187398
0.03859257
0.11435210
0.01252103
0.06029823
0.04985741
-0.18485191
-0.15884113
0.00041944
-0.01418462
-0.00664619
-0.01327557
-0.03394329
0.11496190
0.11069505
0.14844363
0.03576171
0.02062585
-0.01287948
0.04162446
0.09441776
-0.14259906
-0.13386187
0.04917605
0.09764221
0.01073773
-0.01287664
0.03540643
0.05352872
-0.02086167
-0.02078868
0.08343490
0.04921317
0.11155051
0.14072794
-0.01090637
-0.01546395
-0.10046036
0.09643733
0.18164505
0.06631840
0.13975113
-0.04546046
-0.01032962
-0.17274145
0.11258670
-0.04147761
-0.07729399
-0.03356634
-0.02663489
-0.08416442
0.18984879
0.04169472
-0.05674709
-0.01388332
-0.08984934
-0.04106177
-0.18664137
0.11440518
-0.07102577
