0.02334175
-0.15780852
-0.02286364
0.10517727
-0.11644670
-0.09920569
0.12530448
0.09204332
-0.08623863
0.01219348
0.02238846
-0.18045501
-0.11246722
-0.05851489
0.04367945
0.07821519
0.03693173
0.01387571
0.01476913
-0.07496760
0.01890947
-0.09967669
0.00714669
-0.08122649
-0.14675974
0.13758257
0.08163377
-0.02622930
-0.20980911
0.07888818
-0.16792468
-0.01912493
-0.07866336
-0.14168767
0.04141726
-0.14451915
-0.06659547
-0.09612142
0.03769948
-0.07696237
0.10728773
0.02699652
0.13371903
-0.02755656
-0.11344495
0.03554861
-0.01926070
0.00133122
0.02681300
0.16969729
-0.23174942
0.07120466
0.10558872
-0.13044759
0.06039411
-0.08529420
0.23809591
0.09713439
0.02610087
0.17489405
-0.06330250
0.09810171
-0.14051619
-0.01948045
0.01014111
0.11565116
-0.00440626
-0.06120883
0.04526232
0.00938287
-0.00499880
-0.04132924
-0.14070708
-0.22236086
0.09634021
-0.01231161
0.08771325
0.04790298
-0.17324180
0.02066642
0.11540599
-0.01473373
0.22577546
0.14708422
0.15236588
-0.01806890
0.07467294
-0.01625245
-0.06150543
-0.03207692
0.11175673
-0.03859251
0.01867575
-0.14656511
0.10570716
0.04689155
0.07970520
-0.00839627
0.01846393
0.09683175
