0.00524988
-0.01638398
-0.11583849
0.02033330
-0.01413534
-0.21320358
-0.06606878
-0.06362761
-0.02870081
0.00118073
0.08217118
-0.02894454
0.26517961
-0.04043843
-0.06847032
0.07519613
-0.09122117
-0.15905113
-0.07523293
0.19719194
-0.00528143
0.06104119
0.13817022
0.04241966
0.04338540
-0.01490698
0.02190598
-0.07385066
0.08703697
-0.01733631
0.11374656
0.05070374
-0.03586214
-0.03785242
0.13230093
0.04606869
-0.18384076
-0.20316064
0.11066008
0.00567585
0.13071938
0.06855937
-0.08763004
-0.11191132
-0.11856322
-0.11078914
-0.12293714
-0.16692216
-0.04987089
-0.01015134
0.10263554
-0.10406100
-0.04880776
-0.03731790
0.04144094
-0.03807025
0.09879457
0.01096575
0.04047439
-0.00926482
0.00227999
0.00321423
0.11332564
-0.06181834
0.07702562
-0.11183439
0.02412153
-0.06546870
0.03606288
-0.03836151
-0.01175682
-0.21929506
0.01194544
0.08537401
0.01729192
-0.02815546
0.15120746
0.16093765
-0.13737150
-0.07352527
-0.10126829
0.09638969
-0.12037270
0.16677679
0.02135999
0.12371100
0.14504783
0.14164942
0.00489429
-0.08357809
-0.18840207
-0.05970740
0.13543646
0.00919311
-0.14067403
-0.12975393
-0.17800676
0.05431836
0.04706523
-0.11884630
