0.03913820
0.08671003
0.02338583
-0.12542704
0.04607947
0.09385263
0.14810532
0.05806487
-0.00669130
-0.02817850
0.07818032
0.12830637
0.09784213
-0.01544055
0.00206686
0.02521884
0.17702711
-0.10740239
-0.06226573
0.04629860
0.04074696
-0.14502529
-0.03554301
-0.03543274
-0.06775196
-0.01339211
0.04396365
0.14414306
0.08003427
-0.07326866
-0.04562919
0.03656745
0.12758381
0.14805178
0.09277616
0.05140493
-0.18163330
0.01697881
0.04261469
0.13789045
-0.27380591
0.07048808
0.05560242
-0.04679663
-0.19399825
-0.01386628
-0.07008353
0.14421014
-0.07578083
-0.03879147
0.01101829
-0.11194818
0.13074506
-0.07494637
-0.08171371
0.21627413
0.04612718
-0.04669059
0.19140024
0.03178098
0.07341409
0.16903563
-0.06959733
-0.09868719
-0.13685705
0.05633313
0.16552983
-0.04656661
-0.05212043
-0.07556956
-0.00700468
-0.05885484
-0.13621907
0.05603673
0.11766159
0.01362533
-0.23625151
-0.07690941
0.11621222
0.04549449
0.15063603
-0.06694662
-0.11579530
-0.04947425
0.05460346
-0.06924729
0.06314453
-0.03494548
0.01411094
-0.00185127
0.22006832
0.05632729
-0.04716606
-0.02812580
-0.02707579
-0.15249152
0.13120628
0.02281425
0.13211167
0.04961621
