-0.09627155
-0.03712146
-0.09712111
0.09925734
0.05941670
-0.15751978
-0.08871697
0.14367364
0.12580235
0.07898210
0.14643361
-0.09987503
0.05697559
-0.15717410
-0.18247853
-0.00332008
-0.05636485
-0.02777788
-0.04355997
0.05950266
-0.01955038
-0.00705315
0.16565725
-0.22350417
-0.02795604
-0.01100304
-0.19257123
0.07973850
0.02925898
0.22638362
0.01932817
0.10474116
0.11459964
0.13779757
0.00988773
-0.01892586
-0.04000036
0.01250950
-0.09266697
-0.05666962
0.06194410
-0.17418746
-0.12044826
0.15426800
0.17068335
0.09121171
-0.22456459
0.21823935
0.02577151
0.01319945
0.03024204
0.02593303
0.03707217
-0.11293100
-0.08831910
-0.08342349
0.05502426
-0.06690237
-0.06785439
0.00806617
-0.11490389
-0.00424949
0.12616637
-0.07757300
0.09228696
0.09896444
0.02103876
0.09418688
-0.04179861
-0.08873989
0.00995533
-0.05083928
0.13481498
-0.05348986
-0.04943836
0.09121602
-0.09683522
0.05204655
0.16180992
-0.02416918
-0.10047979
-0.12901706
-0.15937308
0.06429378
0.09697369
0.15840577
0.03085842
0.03077801
0.09599794
-0.08964609
-0.15960460
-0.04627547
0.00296206
-0.02680129
0.02881676
-0.05522046
0.03155012
0.05606268
0.10897197
0.04417544
