-0.09274612
-0.09518688
0.05373857
-0.01895158
-0.04088463
0.06209773
-0.02648802
-0.03309994
0.03365162
-0.00126065
-0.06293112
-0.09710518
-0.10685993
-0.00481527
0.02594239
-0.02604371
0.08866332
-0.13675559
0.18547770
-0.07579411
0.00478534
0.21344735
-0.08777254
0.21883819
0.13324171
0.16167855
-0.00853020
0.04967724
-0.06720072
-0.01422375
-0.00993199
0.22612981
0.09168254
0.09974655
0.04330648
0.17684408
-0.27268749
-0.06220397
0.00916719
-0.15740990
-0.16084622
0.09538371
0.04645806
0.10846373
-0.09551924
-0.13693293
-0.08178744
-0.28308391
0.02167737
-0.03945654
0.02406613
-0.12428329
0.04278419
0.01917842
-0.11053417
0.07092015
0.02590955
0.02230998
-0.07648559
-0.15138193
0.03308680
0.01198292
-0.00090099
0.02967704
0.12558458
-0.25304500
-0.05272898
0.07250257
-0.08594839
0.08758433
0.10945916
-0.07774091
-0.01510219
-0.11236781
-0.02013126
0.02690844
0.04859217
-0.12789248
0.03546061
-0.09486336
0.00591727
-0.02862466
0.07517001
-0.06134757
-0.06664951
0.09176618
0.04469764
-0.07895622
-0.17527664
-0.04888694
-0.05713854
-0.07039586
-0.05066430
0.14962470
0.09838731
0.07172417
-0.06297830
-0.01463061
-0.07162274
0.02774567
