0.14878037
-0.04270578
-0.10188950
0.15129309
-0.07920194
0.17374460
0.01105843
-0.20014375
-0.10151125
-0.13439339
0.02685418
0.02388341
-0.12579855
-0.12333268
-0.00272705
0.20138193
-0.16909685
-0.14647114
-0.04751991
-0.01151490
0.00587562
-0.07721209
-0.15940672
-0.06246893
-0.13158040
-0.09317725
-0.13748311
0.10217714
-0.07500150
-0.01386522
-0.02620479
0.02627709
0.04756774
-0.05795464
-0.07201595
-0.11431180
0.14831212
-0.01354570
0.12169582
-0.02120289
-0.06092811
-0.12842564
-0.05392327
0.01937857
0.22343579
0.20976431
0.03592804
-0.05570225
0.00185917
0.09400365
-0.20950734
0.07580140
-0.01499668
-0.00603656
0.18458902
0.02118193
0.12180901
0.00503096
0.07472089
-0.05146165
-0.02854114
-0.17754068
0.04283510
0.07242289
0.05737989
0.08311695
0.03025402
-0.04604946
0.02939337
0.07810932
0.01341130
-0.04116648
-0.01218063
0.09153764
0.00661041
-0.01040269
-0.12188457
-0.10294513
-0.00817465
-0.11538686
-0.15235245
-0.14831335
-0.13035221
0.09751806
0.00348214
0.15891857
0.07724895
-0.12120369
0.02061231
-0.00887406
0.09877984
-0.01650174
-0.10830660
0.07701067
-0.17475160
0.07742523
-0.08216541
0.06714322
0.09571837
-0.05768926
