-0.00295679
-0.04167567
-0.04556892
-0.01607460
-0.11332813
0.05899034
0.07533822
-0.10933778
0.03269212
-0.14913366
0.17249126
0.12683621
-0.10493491
-0.15790157
-0.04402610
0.08216250
-0.22539961
-0.13751858
0.13086464
-0.09079692
0.02621452
-0.06317581
0.03532577
-0.09036896
-0.03110771
0.09349211
0.17024776
-0.08791844
0.00117839
-0.05661070
0.11636653
-0.10564817
-0.03692679
0.06459401
-0.06040828
-0.02859635
0.14587515
-0.20979807
-0.01177689
0.09729410
-0.06007704
-0.03076881
-0.07578461
0.17684251
-0.03380609
-0.07070871
0.03769438
-0.02797874
0.07504039
0.10846298
0.05637189
-0.02327021
0.11803523
-0.22959990
-0.05209532
0.05477659
0.13855453
-0.03243898
0.07398351
0.08398196
-0.13239334
-0.07166023
-0.04660304
-0.07436480
0.03171841
-0.03153421
0.05309934
-0.15165287
-0.05917016
0.00926936
0.14780104
-0.06624115
0.12012719
-0.05197512
-0.04867991
-0.09320292
0.07401972
-0.04863562
0.20556734
0.19473250
-0.00453288
-0.00178703
-0.08157152
-0.09768528
-0.03141054
-0.14528626
0.00427945
0.04097569
0.01101933
-0.16528613
-0.12588900
-0.14581034
0.11283755
0.09945444
-0.03900667
0.06635185
0.12803816
-0.21865493
-0.01835511
0.04161709
