-0.04467482
0.10279305
0.04380435
0.06314360
-0.01026683
0.15053370
0.01930822
0.00520183
0.05833546
0.08740083
-0.05349680
-0.25409262
0.08209101
0.10117079
-0.06388184
0.16621445
-0.06910666
0.03239075
0.00288108
0.03807473
0.07229041
-0.02606296
-0.09056788
-0.04004867
-0.12183554
0.06967990
0.03530459
-0.02532309
-0.18300124
-0.23206346
0.02197051
0.08917016
0.14812407
0.04687126
-0.05938373
-0.06313381
0.06519962
-0.12617244
0.09729125
0.02140345
0.03890025
-0.01610846
-0.14565984
-0.05601341
0.10187526
-0.00991661
0.05138494
0.09592103
-0.18530855
-0.02506602
-0.03105384
0.09249578
0.00918827
0.10495525
0.09561097
0.14399168
0.06040295
0.01375826
0.08078342
-0.03107358
-0.01441638
-0.03958998
-0.09682900
0.06150676
0.16780177
-0.15545708
-0.04578754
0.05971434
0.11283054
0.14430229
-0.01012286
0.10634083
0.01403663
0.04300462
-0.03509409
0.12306457
-0.00404562
-0.10105626
-0.02606066
-0.13484780
0.07953398
0.03354262
-0.16601515
-0.07330264
-0.00818187
-0.18704315
0.11283673
-0.28767568
-0.12285827
-0.21369527
0.06944055
0.03227866
-0.11543763
-0.14637074
-0.06345598
0.18884024
0.01853922
0.01244053
-0.07496454
0.01926257
