-0.05586949
-0.10301377
-0.03900785
-0.02861001
0.04277084
-0.08300778
0.03543143
-0.02740249
0.01861610
-0.01467788
0.04852486
-0.00247097
0.17765267
-0.15255378
0.08191253
-0.13013978
-0.06118108
0.04984377
0.12860785
0.04225473
0.23770516
-0.02721456
-0.07436357
0.07692406
0.10941378
0.20110004
0.13335833
-0.01982599
0.11927392
-0.06857454
-0.20426265
-0.05545170
-0.11400204
-0.02009130
-0.07819065
0.07998019
0.01552672
-0.02794511
0.15990410
-0.17622201
0.03510616
-0.08024614
-0.13729403
-0.04260149
0.04220650
-0.00304579
-0.16852281
0.04674232
-0.09806336
0.09745576
0.04383283
-0.06473442
0.04693895
0.06185398
-0.12062230
-0.06045737
-0.05059243
-0.05361090
-0.02458096
-0.12188906
-0.21957161
-0.05553601
-0.10787325
0.23210541
-0.15001333
-0.06162407
-0.02681770
0.01488413
-0.01776117
-0.06755967
0.08162908
-0.12498736
-0.01213110
0.10937482
0.05790335
-0.06548817
0.10447892
-0.26830406
-0.01593356
-0.04246327
-0.02584771
-0.17403563
0.17856714
-0.07083362
0.03600295
0.08870282
-0.10185180
0.06958538
-0.03665252
-0.18566474
-0.10905479
-0.02979534
0.04233907
-0.01448211
0.01296990
-0.01215928
-0.05637347
-0.12527480
0.01459207
0.10701005
