-0.00852864
0.17597937
-0.02598731
0.05315407
0.10726023
0.07364294
-0.12590597
0.02726394
0.12816336
0.13155165
0.00191988
0.09213858
0.11731636
-0.12754202
0.08802866
0.14958808
0.00325407
0.16230958
0.03597154
0.12837815
-0.10645380
0.06681825
0.08017192
0.12348806
0.10502779
-0.08125417
0.03955233
-0.07598853
-0.00462394
-0.13528771
-0.05942726
-0.02896938
0.10871681
0.16355191
-0.14298409
-0.08012923
0.04469289
0.03785161
-0.24837674
-0.00019727
0.06032450
-0.01916680
0.10631241
0.03915373
0.02325610
-0.05670972
-0.02390924
-0.03058644
0.01969965
0.13561095
0.00089009
0.00217489
0.07981763
-0.07204844
0.08472408
0.02815886
0.02459793
0.00985231
0.19011806
-0.09458715
-0.24118249
-0.06295555
-0.02315942
0.11158987
-0.18666198
0.05062479
0.19848762
0.02870215
-0.07844235
-0.01349371
-0.21459278
0.03863575
0.06954809
0.12952326
0.05883293
0.07164570
0.11562397
0.04379214
-0.16689709
-0.14417519
-0.02810439
0.03021496
0.02804607
-0.10084228
-0.00394188
-0.04713456
0.11316704
-0.13484149
0.00001324
-0.12041120
-0.02223777
0.13361784
0.22249569
-0.04032322
0.04913829
-0.05543031
-0.08709275
-0.06062529
0.05859520
0.11272643
