0.03415474
0.00285977
0.08852542
-0.16433723
-0.07178778
-0.05954944
0.05100191
0.04531501
0.01281298
0.01930928
-0.20007477
0.07281479
-0.04547809
-0.05529267
0.20538463
-0.19358518
0.03100751
0.06186349
-0.14713981
-0.08768522
0.04229336
0.20662534
0.11100626
-0.04086436
-0.06009252
0.01365422
0.05631458
-0.02907782
-0.07712156
0.13277945
0.05624708
0.12787393
-0.05097555
-0.01208303
-0.07197527
0.12684135
-0.12002940
-0.03414059
0.01382567
-0.16903391
-0.00714127
-0.03294265
0.11384715
0.04741480
0.09583284
-0.05318164
0.04675939
-0.07541137
0.01426292
0.15288698
0.15525895
0.16737925
0.05004050
0.05124741
0.05014919
-0.09197606
-0.26044483
0.07873935
-0.11824814
-0.00442884
-0.03692714
0.15582160
0.03210026
0.03781586
0.11672449
0.12564920
-0.12680175
-0.12425628
0.16078670
0.07231361
-0.03078666
-0.02526022
0.01125640
0.01015755
0.01286250
0.15289370
-0.15400441
0.03208012
0.10878110
0.00829862
0.02621395
0.01620463
-0.02192443
-0.05844249
0.06675548
0.10273257
0.03845188
-0.15489535
0.09730276
0.17382206
0.24619705
0.01205090
-0.09055930
-0.11274755
0.06154434
0.17225258
-0.07040611
-0.02250175
0.01141497
-0.06473126
