-0.02412047
-0.14248642
0.07652309
-0.05939277
0.05912292
-0.06317736
-0.09982701
-0.01418867
0.09696809
0.00237067
0.05803858
-0.04794507
-0.03033837
-0.12185222
0.12063898
0.02174665
0.07321296
-0.03698488
-0.11966490
-0.11150947
0.10023024
-0.13456874
0.22806230
0.18216850
-0.14287563
0.28697537
0.00379190
0.09574084
0.14344461
-0.13202808
-0.04721417
0.09003535
0.01888640
-0.08450045
0.11605702
-0.14576880
0.12934663
0.12885763
0.01473895
-0.05612477
0.00227832
0.02963889
-0.06949644
0.00497640
-0.07123952
-0.04276643
0.00069097
-0.23086781
-0.01965588
-0.09803077
-0.05599288
0.06254843
0.12676912
0.06029411
-0.05341817
-0.13272857
-0.08333364
0.00615896
0.13344295
-0.08696661
0.12944440
-0.08225687
0.02916406
-0.06205756
0.08322281
-0.03111076
0.03240865
-0.01536135
-0.00191377
-0.23086774
-0.00997273
0.19883363
-0.03506661
0.06942435
-0.04260433
0.13049769
-0.13658926
-0.02920940
0.05496355
0.04335942
-0.16430855
-0.00783452
0.08460783
0.06305720
0.07895375
-0.01270188
0.08837707
-0.03904444
-0.14694236
0.05821244
0.02144350
-0.02499048
-0.01043808
0.17575193
0.10738483
-0.15471108
0.01756499
-0.12438005
0.13478197
-0.06785201
