-0.21183744
0.06833993
0.06058506
0.07803394
-0.04927289
0.13622656
0.02649985
0.13388685
0.12054881
-0.02615395
0.04503970
0.15416853
0.13187152
0.08179053
0.06660616
0.08426576
0.06932984
0.07157698
0.17028778
0.00208264
-0.03876579
0.04627426
0.07370310
-0.12018452
-0.16320475
-0.01115855
0.00831278
0.15092780
0.11289324
0.13449205
-0.00855969
0.28246654
-0.03799109
0.04003017
0.07435279
0.06863096
0.00304388
-0.05984719
-0.02820558
0.17769971
-0.03533085
0.02308064
0.08593604
0.05648020
0.07445615
-0.06480345
0.04317811
0.10864028
0.00557565
0.03665350
-0.07751279
-0.00908825
0.17110924
-0.04882160
0.14397515
-0.06148561
-0.15905929
0.10099479
-0.04781228
0.20371190
-0.03612012
-0.06537151
0.13409344
0.10490680
-0.01071259
0.18085057
-0.09265487
0.14746300
-0.13785093
-0.00698348
0.16170607
0.05792662
-0.01405543
-0.13047165
-0.05496318
-0.12845385
-0.12987964
0.02871627
0.10514469
0.02491888
-0.02457262
-0.02676641
-0.15812367
0.03103850
-0.07401956
-0.07773373
-0.01609234
-0.03158011
0.12347274
0.04682620
0.00248803
0.12650061
-0.08394151
0.06519637
-0.16274309
-0.17849528
0.06644995
-0.06168690
0.10001476
-0.00006307
