0.06113432
-0.15214198
0.02821590
0.10089736
0.11706975
-0.22171792
-0.17589475
-0.06260390
-0.06245338
-0.10359023
-0.05280399
0.06535721
-0.11116635
0.12454214
0.03830312
-0.01900396
0.08480277
-0.08249248
-0.02326915
0.04787844
0.06744727
0.01868618
-0.06626292
-0.20613210
0.16592006
0.04993724
0.00198098
0.10248011
0.03463075
-0.00396140
-0.24075926
0.15028686
0.28766284
-0.12537937
0.07624114
-0.09136145
0.07632447
0.07645372
-0.03737791
0.00256941
-0.15256946
-0.09977051
0.02621552
0.03732490
-0.08804108
-0.17999846
0.09929442
-0.04915469
-0.01004718
-0.01929966
0.10851736
-0.05506139
-0.05542960
-0.06577548
0.01627709
0.07804903
-0.14465095
-0.05706351
-0.10532448
0.10763171
0.05065197
-0.02089289
-0.21274858
0.10303182
-0.21843264
0.11680520
-0.06687760
-0.07237455
-0.01000175
0.00868850
0.05692871
-0.00452545
-0.11614121
-0.08615763
0.06828217
-0.00162785
0.08355416
-0.03127937
0.11348289
0.04999887
0.01065312
0.10039751
-0.08525361
0.10925842
-0.04676909
0.04281911
-0.02962167
-0.03440452
-0.20498998
0.07589535
0.13481503
-0.01908824
0.19617810
-0.06821458
-0.00537446
0.02920365
0.03605373
0.02937165
-0.03150814
0.03886856
