0.07170001
-0.09871889
0.08589744
0.07098113
-0.00711127
0.03118299
0.02496981
0.05865804
0.00456064
0.10901764
-0.06895961
0.26160976
0.00158393
-0.08957353
-0.04516159
0.12363106
0.07908741
0.03007264
-0.01651268
-0.12389523
0.10542216
-0.02612423
-0.13084154
0.06978260
-0.03768103
0.08326787
0.08888576
0.03481523
0.11555312
0.09165882
0.00163337
0.22405664
0.02564307
-0.05262370
0.07457580
0.05589951
-0.06748952
-0.00488847
0.13774982
0.01899792
0.00786382
-0.02753857
-0.06743249
-0.13164442
-0.10598220
0.05710669
0.01347697
-0.05115297
-0.02880308
0.01596781
-0.06886218
-0.17667788
0.14934969
0.00559853
0.04466108
-0.15353933
0.00982282
0.03291208
0.03184564
0.09398410
-0.19196097
0.09307121
0.26076752
-0.13018479
-0.00579908
-0.03395195
0.16724677
-0.08248818
-0.08294586
-0.06919579
0.13034666
-0.05954945
-0.21614531
-0.08482247
-0.19243582
0.08396492
0.23325693
-0.03501174
0.14045822
0.03026211
0.05786595
-0.01431798
0.02482532
-0.03451674
-0.20851292
-0.04308944
0.06553324
0.00430313
0.07098242
0.02185028
0.01550454
0.04049094
-0.06333782
0.14466944
0.12412086
0.14510649
-0.15065796
0.05378031
-0.12299077
-0.04186056
