0.06752064
-0.14712968
0.06676567
-0.07605209
0.10381093
0.14046361
0.17947705
-0.01904458
-0.10702558
-0.00962382
0.03548739
-0.12598627
0.03486203
-0.07366426
-0.02330570
0.06273622
0.17504374
-0.01440241
-0.07971930
0.04087993
-0.15729943
-0.01830623
-0.04418688
0.17222497
0.05153385
0.03309795
-0.11774620
0.06707674
-0.09292427
-0.06996195
0.06488591
0.02787803
-0.03606657
0.00530426
-0.04896353
0.01848540
0.00275302
0.00842293
0.07366738
0.18348107
-0.08508548
-0.11500873
-0.02490533
0.08736501
0.02261177
0.03813439
0.03311086
0.11325817
0.11113126
0.00049698
-0.00734324
0.06481323
0.03115941
-0.17713479
0.11887330
0.03188961
0.15583569
-0.00532331
-0.04244321
-0.09699330
0.13009220
0.01218054
-0.16497774
-0.10424405
0.05444304
-0.05793268
0.11595181
-0.10438211
-0.10335929
0.22079106
-0.22417898
0.01562399
0.04931999
0.04512532
-0.11445473
0.19113698
-0.17121958
0.12278993
-0.07751658
0.02320085
-0.17448536
-0.07130841
0.13741911
0.02562346
-0.03400658
-0.17080168
0.15817040
-0.03780332
0.12568851
0.00394391
-0.03639225
0.08088122
0.12119402
-0.04590060
-0.18998793
-0.01581870
-0.05076495
0.05809521
0.10728569
0.17343945
