0.01282490
-0.07805874
-0.10811441
-0.13639559
0.03506194
0.11825319
-0.11260070
0.00553339
0.06882439
-0.09380582
0.01074007
0.17161052
-0.01041449
-0.00885222
0.04649822
0.01621437
0.07519653
0.01068230
-0.12310620
0.06801312
-0.02228644
-0.04899508
-0.07069820
0.06168071
-0.06227173
-0.03278263
0.09338956
0.01756032
0.08523537
0.17220214
0.04853697
-0.03852928
0.03214407
0.06201808
-0.17316651
-0.10339011
0.15845006
0.07201975
-0.00942663
0.13820536
-0.06513158
0.03673253
0.06349593
0.12431400
0.16418659
-0.16214091
-0.02468823
-0.07708991
0.05206206
0.02405056
0.00284568
0.03858963
0.16082075
-0.01792791
0.01165729
-0.04002581
-0.03852473
0.01996889
-0.03469211
-0.05863223
-0.01772287
0.18238477
-0.00330651
-0.03430309
-0.13624506
-0.03503516
0.20970772
0.02062593
0.14947133
0.03127133
0.11451917
-0.11857294
-0.26251740
-0.01918538
-0.05950628
-0.07733249
-0.25102105
0.36355237
-0.13462241
-0.04324543
-0.02055306
0.02346579
0.03522120
-0.11470764
-0.19141469
0.06137114
0.05252840
-0.08743261
-0.18118054
-0.01032837
0.08936107
0.00260852
-0.08137695
0.09481575
-0.04309049
0.04753226
-0.06100916
0.04352114
0.03189413
0.04211705
