-0.17717710
-0.17355260
0.00810194
-0.01816988
-0.05112923
0.07899732
-0.06523183
-0.15438151
0.06423986
0.03165433
-0.02721623
-0.17858493
0.07807890
0.02816743
-0.22006580
0.14258928
0.05416230
-0.05441414
-0.05207211
-0.06152075
0.04220132
-0.12474241
0.09939691
0.00493856
0.13623991
0.05667336
-0.01618897
-0.17051131
0.06688466
0.18478424
0.02518227
0.21256750
-0.22948609
-0.07195362
-0.06444955
0.04901019
0.07020727
0.01417453
0.11197051
-0.06878423
-0.00278102
-0.12897417
0.07075105
-0.05366319
-0.22939678
0.02780178
-0.04737451
0.13819400
0.06772212
0.04250656
0.03520636
-0.03329478
-0.04896632
-0.16527206
0.12119385
-0.07106847
-0.11627836
-0.00143976
0.24193087
-0.07829985
0.04859790
-0.01980379
0.05345305
0.15042418
0.14111906
-0.12076271
-0.03442013
0.02952921
0.08642422
-0.04897210
-0.11837699
0.15257119
0.01556942
0.02866629
-0.08115390
0.02949963
0.00729080
0.01033033
0.06430730
0.17524577
-0.05249886
0.03539375
-0.05831858
0.13019572
-0.11935294
-0.12594603
0.08245355
-0.01978676
0.03526095
-0.16749336
-0.07996937
0.16449040
0.03351377
0.08214344
0.01633919
-0.03794102
0.00100792
-0.01186702
0.00902438
0.02067777
