0.21254918
-0.18321789
-0.01012311
0.04943275
0.06424536
0.07638278
0.02016439
0.04653298
0.05840412
0.03145214
-0.00166503
-0.03407218
0.02324216
0.07680284
-0.08753985
0.09930371
-0.00881666
-0.12853696
-0.15791501
-0.07891075
-0.10607049
-0.00480721
-0.05031186
0.07061253
-0.01314566
-0.11367622
0.22575747
-0.19976874
-0.00159983
-0.01801889
0.14509072
-0.06839045
0.15961904
0.08867181
-0.04766551
0.09481230
0.05521162
0.06548322
-0.01908252
-0.02949981
0.09746934
-0.03834750
0.06015066
-0.16383725
0.08545663
0.29744642
0.14024992
0.08595990
-0.12822848
-0.09977928
-0.06913733
-0.06250859
-0.16175841
0.05470128
0.11456102
-0.03787373
0.03270935
0.08664663
-0.15024474
0.18305532
0.01870948
0.02610259
-0.14659316
0.08880787
0.03170922
-0.09665863
-0.10594900
0.05015392
-0.08241059
-0.12103691
0.03837185
0.00300773
-0.01030480
-0.11312783
-0.00408549
-0.03100461
-0.08223211
0.04653484
-0.07131131
0.23116669
0.01825783
0.15818185
-0.05180652
-0.05614127
0.14412420
0.11346935
-0.02569892
0.09854731
-0.17848684
0.00394280
0.06477421
-0.00173841
-0.02743802
-0.14185097
-0.04628385
0.13353647
0.02056875
-0.00832635
-0.07123421
0.05209449
