0.03625800
-0.00322624
-0.00596436
0.01493171
-0.07881462
0.11763456
-0.06059548
-0.07893627
0.15872331
-0.05470563
0.02795501
-0.02518133
0.04433129
0.01899791
0.04743574
0.02461695
0.10237974
-0.18168826
0.03748417
0.00042582
-0.00090247
0.21849419
-0.19264123
0.12690011
-0.04427758
0.09687920
-0.01038540
0.04229152
0.02340397
0.00332287
-0.02722437
-0.13199644
-0.04405136
0.01063191
-0.01614563
-0.14542345
-0.01348282
0.19228851
-0.01421390
0.01042466
-0.10469424
-0.06309107
-0.00898146
0.08979369
-0.00368999
0.03094539
-0.16098325
0.07508112
0.42881531
-0.13020243
0.06370297
0.20300444
0.23896912
-0.00244280
-0.05015610
-0.20235729
0.02755615
0.04605667
-0.00767917
-0.07399921
-0.13452900
-0.01620454
0.08040362
0.05854466
0.04148970
0.05485331
0.01936455
-0.03194969
0.01028976
0.07506136
-0.07298823
0.03575794
0.12588830
-0.07145272
-0.00767771
0.03557160
0.06847218
0.03924750
-0.02667639
0.03385751
-0.05153690
0.09989087
-0.07126781
0.12836219
-0.09804131
-0.16887603
-0.01874833
0.00796833
-0.14448159
0.00817692
0.09886359
0.05463689
0.05904600
0.02765069
0.24204464
-0.12107262
-0.12054522
0.06046048
-0.01528799
-0.06918025
