-0.12270427
0.10056906
0.05602472
-0.11878939
-0.05923721
0.29096701
-0.04370952
0.01800690
0.07246482
0.05333581
-0.05179193
0.11377964
0.03532071
-0.14250648
-0.07714970
-0.04810475
-0.03510098
-0.02455257
-0.02253536
-0.02760533
0.15987534
0.18339037
-0.01891334
-0.13061518
-0.06863171
0.07997485
-0.02131985
-0.01797886
-0.01319571
0.09659749
0.00976350
-0.02698823
-0.02969267
-0.00762019
0.07965465
-0.18704768
-0.13527355
-0.05552207
0.02781726
-0.02402597
-0.13348752
0.14281625
-0.04361816
0.11683276
0.03963902
0.07549830
0.02718033
-0.08617519
-0.13869853
-0.01889048
0.20364918
0.01941646
0.04775647
-0.00303238
-0.07075059
-0.04123275
0.13093678
-0.02004161
0.09394821
0.01207510
-0.02089736
-0.02733027
0.18495155
0.05788376
-0.01466388
0.20325401
-0.05847355
-0.14421431
0.02809053
-0.15672199
0.03683965
-0.06726523
-0.05386373
-0.02217226
-0.19732924
0.04656943
0.11897051
-0.06658845
0.01334127
0.08045604
-0.07277991
0.17130914
0.09893106
0.06775898
-0.13610192
-0.01898984
0.02570675
-0.04332225
0.18096181
0.00566193
0.15114922
-0.14255754
-0.12657604
0.02121316
0.10833902
-0.29267833
-0.06769388
-0.03190902
0.03387039
0.08981670
