-0.11981217
0.03755460
0.10023261
-0.08168287
0.02344096
0.00940176
-0.21753143
-0.06452922
-0.06091991
0.08797358
-0.00647725
0.08333460
-0.01137683
-0.24761638
-0.07609345
-0.10991880
-0.02974471
0.09471297
0.07092034
-0.18866360
-0.08760495
0.10307059
-0.12666392
0.15002274
0.04499089
-0.12121976
-0.02873746
0.10848952
-0.05695386
-0.05598416
-0.07313639
-0.16734159
0.03177774
0.07649200
0.09342961
0.14641476
-0.08177582
0.04944988
-0.04542109
-0.00272409
-0.09463258
0.03472568
0.10442256
0.04908424
0.06517576
0.11283345
-0.03264659
0.09221791
-0.04874089
0.01353982
-0.00106326
-0.05045658
0.12741657
-0.08450578
-0.04888468
0.00179685
0.09488153
-0.10463583
-0.02418067
-0.02411731
0.05505599
0.12967596
0.22108828
0.09744892
0.13506181
-0.08110588
0.06753394
-0.04607598
0.10659794
-0.06974823
-0.02546415
0.00460763
0.03830478
-0.16150440
0.00100934
-0.08815266
0.10257569
0.08505090
-0.24667612
-0.11217096
0.24660105
0.12153459
0.00431882
-0.17570220
-0.08543467
-0.00708072
0.17089738
-0.06290471
0.05074317
-0.14140049
0.09814064
-0.11588810
-0.00909983
0.00639837
-0.01176129
-0.10034186
-0.17414029
0.05450664
0.03905772
-0.01100264
