0.17184658
-0.07715835
-0.06049758
-0.04641718
-0.10190112
0.06390465
0.07226865
0.13833342
0.07992718
-0.18059676
-0.05281116
0.10131830
-0.04127533
-0.07311423
-0.08445964
0.11122545
0.03310954
-0.05020807
0.17560019
-0.04215606
-0.05855776
0.06135429
-0.04535078
0.05728441
-0.12654604
-0.07113996
-0.07967912
0.03206166
0.03414074
-0.05439842
-0.03081830
-0.03588477
0.01496147
-0.02312148
0.17275517
0.00022157
0.14109352
-0.26201316
-0.09773661
0.09693299
-0.01412377
-0.14596506
-0.08688012
-0.08101695
-0.15094367
-0.02668828
-0.04383017
0.04951839
-0.02903647
-0.04399346
-0.10579708
0.09549549
-0.01035279
0.09678291
-0.01661026
0.04401817
0.05981904
-0.05580107
0.14250608
0.01688026
0.13780454
0.22550319
-0.04268103
-0.10704154
0.00364341
-0.02116393
0.02192904
0.18811640
-0.15703097
0.11940037
0.02147933
0.04997179
0.07297768
0.17849696
0.04718594
-0.15078682
-0.16182797
-0.10483783
-0.06193936
0.10178984
0.09706825
0.08769639
0.00744754
0.06535970
-0.17675570
-0.00541624
-0.20786821
-0.18964661
-0.02960770
-0.02444372
-0.06154676
0.06879289
-0.08361566
-0.07988580
-0.08387416
-0.16723022
0.02746920
0.13611284
-0.03841503
0.09034898
