-0.03794506
0.05011129
-0.12046485
0.01976332
-0.07255897
-0.14530664
0.02898618
-0.14477660
0.03202342
-0.01978835
-0.05466127
-0.04017511
-0.06015911
-0.01396717
0.17194811
-0.10329734
0.09078802
0.06084896
-0.07431352
-0.00782530
0.10340750
0.06293950
-0.18418573
-0.29951280
0.00733148
0.06581554
-0.04118272
-0.01283127
-0.00945435
0.15449081
-0.08485186
0.07179081
0.01739710
-0.02705560
-0.07346633
0.17881179
0.10171013
0.05934998
-0.05090160
-0.06554484
-0.07317419
0.01063517
-0.02992693
0.06608415
-0.15876531
-0.07148917
0.01312749
-0.05169549
-0.02549010
0.16050657
0.16588923
0.01992349
-0.14704500
0.07478873
-0.18473741
0.06556637
-0.10814042
0.12324625
-0.05976985
0.00345197
0.04693616
-0.00205444
0.13237176
0.06374722
-0.02441830
-0.00120568
-0.08000562
-0.01657172
0.20219954
0.22195944
-0.27464521
0.02007957
0.18613279
0.06160030
0.03186724
-0.10169567
0.05436369
-0.02069948
-0.14331983
0.04011224
-0.14090107
0.06916710
0.09707464
0.01897886
0.01256036
0.06101366
0.08210319
-0.04242363
-0.09236779
-0.08996113
-0.01592951
-0.16468536
0.07672125
-0.00453010
-0.02300001
0.12471512
0.00530840
0.17328333
-0.08712912
0.09041418
