0.19324854
0.00014313
0.01063242
0.04001408
-0.03969357
0.06664781
0.07722417
0.09089986
0.14477730
0.15140734
0.12690065
-0.08100742
-0.08419354
-0.10007171
0.09234689
0.01729711
-0.04574872
-0.08291829
0.04431389
-0.07678716
0.06677292
0.01291580
-0.07409173
-0.00841481
0.04178027
-0.01171600
-0.02034024
0.01934830
-0.02421159
-0.11862390
0.13957231
0.21828559
-0.02173345
0.15279325
-0.13074290
-0.01405141
-0.11419180
0.09830133
-0.04968674
-0.02304795
-0.05479690
-0.19300805
-0.10897427
-0.03930573
0.11174877
0.01085491
0.06003941
-0.14180515
0.01975814
0.02500969
-0.07052609
0.04932812
-0.02764324
-0.04929873
-0.08160792
0.12187600
-0.03470022
0.11199531
0.00928895
0.00885369
0.09332667
-0.17195671
-0.08526081
-0.04138695
-0.07653635
0.10186726
0.15261124
-0.11281227
-0.02777739
0.00857015
-0.08434370
0.19748989
-0.15494047
-0.18337752
-0.13320722
0.05550446
0.02875482
0.15381637
-0.00637400
0.08508850
0.00388417
0.06458576
-0.21917957
-0.07838718
-0.00621489
-0.00944507
-0.08612936
-0.16547711
0.10125861
-0.05428585
0.05442371
-0.20548048
-0.18275953
-0.02187549
-0.09740015
-0.13573862
0.13640455
-0.04356111
0.16208965
-0.12626659
