-0.03562004
0.19339378
-0.06298559
0.01136170
-0.04675015
-0.03202185
0.12518014
-0.08210801
-0.09193670
-0.02757266
0.07812165
-0.09620133
0.09873607
-0.02708736
0.02390298
-0.01529185
-0.04530570
-0.06111263
-0.02686467
-0.00576337
0.06859631
-0.11505396
0.10177599
0.12764907
0.10401435
0.14068752
-0.00017257
-0.09869853
-0.08320338
-0.03496832
-0.03361437
-0.01278941
0.05480682
0.00134208
-0.11032058
0.13412692
-0.35415816
-0.20846810
-0.01716530
0.10568225
-0.01186444
-0.03003862
0.01189393
0.10178243
0.09571722
-0.08811261
0.06467662
-0.07059055
0.10421204
0.01692949
-0.21948816
-0.00360538
-0.03573718
0.16851856
-0.06153247
0.00804538
-0.10656699
-0.09449805
-0.07756381
-0.04274896
-0.00940262
-0.23921651
-0.04136523
0.07145359
-0.01737891
-0.08798079
-0.00308012
0.07742975
0.15009697
-0.06033799
0.04584336
-0.09634026
0.07544407
0.18846318
0.18237577
0.04445165
-0.01233301
-0.12544637
-0.08200827
-0.09702976
-0.04299223
0.02720107
0.00910069
0.08989650
0.00708754
-0.11732977
-0.02198572
0.20642578
0.01871808
-0.01154047
-0.19745299
0.01070851
0.02046523
-0.06107555
0.06459219
0.07928246
0.11639780
-0.05873895
-0.11028411
-0.21784098
