-0.01275316
0.01738544
-0.17315754
0.24503665
0.08906093
-0.04860363
-0.11719196
-0.05832118
0.05116891
-0.19052951
0.04881236
-0.19019837
0.13175427
0.02840752
0.07310205
-0.15311642
0.06161668
0.10896841
-0.15354828
0.01654793
-0.07070214
-0.04287336
0.13583446
0.00691954
0.03906565
0.05570601
0.04166579
0.13955318
-0.08056710
0.07804915
-0.11244093
-0.02663865
0.01872064
-0.16845875
-0.05810400
-0.06926506
-0.14406199
-0.20016732
0.12991744
0.01387628
0.10985691
0.10414859
-0.01493467
-0.00974594
-0.00868377
-0.26085472
-0.18694466
0.02642620
-0.09976883
0.09049648
0.03422117
-0.03974665
0.00829224
0.00276474
-0.19546790
0.10876710
0.03576356
-0.07150617
-0.00068193
0.05404098
0.00461785
0.05306757
-0.03116367
0.05409805
-0.07773007
-0.09283584
-0.10943757
-0.04317363
0.04747808
0.06067631
0.07071261
0.06948089
-0.17942131
-0.01165139
-0.10988448
-0.05147290
0.03351116
-0.13535821
-0.01708330
-0.02027025
0.10249917
0.03321094
-0.06414489
0.02633956
-0.22457415
-0.03064419
0.06259489
0.02820912
-0.26326758
0.06065329
0.06174177
0.02774112
-0.10092432
0.05733353
-0.12576759
-0.11290348
-0.06328326
-0.02591221
-0.04322295
-0.04517847
