0.07945758
0.02490171
-0.15827004
0.02541349
-0.13058421
-0.05964568
-0.08882748
0.05227248
0.02826110
0.16522368
-0.00035584
0.08203589
-0.02285971
0.12122718
0.06832769
0.03361949
-0.07093828
0.14353412
-0.04351006
-0.04671233
-0.05107837
-0.02079901
-0.17553860
0.09407691
-0.15482600
-0.05239648
0.12913118
0.20061106
-0.00979582
-0.00077262
0.03534977
-0.03670881
0.12626691
0.11777860
0.10155128
-0.02183559
-0.03862975
-0.09299166
-0.02366516
-0.06015102
0.02756059
0.06876788
0.17159726
-0.05936588
0.00047490
-0.04039642
0.25656930
0.09974453
-0.01105232
0.11019470
-0.00628371
-0.06374287
0.06149390
-0.08027959
0.00137544
-0.16581784
0.00714965
-0.17296216
-0.06590243
0.24067864
0.08307546
-0.16511938
-0.15515471
-0.01845809
0.06054572
-0.13201361
0.21897628
0.15241794
-0.02155783
0.15408010
0.06221330
-0.02439070
-0.09504937
0.08639428
-0.16632600
-0.17588600
-0.04545957
0.04986021
0.01343733
0.08915475
-0.08550567
-0.05679877
-0.12924160
-0.05250504
-0.16529306
0.11622087
0.00911730
0.01000188
-0.02408830
0.02664444
-0.01800215
-0.18619729
-0.06496530
-0.07451915
-0.00269535
0.02759806
0.10125291
-0.03447122
0.06502451
0.06016742
