-0.04596072
-0.01590323
-0.14794292
0.07876167
0.03830550
-0.04329897
0.07325347
0.17083700
-0.13075651
-0.01503165
0.01386243
0.10095189
-0.03394213
0.12207293
0.08332552
-0.02257004
-0.07481249
-0.01100436
-0.03348365
0.04380474
-0.04620405
-0.06235425
0.15293494
0.16352761
0.17722147
0.03836049
0.01370898
0.00309026
-0.10996616
-0.08662038
-0.04425952
0.07355264
-0.03257537
0.04294897
0.00960479
-0.04023250
0.08997445
0.10379218
0.00252588
-0.06535803
0.00208764
-0.07024091
-0.23623682
-0.12153965
-0.23076497
0.08506654
-0.08530303
-0.09614868
-0.20221758
-0.03554888
-0.02494783
0.13416434
-0.01851970
0.02774743
-0.18758156
0.07291552
-0.07404096
0.02689861
0.01156359
0.08508606
-0.02211151
0.03727872
-0.16460186
0.04524334
-0.07074621
0.20888800
0.06523845
-0.01098557
-0.06131061
-0.10400002
-0.10872773
0.00433465
0.04047493
-0.16300446
-0.11404425
0.09820254
0.20941930
-0.08333667
0.06517234
-0.04111287
-0.05183494
0.05842841
-0.02913518
0.09106890
-0.13413020
0.15099030
0.02744067
-0.06877077
0.08527863
-0.01999205
-0.09327394
-0.08363087
0.16961557
-0.02464119
-0.11888037
0.02978964
-0.19280046
-0.02582289
-0.14284339
-0.23162935
