-0.07217222
0.00933639
-0.08399160
0.10207691
0.05186526
0.09702623
-0.01327474
0.02221768
-0.02723604
-0.09289692
0.03173959
0.08532651
-0.06675374
-0.17392737
-0.04971313
-0.19103244
0.09413476
0.11613220
-0.07267048
0.08752963
0.10648604
0.12541246
0.33511669
-0.07881323
-0.05856416
0.02991889
0.03325596
0.00396257
-0.06964468
-0.02952163
0.07733862
0.10322893
-0.06329975
-0.12503617
0.11177811
-0.09821731
-0.10425927
0.08475502
0.07757096
-0.00837047
0.02031539
-0.07771044
0.00840425
0.09347529
-0.01271115
0.12613019
-0.18645296
0.03915598
0.03201143
0.17078542
0.08942742
-0.09599496
0.06782109
0.06933175
-0.13425342
-0.04777367
-0.00581290
0.07547679
0.09703186
0.14471592
-0.01052467
-0.10571462
-0.03628142
0.03416281
0.01757645
-0.05066666
-0.06729705
0.11229088
0.05328848
-0.06062350
0.07747401
0.07379491
0.01451706
0.09593967
-0.04564364
-0.17725158
0.20679563
0.08279351
-0.04262032
0.08560598
-0.00466658
-0.14765351
-0.04563566
-0.11571321
-0.14663493
0.08253184
0.06950329
-0.09620178
-0.03263838
0.17459826
-0.15056877
-0.09617608
-0.00183597
-0.21506907
-0.11649173
0.05949801
0.11568987
0.18420351
0.04124092
0.09334019
