0.10245704
0.16937383
0.15359956
-0.05722444
-0.01792425
0.00429159
0.02345706
0.02171518
-0.12424292
0.05846630
0.08121383
0.07764710
0.03718047
0.01213921
-0.01160068
-0.02894504
0.11383357
-0.10529730
-0.08044429
0.10798967
-0.08136590
-0.12743947
-0.05550903
0.00713720
0.13855819
0.08641614
0.03523462
-0.08642530
-0.17845921
-0.00322980
0.02238815
0.09149040
0.04818397
0.08791971
-0.09341132
0.17845849
-0.04981569
0.02103856
-0.18073196
0.13111360
0.09810289
-0.24237635
0.03073572
0.17229052
-0.10569784
-0.06321295
-0.15251051
-0.08345058
-0.04380603
0.28747831
-0.03853633
0.06341801
-0.04743376
0.04726158
0.13490528
-0.03547143
0.05709074
0.13976919
0.11292339
-0.05381764
-0.05242553
0.06237417
0.08371703
0.00385627
0.00932419
0.08719622
0.00444854
-0.14934791
0.15429770
0.02219685
-0.11720835
0.10642561
0.02495026
0.01362494
-0.11187281
-0.06077744
0.07891775
0.10772401
-0.08026830
-0.12471479
-0.00501929
-0.03505741
-0.04666718
0.20879031
0.01301605
-0.13029507
-0.00091150
-0.06742918
-0.18803531
0.06460206
0.04430271
-0.12270348
0.06976059
-0.08548530
0.20246875
-0.10247453
0.04315815
0.01668625
0.04890514
-0.10353129
