-0.14784484
0.07358531
0.00306716
-0.08951618
0.02131640
0.10835467
-0.05645552
0.03786012
-0.08162127
0.05416965
-0.03005963
0.11262997
-0.08519719
-0.08506449
-0.01923983
-0.12613167
-0.02468269
-0.05273827
0.00734538
0.18488678
-0.26022629
-0.05511679
-0.04304646
-0.08559110
-0.00167840
-0.01720678
0.12460264
-0.10332232
-0.10493974
0.06956883
0.12743999
-0.15166862
-0.14426310
-0.02591223
0.14259821
-0.03726114
0.18044285
-0.15463505
-0.16297859
0.19870265
0.00433571
-0.09022861
-0.05838827
-0.06314476
0.14957809
0.02178230
-0.03069322
0.18584698
0.14609430
0.05469588
-0.05594649
-0.03360379
-0.05799809
-0.04417415
-0.08411539
0.04070678
0.04919590
0.11175828
-0.01658004
0.03437382
0.01842750
0.09239330
-0.07711410
0.09986398
-0.00378873
0.10406763
-0.05830065
-0.06439688
0.04636678
-0.00512768
-0.12121633
-0.08858410
0.03380102
-0.02172150
0.04384633
0.03315223
-0.04764171
0.04998449
0.03170371
-0.05512872
-0.14961606
-0.17975860
0.02235741
0.09095407
-0.02079723
0.19287403
0.14862305
-0.05826651
-0.24771750
0.16542076
0.02766152
-0.18163844
-0.05613358
0.06367884
-0.03949080
0.00779850
0.05683470
0.01561587
0.21732277
-0.07874394
