-0.05566343
0.15068080
-0.07007768
-0.11638487
0.14356577
-0.07544271
-0.07911581
-0.01316354
0.10253672
-0.11563021
-0.01309255
-0.27832206
0.15828568
0.00003215
-0.02429212
-0.06166475
-0.25921092
0.13381825
0.08939648
0.02970438
0.06406934
-0.18894182
0.03566417
-0.06239787
-0.04586877
-0.06629535
0.02039492
-0.09466614
-0.01857835
0.01333327
-0.00114461
0.20924503
-0.04809924
-0.12730051
0.19600623
0.02837854
0.18035003
0.03708231
0.14712348
0.13139438
0.03118158
-0.01149686
-0.10090539
0.04538937
-0.09401783
-0.08779175
0.01151081
0.08528704
-0.08936471
-0.16615724
-0.08485745
-0.01524966
-0.23442771
-0.08845440
-0.04432045
-0.03235859
0.07150088
0.21765133
-0.04864275
0.00887314
-0.04219677
0.08974326
0.12109912
-0.01391355
0.02450092
0.03382641
0.02995486
-0.01080942
0.01126305
-0.03981654
0.07928929
-0.06095791
0.11791505
-0.03817312
-0.05882281
0.19540459
0.05304629
0.03279264
-0.08254416
0.08749577
0.03398589
0.09655206
0.01204564
-0.11139867
0.07772866
0.10610177
-0.23662725
-0.02051480
0.01024155
-0.07321280
0.03391408
-0.14580710
-0.05162711
0.02712953
-0.01556505
0.00303268
0.00354570
0.10249854
-0.06667228
-0.05955297
