0.03417953
0.12360208
-0.01899848
-0.05359564
0.27788471
0.09434860
0.05108758
-0.18568606
-0.14884912
0.12435665
0.04787151
0.08018578
0.04385494
0.01521726
-0.05309164
-0.06870950
0.06390096
0.13045367
-0.03396631
-0.04808166
-0.11542370
0.02134353
0.26022103
0.02352974
-0.09351544
-0.13826719
-0.06856510
-0.00714490
-0.15926143
-0.09985004
0.04195743
0.05154293
0.10468104
-0.07538400
-0.12138846
0.04619582
-0.02647185
0.16546702
0.05927403
0.08218371
0.14561296
-0.08901108
0.01547068
-0.00445576
-0.08265792
0.07908999
-0.01973057
0.09137436
0.08385542
-0.02478310
0.20458156
0.06400594
0.11330991
0.01761740
0.13231418
0.04707505
0.13353790
-0.13006464
0.13793533
0.04209259
-0.27140530
0.06888421
0.08391242
-0.06671204
-0.09045439
-0.13032116
-0.12825390
-0.11367579
-0.01046487
0.00147975
0.05705968
0.05928738
-0.16980308
0.11709926
0.08220227
0.11711221
-0.08989570
0.02517492
-0.07660249
-0.03818434
0.04183428
-0.07703620
-0.00679248
0.06104300
-0.00389529
-0.14616820
0.05094314
-0.02106485
0.01488063
0.19000476
-0.06561531
0.05727821
0.02192033
-0.07495431
0.06666800
-0.09922870
0.08295056
-0.05838723
-0.12700925
0.00595511
