0.13515094
0.07395287
0.15473463
0.03477862
0.07119036
0.09829234
0.08000372
0.12369117
0.00589407
0.07161102
-0.09877488
0.03604119
-0.04726436
0.02702255
-0.12380103
0.02715461
-0.02150311
-0.10997983
0.07998605
-0.26697066
0.07905844
0.13904481
-0.00512372
-0.09060760
-0.11135128
-0.01607783
0.07097209
0.18418620
-0.07180390
0.05200966
0.00959699
-0.09643116
-0.09714280
-0.04874398
0.17895872
0.01239085
-0.03947773
-0.06020444
-0.02230303
0.07117448
-0.05179492
0.19677456
-0.05716203
-0.03573402
0.04436070
-0.05692808
-0.02432569
0.14993015
0.10781102
0.29620154
0.04903472
-0.02967119
-0.09849217
-0.03684313
0.10595967
0.01790288
-0.05664985
-0.09501153
-0.03954518
0.00328636
0.00071265
0.03097191
-0.02258418
0.11821663
0.13513555
-0.00706740
-0.05899907
-0.18461463
0.07251464
-0.10184869
-0.12136545
-0.26922619
-0.03930816
0.06638738
-0.04169620
0.02968472
-0.06989670
-0.01063263
0.03871113
0.08113553
0.18946127
-0.04604744
-0.13058385
-0.05902939
0.16629228
0.11773626
-0.19304644
0.09552142
-0.13088688
0.06638513
0.04831908
-0.02344414
-0.07674084
0.06986808
0.06307708
-0.04747284
-0.03780943
0.09840995
-0.09647634
0.11986837
