-0.21570618
-0.02621915
-0.07416875
0.00941375
0.10122727
-0.03346474
-0.13762500
-0.11507809
-0.01352228
-0.03454356
-0.06467352
0.15485933
0.14961073
-0.20319695
0.05902523
-0.13416443
-0.09660350
0.02794647
0.27905598
-0.02733817
-0.05429976
-0.07436786
0.03292230
-0.02990477
-0.08477161
-0.00004160
0.14921331
-0.07172754
-0.05095048
-0.14619436
-0.16310109
0.03568878
0.08442595
-0.09023342
0.09926596
-0.15245571
0.12432105
0.14255219
-0.02632689
-0.09572407
0.05525835
-0.03120747
0.04490626
-0.08968624
0.11875250
-0.08182593
0.03257119
0.19067695
-0.05911192
0.03035450
0.26798356
0.01002815
0.04998227
0.04181680
-0.09686953
-0.01026694
0.03797100
-0.09727909
-0.08225029
0.07941766
-0.16651302
-0.12794052
0.12104858
-0.08968178
-0.05160853
0.02395178
0.04738183
0.13964604
-0.07347599
0.04160686
0.08216234
-0.00591747
0.06840114
-0.06955855
0.11715045
-0.20207488
0.06547603
0.05372001
0.06030910
-0.05602514
-0.14336838
-0.11211197
-0.13239597
0.03605915
0.08807212
0.05959664
-0.11806425
0.05676059
0.03593395
-0.04893174
0.01939179
-0.10708217
0.03138713
0.06471861
-0.03525606
0.03893267
0.03032375
-0.00754098
0.12673107
0.13540636
