0.07982130
0.10261801
0.11943321
0.03692076
-0.10840800
0.06478866
-0.06975932
0.02617520
0.16121512
-0.10414191
-0.00310085
0.12805808
-0.05291310
0.09671307
-0.05313567
-0.18473312
0.13707871
0.03391122
0.00975509
-0.19129803
0.04977864
0.02502097
0.16412693
0.04203232
0.06566519
-0.19084469
0.01568840
0.12787308
-0.03863636
-0.10976549
-0.06901690
-0.08216217
-0.02895183
0.32269003
0.21759656
-0.09303652
-0.02044254
-0.13359535
0.08318996
-0.10475652
0.14406188
0.08747855
0.14086151
-0.03044677
0.07727504
-0.01055532
-0.16676460
-0.01645306
-0.02081315
-0.01556455
0.02734671
0.02484333
-0.04957768
-0.02402360
0.05854443
0.08007863
0.13849934
-0.20308738
-0.09320747
-0.00382833
0.10458829
-0.07845955
-0.06756325
0.17110244
-0.07139868
-0.10686057
-0.03750258
-0.04987013
0.01022885
-0.04983378
-0.07281572
-0.03252609
0.05596202
-0.02171646
0.02813137
0.05032463
0.02774224
-0.04335221
-0.02001755
0.09337742
-0.13153659
-0.08237561
0.24857731
0.01025504
0.03850581
-0.04798824
-0.13123552
0.04974397
-0.01348388
0.04371231
-0.06913623
0.08278184
-0.05749758
-0.11028654
0.12926395
0.00060209
0.18311942
0.06987839
-0.01720483
-0.12332670
