0.10022576
-0.09003816
0.00726007
0.02980381
-0.04121202
0.01858066
-0.04826913
-0.08248794
0.07737729
-0.04173091
0.01870534
-0.01091736
-0.07862099
-0.02103451
0.11324884
0.16423583
0.10446718
0.01201175
0.06718356
-0.09668311
0.06063451
0.13402697
0.08098748
0.23143370
0.23405273
0.09033018
-0.14306775
-0.27142582
0.19650539
0.11662756
0.06532869
0.10480014
0.01494741
0.10460696
0.06866033
0.05409177
0.16977833
-0.10077394
0.03914885
0.12114167
-0.02874388
0.05238507
0.04086725
0.11784015
0.00085761
-0.03961089
0.03430739
0.06514779
-0.03800379
-0.07852974
0.23509591
0.03542825
0.17875573
-0.07510409
-0.04794251
-0.01311114
-0.00695532
-0.05080163
-0.09124912
-0.09629153
0.00490855
-0.03859914
0.15311632
-0.04242398
0.11048714
-0.05186534
0.17819083
0.01688478
0.12728817
-0.03717593
-0.09094144
0.00714532
0.09380149
-0.07779484
0.00408774
0.02102040
-0.03777346
0.03655782
-0.07917215
-0.00624726
-0.12627314
-0.15376492
0.13168334
0.02192951
0.04438625
-0.05566944
-0.01106550
-0.12056080
-0.15819507
0.23315414
0.13548770
-0.02102135
-0.00302998
-0.04348321
0.00071214
0.13955401
-0.08605129
0.13082503
0.08690470
-0.08119385
