0.03622442
0.15268058
0.01605793
-0.00733926
-0.15665791
0.02000801
0.12451497
-0.08573578
-0.00218095
-0.04485214
-0.07515361
-0.20915762
-0.04992928
0.29187374
-0.06641473
-0.00881599
-0.09549060
0.01396952
0.03812684
-0.16115375
0.01089025
0.09135353
-0.06753617
0.09802047
0.05952463
-0.08433219
0.03199118
-0.09260396
-0.13853091
0.03331997
0.11577809
-0.01223824
-0.01268910
0.11969330
0.00985056
0.04222972
-0.13122988
-0.03786503
-0.01914817
0.06390730
0.08193734
0.22572997
-0.06567904
0.01778482
-0.03778170
-0.08978462
0.09053518
-0.18605576
-0.03226225
0.10432224
0.10263223
0.02830880
0.07617931
-0.09820859
0.18019717
0.00624318
-0.01695888
-0.07111401
0.01546285
0.07414748
-0.06733441
-0.03653621
-0.06921032
-0.00341683
0.14024046
-0.03739091
0.03691250
-0.08804133
-0.03498384
-0.18086822
-0.01407552
0.13421821
-0.00776517
0.01861026
0.00094167
0.03228341
0.30651952
-0.01111389
-0.09129168
0.09678275
0.01849435
0.05640847
0.17065588
-0.03107896
0.07231985
0.11957591
0.11382499
-0.06226758
-0.20265507
0.17227494
0.12387588
-0.09891874
0.14337638
-0.01678253
0.05596192
0.00483744
0.17179083
0.05053320
0.05168908
-0.05495194
