-0.19032725
0.06482166
-0.03257366
-0.06037348
-0.00780976
0.00624689
0.20471186
-0.14599887
0.09820286
-0.03681052
-0.00396711
0.00937989
0.06950192
0.03266790
0.09693397
0.05076846
0.09005004
-0.03348724
-0.05571797
0.03096621
0.08361346
-0.02903912
0.01358238
0.14404890
0.07189034
-0.07664224
-0.01547235
0.06705132
-0.12783709
0.00874913
0.08272651
-0.14768526
-0.14750027
0.07103207
0.02692082
-0.27483729
-0.07896500
-0.05365730
-0.06891275
0.23511388
-0.00366662
-0.02281021
0.07569879
-0.00170880
-0.13773536
0.01041333
-0.00679830
0.20399994
-0.03517392
0.08037152
0.05999297
0.00302110
0.06993139
0.08164028
0.00465828
0.03162119
-0.03199821
0.09794752
-0.03112007
0.03221908
-0.08375599
-0.10070384
-0.12871278
-0.07599687
0.10905393
-0.18050399
-0.16106028
0.17966479
0.07067804
-0.02631893
-0.11297866
0.13910873
-0.12916734
-0.26446889
-0.14294987
0.05249269
0.01102472
0.05103231
0.01967698
0.19631868
-0.17676944
0.04251766
-0.03897631
-0.06525334
0.04254575
0.04932088
-0.00377057
0.04197145
0.11352062
-0.13809285
0.06534623
0.11429475
-0.07082528
-0.12868484
-0.09924348
0.00715472
0.03046501
-0.09244239
-0.11450108
0.06532846
