0.12729595
0.05901319
0.10243178
-0.02618351
0.04643027
-0.11121921
-0.06680129
-0.07660500
-0.04561536
0.05940812
-0.12399617
0.14226992
0.08492802
0.18581816
0.01171845
0.04367911
0.14624123
0.01097147
-0.02148518
-0.06830186
-0.04532675
0.07524460
0.00449120
0.01347913
-0.13339961
0.01766066
0.18148684
0.07292089
0.09175820
-0.00258868
-0.16568837
-0.22555404
0.06626198
-0.09503683
0.04251696
0.07300868
0.05752848
0.09985495
0.11643468
-0.02773381
0.08408840
0.18135940
-0.28785402
-0.12068043
0.10365879
-0.04180073
-0.10317236
0.04086799
0.01824860
0.22216002
-0.04180488
0.04957371
-0.16298692
-0.06645776
-0.10097995
0.12975079
0.01102899
-0.04723422
-0.09950050
0.06566835
-0.17212685
0.10708293
0.02322285
-0.00536658
-0.13110373
-0.22586713
0.02577064
-0.20607444
-0.00292302
-0.00596629
0.00242916
0.00430239
-0.06421315
-0.01536332
-0.02349488
0.07578946
-0.04951918
-0.11131660
-0.12383250
-0.13247644
0.09777272
-0.06808680
-0.04500439
-0.06543806
-0.04839705
-0.07775527
0.09025296
-0.04168296
0.08707765
-0.04936520
-0.02566342
0.06357913
0.15845616
0.09438572
0.13451625
-0.00745825
-0.06651246
0.02530113
-0.10903447
0.09329013
