-0.07003510
0.10546282
0.08505369
-0.08233006
-0.06416223
-0.00362472
0.11798471
-0.11211960
0.17152075
-0.08493450
-0.04526501
0.06201758
-0.13648602
-0.15763145
0.08939175
0.10208740
0.10705738
-0.23278579
0.04610019
-0.11537894
-0.00173048
-0.16677411
-0.10230574
0.10709204
-0.03722783
0.09936205
-0.07485434
-0.18677266
-0.19820197
0.10751713
0.08970908
-0.03730028
0.02884138
-0.05773985
-0.11677669
0.08597841
-0.16163784
-0.06596862
-0.02238324
0.01685769
-0.14623884
0.17588407
-0.00474973
-0.03509714
-0.15709558
-0.15783844
0.00094760
-0.00647209
0.05755620
-0.08837962
-0.11897296
-0.08093219
0.00721222
-0.10121314
-0.08604800
-0.10500948
0.04166811
-0.06469613
-0.03546031
0.00996146
0.28220429
-0.04133458
0.08691500
0.14787843
-0.09558363
0.02041622
0.03007126
0.09195490
-0.01631535
0.15823850
-0.10148703
-0.00085994
-0.07737342
0.05373821
0.08663009
-0.04612844
0.01982242
-0.02506219
-0.06651373
0.07337992
-0.03080609
0.18913454
0.11938288
-0.09500954
0.05958764
-0.10619953
0.09952907
-0.13520272
-0.02009116
0.08713346
-0.04758895
-0.01889178
-0.00484683
0.15419703
-0.01640773
-0.00898835
-0.11215925
0.04621198
0.09656927
0.09000644
