-0.10444254
-0.03231116
-0.05816389
-0.03519198
0.07996844
-0.01737885
0.05204225
0.11769469
-0.16443704
0.05053523
-0.07317303
0.01808413
0.00482883
-0.06530159
-0.02145865
-0.04901478
-0.12304872
-0.03208332
0.13519191
-0.19077763
0.10445950
0.01208002
0.00139977
-0.04678639
0.12851411
0.05126386
-0.04828001
0.06045517
-0.00168501
-0.00452728
0.10167065
0.04679904
-0.09518401
0.00957188
-0.14676024
-0.08653146
0.11419532
-0.08604149
0.16719870
-0.02634456
0.09550942
-0.01567803
0.08966182
0.02687933
-0.04220043
-0.16685749
-0.02397421
-0.33371222
-0.08619228
-0.04988914
-0.04895026
0.14168938
0.07920565
0.03954613
0.02733571
-0.27462390
0.15103884
-0.02991311
-0.04705930
-0.07245002
0.13430958
-0.03807276
0.12742643
0.03523679
0.04859778
-0.00688447
-0.06749903
0.03055432
-0.04536396
0.03696140
0.08804474
0.05637011
-0.01456257
-0.10884723
-0.01450579
0.22739739
0.01492372
-0.14555715
-0.03442088
0.13333143
0.28403113
-0.02282516
-0.07033525
0.01470892
-0.05251645
0.01876652
-0.04786367
-0.14833877
0.01654008
-0.01241818
-0.19506440
-0.02637987
0.11831573
-0.14557495
0.03061288
0.06776408
0.10604534
0.16666575
0.06234348
-0.03615999
