-0.20008239
-0.03682767
-0.22122472
0.03388135
-0.06873389
0.00693152
-0.00620183
0.11019033
-0.01464066
0.04490682
0.03341115
-0.01996232
0.11033065
0.01695172
0.07003515
-0.02304339
0.14524398
-0.00963971
-0.07312779
-0.16921293
0.03848706
-0.02503728
-0.10431755
-0.08296570
0.04768675
-0.02622679
0.05226513
0.02155466
-0.19975736
-0.04823033
0.12102004
-0.04936451
-0.01538689
-0.04085502
0.16713935
0.07092097
0.04374042
0.08965983
0.06567974
-0.00020932
-0.02835415
0.11132316
0.12789092
-0.04482116
0.09271586
0.01948034
0.13779912
0.08343830
-0.08655443
-0.01430875
-0.10337462
0.17227967
-0.05244704
0.05860619
-0.11683654
0.03135537
-0.15996642
0.14884775
0.02192840
0.26311504
-0.25897325
0.10121826
0.09148194
-0.05798455
-0.00586819
0.15304330
-0.11739520
-0.02063484
0.05748626
-0.00546729
0.04224453
0.01037800
-0.05247262
0.05244718
0.12433169
-0.17059010
-0.18764222
0.05265789
0.12420069
0.07028507
-0.04899049
-0.04370088
0.01419035
-0.01167236
0.08803620
0.06581954
-0.16043422
0.00250546
0.07656942
0.17239115
-0.09105005
-0.06448353
0.03992729
0.06668310
0.05466581
0.19716982
-0.17845081
-0.01509718
0.08319842
0.09849251
