-0.07612142
0.19690943
-0.26101549
0.02920552
0.06947934
0.18994592
0.07358725
-0.04846452
-0.00085798
-0.00360573
-0.09193583
0.09205310
-0.15525944
-0.16800130
-0.04201975
-0.02178433
-0.15102828
0.02942149
0.02014638
-0.02873752
0.17801355
0.05262611
0.04055781
-0.06339950
0.00586794
0.06616173
0.15726569
-0.11681499
-0.12717417
-0.01219228
0.04340414
0.09583200
-0.16114701
0.03507895
0.04553437
-0.00839592
-0.03081001
0.05797423
-0.03221582
0.01482245
0.04612683
0.03921608
-0.07402030
-0.00831509
0.04567867
-0.18667946
-0.11695676
0.01076476
0.01643406
0.13670345
-0.04880836
-0.11537468
0.08632219
-0.05758366
0.26454524
-0.00717629
-0.08837237
-0.00874413
-0.14129134
-0.11859851
-0.07251146
-0.09669350
-0.08925972
0.01002691
0.00732419
-0.06605247
0.10219550
0.06825700
-0.10947155
-0.00764098
0.04134005
-0.00241689
0.04686400
0.18726772
0.08246636
0.12720600
-0.08059034
0.09242815
0.00569953
-0.08711275
-0.09614940
-0.02544460
0.24164671
0.10186503
-0.05186091
-0.13694423
-0.12019949
0.02381813
0.15931693
0.00344942
0.03438936
-0.14883077
-0.02072641
0.00140362
0.08233900
-0.20888722
0.13099924
0.01405476
0.02069127
0.08659381
