0.09908654
-0.23089584
0.10163613
-0.01369823
0.03140292
-0.08166898
0.00459673
0.09416325
0.02015532
-0.13794780
0.17510957
0.02806539
0.05466533
0.05055839
-0.03214874
0.07954559
0.05514479
-0.02201967
-0.11249866
0.01245963
0.13412689
-0.00968580
0.00885458
-0.09884352
0.06066710
0.14671870
0.10179559
-0.20369231
0.10317510
0.03251472
0.00094294
-0.07192682
-0.00476933
0.14938209
0.00098191
0.04038573
0.09739262
-0.01919325
0.00557433
-0.03882973
-0.16075736
0.03954826
-0.05122851
-0.13318352
-0.01919436
0.00845721
0.18295148
-0.01482386
-0.12404077
0.16454383
0.25640910
-0.03528642
0.03264515
0.15652009
0.17404304
0.21778929
-0.06023882
-0.03104460
0.03652757
-0.08619803
0.13657498
0.06173228
0.01366448
0.00513393
0.07713237
0.02416766
-0.02288839
0.08848564
-0.09799386
-0.01036468
0.05969389
0.04525504
-0.05671572
-0.12762451
0.10172673
-0.00785417
-0.13629983
0.17719442
-0.13169827
0.13505786
-0.05924452
-0.12157375
-0.07422030
-0.05445534
0.17449537
-0.03967662
0.04593998
-0.12790870
-0.08187557
-0.11699351
-0.06577597
0.22090130
0.13393158
-0.04025497
0.05728583
-0.00926471
0.04169928
-0.09558715
-0.10581994
-0.01784492
