0.19704123
0.10482590
0.09600512
0.08055607
-0.07018671
0.00105667
0.01657019
0.02187555
0.17523553
0.04048569
0.02465533
-0.07889016
0.00057842
-0.04144686
0.02086976
0.00641671
-0.04698253
-0.15231896
0.11259982
-0.02317860
0.11986655
0.16864946
-0.17143555
-0.13571875
-0.05959683
-0.00701662
0.16484080
0.08035081
0.02474728
-0.11861563
-0.07862132
0.03507462
-0.10546353
-0.12000594
-0.04549124
0.13756901
0.11200335
0.20647240
0.09689887
0.14798733
-0.02740063
-0.05469733
-0.06486914
0.00016178
0.06574040
-0.06875862
-0.08338890
-0.30457209
-0.02227247
0.05206216
0.09944832
-0.21303708
0.02094272
0.04060581
-0.19911674
0.03710411
-0.10804240
0.12394809
-0.07123523
-0.03377653
-0.07666307
-0.02302617
0.14669656
0.04235917
0.01067729
0.18710856
-0.13950043
0.00981361
-0.07028543
0.01527586
0.08232056
0.04881444
0.12322775
0.10527959
0.02039437
0.01828256
-0.01349715
0.03711941
0.03040826
-0.09849212
0.03697644
-0.01663133
-0.19807930
0.04371669
-0.09408924
-0.08252282
-0.01127589
-0.07592525
-0.14714866
0.00802054
0.07652775
-0.07894349
-0.02346378
0.02929708
0.01294933
-0.07037204
0.15345051
0.09960832
0.19450599
-0.01979528
