0.00501479
0.03089576
-0.10401836
0.03266415
0.05766019
-0.03008329
0.00695021
0.03941397
-0.10115691
0.08872118
0.09221932
0.04109481
-0.07920290
0.07813943
-0.18863881
-0.01863197
0.05690985
-0.11001709
0.16527810
0.09068053
0.05277340
0.10940261
0.19609970
0.12619513
-0.08795801
0.15763564
-0.00101558
-0.05543270
-0.03429405
0.04629683
-0.12525965
0.01254256
0.09209215
0.01886742
-0.00939697
-0.01778939
-0.01237206
0.07157545
0.16553840
0.00475628
-0.09445511
0.00335658
0.03520349
0.08625301
0.03312754
0.13268677
0.11298094
0.01237042
-0.05834853
-0.16323484
-0.16240938
-0.11187155
0.09504866
-0.00064869
-0.10053440
0.09486340
0.03527533
-0.14299347
0.14908246
-0.12008079
-0.07023687
-0.14255602
0.05806407
-0.13794892
0.01544528
0.00582900
0.05841281
0.13862131
0.18135344
-0.09938897
0.07599567
-0.17496499
0.13046311
0.10665907
-0.14049289
-0.00965457
-0.14402895
-0.10015088
0.00763479
0.11872732
-0.10519503
0.01232971
0.08041733
0.16531522
0.12173896
0.05241992
0.07967370
-0.01620673
-0.06059553
-0.08051124
0.04837762
0.03886826
-0.22092545
0.01382928
0.21178316
0.12588830
0.01384268
-0.03982437
0.21351312
0.01109542
