-0.04156598
0.08050493
-0.13350157
-0.30358504
-0.19536194
-0.04561726
-0.01585735
-0.08419638
-0.01013646
0.18833828
0.17441745
0.10143013
-0.01627364
0.12061378
0.00574886
0.08874042
0.04897957
0.15556567
0.04793402
0.00652749
0.07058991
0.11080338
0.05470209
-0.04867727
0.15779039
-0.11581744
-0.06080113
-0.00586703
-0.02660821
-0.15004060
-0.06861069
-0.14694745
-0.08609735
0.03472158
-0.11182351
0.02522935
-0.08705496
-0.03181215
0.02196096
-0.21193906
-0.08529003
-0.14367343
-0.01783624
0.09328262
-0.01579306
0.03354954
-0.11211666
-0.25003422
0.12548566
0.06735608
-0.10498771
0.05493837
0.10672668
0.07350506
-0.07132006
0.01449654
-0.05196388
-0.12610656
-0.07351529
-0.03611937
-0.02739646
0.09110061
0.17883718
-0.00341459
-0.00316379
-0.00336481
0.07463428
-0.03930286
0.05102164
0.15938666
0.07055919
0.16671164
0.03900654
-0.01266051
-0.05274095
-0.08241027
-0.01184674
-0.03228319
-0.12166241
0.07702053
0.00336807
-0.03365588
-0.01347139
0.11904210
0.06077628
0.00661138
-0.04579485
-0.16572240
0.10288031
-0.13396796
-0.18442701
0.13637777
0.02428152
0.01345188
0.00254677
0.08969499
0.08102756
0.10318309
-0.13037143
0.07817107
