0.06142784
0.04102190
-0.08004112
-0.12217858
0.05470449
-0.05690503
-0.03003338
0.07295630
0.02732512
-0.06920846
-0.14854669
0.03608025
-0.11458359
0.00140425
0.07443952
0.12289693
-0.17528532
-0.04819888
-0.05993314
0.06875554
-0.12270985
-0.08006285
0.11375009
0.04580770
-0.04957080
0.03701729
-0.03043764
-0.04613205
0.04182267
0.06191900
0.10825696
-0.11849334
-0.14394904
-0.05537869
0.03884854
0.16158304
-0.04918488
0.02337962
0.06278261
0.03916486
0.12295806
0.13746002
0.16108369
-0.03474616
-0.06430075
-0.10966555
0.35449019
0.02543050
0.11517838
-0.18405796
-0.09653323
0.03284501
0.02363620
0.06726587
-0.03452463
0.13047609
-0.16753438
0.08936068
0.00926343
-0.04068768
-0.09531334
0.18969569
0.06333617
-0.07161841
-0.03875960
-0.24249743
-0.16988578
0.01441741
-0.09346163
0.16554479
0.01064788
0.18284576
0.00013576
-0.10900786
0.01165594
-0.05628401
-0.06038798
-0.04012343
-0.00972684
0.02068623
-0.12767045
-0.05308845
0.04859950
0.18837749
-0.02273243
0.09980116
0.12298168
-0.06010186
-0.09616549
0.04626183
0.07524222
-0.02706396
0.00357798
0.02214962
-0.08864119
-0.00010125
-0.03879217
-0.22502115
-0.02828120
-0.01880290
