0.09089819
0.06294817
-0.10470331
0.14568805
-0.12453334
0.12859402
-0.06423973
-0.06669762
0.00516786
0.04671354
0.00033895
-0.02378474
-0.13377590
0.03132335
0.03775532
0.08240447
0.02500705
0.00295798
-0.00055238
0.00583674
0.04838182
-0.08865265
0.16498784
0.01445842
-0.01419252
-0.00614349
0.04496783
0.00019621
-0.09712851
0.03784373
-0.22298828
0.01735852
0.05637153
0.00204165
-0.04407208
-0.00067505
0.03763271
0.04256143
-0.02824282
-0.16141336
-0.03351855
-0.07776024
0.14528915
-0.02381486
-0.06523169
0.02747764
0.33768043
-0.10072037
-0.15141616
-0.15739154
0.24895733
-0.12887609
0.02218562
-0.16737279
0.03546464
-0.06673579
0.09085449
0.00620269
-0.04801366
0.02846417
0.04892574
0.01816748
0.01597450
0.03129332
0.00227054
-0.06208368
-0.01474408
-0.09743066
-0.01522465
-0.21732504
-0.02426067
0.09872956
0.00514213
0.15385039
0.07392159
-0.09547098
0.01638934
0.00565375
0.05087670
-0.03730874
-0.13124929
-0.07443472
0.10124784
0.05220132
0.12245934
-0.02177702
0.03253293
-0.23366636
0.21189343
0.05882605
0.03153664
0.06501774
0.04963323
-0.07628743
-0.21084137
0.04700750
0.04560042
0.07951101
-0.23221054
-0.15131234
