0.21438936
0.08594026
-0.18792803
0.08860555
0.11804296
-0.04652290
-0.00751206
-0.02287589
0.13416299
0.02689836
-0.06071040
-0.17294192
-0.11236116
0.05803379
-0.05511698
0.01301292
0.07220616
-0.02397642
0.02425435
0.04953207
-0.10084845
-0.14396071
0.14622410
0.06119247
-0.15294760
0.11850472
-0.03618556
0.14905831
-0.09443724
-0.12853448
-0.14984905
0.07105983
0.00363088
0.04182699
0.14536979
0.10115307
0.04354703
-0.16492526
0.13709173
0.03644921
0.11372682
-0.07077943
0.20824800
0.00889887
0.06407542
0.02541175
-0.29653475
-0.05082522
-0.06580428
-0.27234653
-0.09187464
0.01633249
-0.03622814
-0.04649589
-0.01819488
-0.00803935
-0.10789818
-0.13842599
0.07488638
0.01495191
0.09835717
0.01662861
-0.00939868
-0.01445559
0.13596612
0.08684908
0.11434322
0.04341453
-0.08445014
-0.08665442
-0.01469623
0.05091439
-0.02225219
0.04837787
-0.01873457
0.02385321
-0.03463383
0.01487756
0.10239943
-0.14731177
0.02885219
0.08979416
0.01165489
-0.12019960
-0.16998728
-0.02176169
-0.04201395
-0.06755288
-0.01630443
-0.08103842
0.06737717
0.13520677
0.06103352
-0.04730830
-0.00831684
0.04876428
0.01331657
-0.25492172
0.03255208
0.01722923
