0.01603336
-0.11074775
0.25749100
-0.09003097
-0.09432936
0.00401428
-0.02781288
0.09300378
0.07517505
0.10502587
0.09026617
0.09415401
-0.18518433
0.04425734
-0.11302736
0.02780280
-0.06004669
0.17973775
-0.17627882
-0.03131692
0.07158180
-0.00792356
-0.12129797
-0.03456448
0.11562405
-0.18813147
0.05588842
0.06916411
-0.13342191
0.13552367
-0.14544893
-0.05657728
0.15018238
0.07134660
0.03745835
0.02514778
0.02831032
-0.12547335
0.22523400
0.08854855
0.04075366
-0.04405859
0.09033243
-0.14277088
0.02769352
0.07458711
-0.12002059
0.01291471
-0.03243841
-0.01064250
0.08021223
-0.04421490
-0.13852039
0.10867147
0.09040603
0.05033566
-0.05992996
-0.10141990
-0.04454342
0.02350427
-0.05756399
0.09357294
0.01760153
-0.01925912
-0.01054813
0.09711563
-0.07239636
0.00886770
-0.02852373
-0.02535664
-0.27158522
-0.01576429
0.08961945
0.09604973
0.14781759
-0.14430230
0.16574294
0.03396453
-0.01564979
-0.07854862
-0.11407277
0.11947626
-0.03679747
0.01489117
-0.05543229
0.00956401
0.09496290
0.06154195
0.03871616
0.13743951
0.04956374
0.16170543
-0.05156828
0.11200567
-0.14193489
0.12854225
-0.08993721
0.12913693
-0.03953328
-0.09691764
