-0.00495626
0.09180515
0.00339100
-0.04892982
0.01350111
0.02746000
0.03519237
-0.05926808
-0.09894734
0.10075958
-0.04274076
0.02659274
-0.20462424
0.01101615
0.15668558
-0.03884072
-0.00882740
0.08835951
0.13832569
0.01303847
0.13250270
-0.00579851
-0.14138817
-0.03317848
0.02977891
0.01394447
-0.00142447
-0.00379726
0.06082372
-0.01228820
-0.22506925
-0.01699210
-0.05983543
0.07382909
-0.05586937
-0.18983476
-0.06652358
0.00242449
0.18116122
0.03025665
0.02881343
0.06872318
0.14645866
0.23642840
-0.04087036
-0.19427466
-0.00879308
-0.02272730
-0.03998795
-0.18850276
-0.15784203
-0.03930908
-0.10873876
0.16059988
0.15516396
0.15423088
0.08602769
0.10965224
0.14929569
-0.18014428
0.23227028
-0.02705589
-0.08084300
-0.00229972
0.01185849
-0.04393763
0.03260098
-0.16803986
-0.02543777
0.11883842
-0.03838334
0.02829677
-0.06526708
-0.07366873
-0.02918210
0.16820737
-0.00842635
0.08460909
-0.05370526
-0.00775296
-0.14448947
0.03174779
0.14290443
-0.06620515
0.12023998
-0.01540777
0.13154021
-0.04386638
0.09776637
-0.10248404
-0.07904439
-0.02141019
0.09555912
0.00713331
-0.04801733
0.01510632
-0.16806407
-0.01035647
0.05193805
0.17283038
