0.03821631
0.13738171
0.00085834
-0.17325386
-0.02611145
-0.02587465
0.17527736
-0.03539350
0.09446234
-0.06741295
-0.21796339
-0.17751915
0.12605655
-0.01647842
0.01318846
0.00993203
-0.12987218
-0.06000355
0.14627396
0.11969927
-0.17251231
-0.04431360
0.01194325
-0.04258336
0.03495555
-0.22002890
0.07198465
-0.01990372
0.05744627
0.16169652
0.04943054
0.06797950
0.12113798
0.11731374
-0.03417601
-0.03115266
0.01195350
0.00667572
0.09477888
-0.04566219
-0.01831174
0.02441172
0.09705493
-0.09209352
-0.03189956
0.04633681
0.04083179
-0.00195676
-0.06390759
-0.13289486
-0.27482385
0.03006766
-0.07708158
-0.00159476
-0.08291537
-0.15215825
0.03176313
-0.09541899
-0.13890590
-0.07126916
0.02396171
0.01656347
0.04236433
0.12344248
-0.00329562
0.11100166
0.09884665
0.04240661
0.08617856
-0.04316533
-0.02356615
-0.05069092
0.00836685
-0.08521535
0.06086592
-0.08867862
-0.27919690
0.00543355
-0.01003806
-0.15704091
0.19104817
-0.22555573
-0.00735479
-0.11757127
0.07952746
0.09221077
0.10770555
-0.01394923
-0.02867872
0.05826828
0.00690561
0.00603787
-0.00275623
-0.06338221
0.11415636
0.18414294
-0.11707189
0.06652641
0.12055879
-0.00459983
