0.01059486
0.03400079
-0.06166926
-0.14467295
0.02445220
0.04654962
0.02780492
0.00702709
0.07264519
0.23692271
-0.05478248
-0.07154636
0.09372511
-0.00818791
-0.15043758
-0.17753968
0.06526437
0.02672274
-0.16448440
-0.07149128
-0.09656755
0.05019727
-0.07605311
-0.10973369
0.00393201
0.08395416
0.05125637
-0.08771954
0.00708196
0.00899896
-0.06505249
0.05937653
0.08817258
-0.01399274
0.02693069
-0.02578758
-0.03015512
-0.01217629
0.16857558
0.06474653
-0.07174186
-0.05687486
-0.13335954
0.02452149
0.07341500
0.03051199
0.14038476
0.20825250
0.09612822
0.03735546
0.12143239
0.06209334
0.29950992
-0.26169489
-0.09082221
0.01092527
0.26438063
-0.06159630
0.02844304
-0.01064110
0.05579987
0.08330044
0.00577266
-0.11192489
-0.06752608
-0.00721988
-0.12028020
-0.02258140
-0.01928984
-0.07120502
-0.13798467
-0.24785688
-0.02218251
0.11209085
-0.08428346
-0.01351935
-0.08611295
0.02275297
-0.16700182
-0.08857847
0.01733722
-0.19316869
-0.11314779
-0.00169532
0.11420717
0.01602910
-0.00108526
-0.02118670
0.05639453
0.02983504
-0.02488567
-0.08248379
0.05620325
0.16040990
0.11659753
0.01434734
0.02365419
-0.14538484
0.00151236
-0.06331399
