-0.07670291
0.03572061
0.03822464
-0.00298784
-0.17464849
-0.08247319
0.11640484
-0.07715152
-0.09686989
-0.12430567
-0.12571421
-0.06085722
-0.06464993
-0.01552914
0.03180268
0.01686439
0.04929796
-0.23583764
0.08871216
-0.09446613
-0.03225263
-0.00373109
0.12826400
0.01445020
0.07079861
0.07226757
0.00603426
0.16843820
-0.01076741
0.13213803
-0.18142739
-0.01141042
0.20945560
0.05183314
0.03345256
0.14713560
0.06852848
-0.04079189
0.10093437
-0.08201934
0.13214121
0.15288917
-0.04911475
-0.00726704
0.24835782
0.11446653
-0.04750965
0.17266534
-0.06302792
-0.19600230
0.00556828
-0.05647514
-0.01698212
0.00703647
-0.25537803
-0.03722539
-0.01443990
0.21495977
-0.07304217
0.04068929
0.09457186
-0.03738974
-0.04550662
-0.01503593
0.11544842
-0.01436539
-0.12129208
0.11698309
0.09830531
0.00491371
0.03322015
-0.08184835
-0.08812698
0.08837338
-0.03896023
-0.11053923
0.02954711
-0.03822867
0.20013280
-0.04937026
-0.03286994
-0.04935757
0.00900579
0.08606917
-0.09171852
-0.01520382
0.10646156
-0.06193454
0.08580157
-0.18075441
0.07176279
-0.00813006
-0.03927576
0.12858497
-0.00751723
-0.10093222
-0.03668029
-0.19053266
-0.04044994
-0.00959257
