0.07576622
-0.07267066
-0.07886878
-0.11949175
-0.04050105
0.00931234
-0.05507916
0.04070667
0.05592958
0.10655743
0.07819444
0.13511379
-0.11198242
-0.03667648
-0.04997436
0.11843836
0.05013465
0.00048544
0.07899561
-0.08843394
0.13416335
0.02103796
-0.04596034
-0.08484328
0.32805503
0.03113094
-0.09046235
0.08077456
-0.10292131
0.07491941
0.03431233
-0.12896941
-0.07116127
0.07011249
-0.09698946
0.13649680
0.15025502
0.12603056
0.01503220
-0.16581462
0.08254970
0.05691166
-0.06867269
0.09549532
-0.00875017
-0.10232954
-0.20817883
0.03904178
0.07456348
-0.17594776
-0.11372803
0.08352721
-0.06785974
-0.05165547
0.00674774
0.01304549
0.08200425
0.08682325
-0.09040001
0.05277225
0.07709646
0.13352001
0.04308746
-0.07820235
-0.31363688
-0.02444989
0.02750715
0.11881973
-0.20496602
-0.06713430
-0.05550033
-0.04122238
0.01876153
-0.00295133
0.06124168
0.07230606
-0.09179613
0.06710888
-0.17616696
0.13660098
-0.08925630
-0.00970707
-0.04379716
-0.10536025
0.13384853
0.06054673
-0.03783852
0.00929811
0.16047898
0.03995141
0.13451812
0.01805728
-0.06439908
-0.11866428
-0.08355526
0.05130101
0.03038966
0.14470275
-0.08809091
-0.04756372
