0.03145537
-0.01149692
0.00980083
0.14214749
0.22732240
-0.03894920
-0.03433074
-0.14010507
-0.19619701
-0.16209098
0.22610584
0.01700750
-0.01544565
-0.02162339
-0.12767937
-0.13061416
-0.03814592
0.08047102
0.00512113
-0.21385835
-0.10390966
-0.02849969
0.07914731
-0.07935373
-0.04081735
0.16347721
-0.20508774
0.01712765
0.02376689
-0.15334555
0.06605747
-0.00867091
-0.03451183
0.05973937
0.25695837
-0.05718378
0.01813373
-0.13958105
-0.03321309
-0.02998811
-0.00086395
0.01096936
0.10083504
0.15813229
-0.16362974
-0.09922344
-0.02324798
-0.12203117
-0.04659487
-0.18144720
0.00027546
0.09737955
-0.01385826
0.07362117
0.09978092
-0.06966402
0.05843974
-0.13898582
0.01928463
-0.04709149
0.08349628
0.08887280
-0.08548788
-0.06309988
-0.04043843
0.11260435
-0.09740334
0.05378144
-0.12043890
0.06782214
0.06647883
0.01672618
-0.05578995
0.00040503
-0.00830297
0.00926765
-0.11154045
-0.03952224
-0.04102367
0.07550675
0.09611740
-0.13103174
-0.05035638
-0.18966908
0.14689926
0.00472087
-0.14513997
-0.02090333
0.15982864
-0.08600333
-0.09437839
0.00523170
-0.07600277
-0.03485968
-0.10559052
0.01896239
0.07428424
0.05790624
0.13680808
0.07975883
