0.10900280
0.01803929
-0.00865182
0.02710969
0.09382199
-0.04293835
0.13430822
0.07302136
-0.14640830
0.05096094
-0.05357594
0.00208042
-0.10401601
0.05185624
0.25598965
0.12140590
0.02182487
0.11987329
0.02997381
0.05511101
-0.06810156
-0.03094310
0.00802937
0.04637540
0.04262588
-0.05582448
0.11497370
0.13996553
0.12252208
0.08115729
0.08472297
0.04254729
-0.08911326
0.05434033
-0.09110911
0.11949273
0.16936000
-0.16353169
0.03068250
-0.11363529
0.08823379
-0.03512536
-0.19798762
-0.09102505
0.05354278
-0.01518930
0.06300499
0.06826648
-0.02094150
0.19689871
-0.06058491
-0.03840805
-0.11294301
0.04402238
-0.02976653
0.04623152
-0.22877001
0.02253102
0.07727073
-0.02526151
0.09766977
-0.05257048
-0.24246135
-0.03401989
-0.03152114
-0.05154428
0.18683479
-0.01301887
-0.21033748
0.02281241
-0.00674581
0.19360374
-0.05161564
0.12562364
0.02062086
0.03348310
0.13492302
0.02162156
0.04306296
0.01509449
0.02114868
0.12418345
-0.10240190
-0.11251932
-0.08754514
0.27835602
-0.00869165
-0.00056773
-0.15721224
0.08933297
-0.03985181
-0.03429207
-0.01293737
0.01669514
-0.00887884
0.05115970
-0.11824100
-0.01246028
-0.03238993
0.18115060
