-0.05311136
-0.02543947
-0.04072201
0.03784361
-0.07045605
-0.09934496
0.00642285
0.00038465
-0.14064944
0.15210700
-0.21306106
-0.00911110
-0.01570750
-0.11888238
-0.02154931
0.13991471
0.09757915
0.05882409
0.03027904
0.06293302
-0.04287976
-0.03742189
-0.01857171
0.01317127
0.01954123
0.02053025
-0.03487254
0.25854972
0.21939639
-0.01674264
-0.01134918
-0.10838396
-0.03917002
-0.09253531
0.03552249
0.05840694
-0.13795366
-0.03952357
0.02906269
0.04792577
-0.02070927
-0.23103685
0.11219666
-0.04158879
-0.12662817
0.16275815
0.24487773
-0.14259852
-0.00898494
-0.01427952
0.15872716
0.13066214
-0.07944260
-0.00959319
-0.03719891
0.07913938
-0.26668177
-0.09751279
-0.07746610
0.07389649
0.06348967
-0.00888302
0.09521078
-0.11759424
0.00363846
-0.12476978
-0.11513262
0.10440640
0.08716084
-0.06103199
0.11784715
-0.03228966
0.11142977
0.01355324
0.00170217
-0.03468204
0.14993274
0.07358517
0.02752592
0.08865273
0.06056473
-0.04236468
-0.12553325
0.13888002
-0.18296507
-0.01366017
0.05464185
0.09328765
0.07827478
0.04602898
0.06293467
-0.08504302
-0.12508378
0.03633300
-0.01607620
0.14979254
0.07323381
-0.06587241
0.16162717
-0.05226776
