-0.08027934
-0.09270795
0.14275582
0.06266617
0.08565306
-0.22117485
0.09303399
0.21814208
-0.02559506
0.15750952
0.02093137
-0.15677657
0.01726902
0.05173839
0.01858089
-0.01605990
0.19964134
0.18003287
-0.01218512
-0.02473028
0.03613842
-0.03605027
-0.01091691
-0.03639326
-0.09099318
0.15497087
0.00316799
-0.01269603
-0.04350776
0.03447628
-0.00738883
0.03143953
0.02634082
0.06368386
0.06004379
-0.08247579
-0.07952005
-0.05978387
0.12646995
0.23779945
-0.01396671
0.06919955
0.06858499
-0.03639697
-0.06522631
0.00434119
0.08441344
0.05716051
0.10777011
0.05355200
0.13489964
-0.01072971
0.08514727
-0.03863677
-0.01679614
0.05811854
-0.06302988
-0.01789271
0.03243970
-0.11401150
-0.26372623
0.15054706
-0.04779059
-0.00288482
0.20194371
0.01201618
-0.19224162
0.04682230
-0.06608344
-0.00965592
-0.13528564
-0.02155730
0.11487859
0.05428253
0.00453913
-0.10979176
-0.10413763
0.03045293
0.11527065
0.07097419
-0.00769259
-0.10703973
-0.00693449
-0.14893259
0.10301852
0.09771770
-0.00273092
-0.04282645
-0.26632374
0.14469727
0.07739251
0.01525008
0.03617451
-0.25586317
-0.06472667
0.00863729
0.02574569
0.07723845
-0.03538919
-0.06876961
