-0.12670610
-0.04547584
0.01096840
0.03209358
0.06314917
-0.01196560
0.07594208
0.06639554
0.01993431
0.05792918
-0.12215278
-0.01493799
-0.02080805
0.04059161
0.10789933
0.06628702
-0.03638290
0.17745792
0.01835758
-0.06084785
0.04224833
-0.10409100
0.08263759
0.10276610
0.14363555
-0.16627508
-0.07649398
-0.15027494
0.01146254
-0.05380323
-0.04487748
0.04371984
0.02067144
0.05004069
0.02905183
0.00667415
0.01829452
0.02890560
-0.08330036
0.04907976
-0.06408639
0.05696067
-0.03798944
-0.03204567
-0.02981885
-0.06746078
0.09081026
0.26007698
-0.08879326
-0.19136335
-0.08934064
-0.03249919
-0.09898918
-0.24953873
-0.00681551
-0.02749787
-0.09915745
0.15431369
-0.12515062
-0.10500127
0.19517871
0.13552623
-0.01511505
0.07741779
-0.07618961
0.04131247
0.05376794
0.10454161
0.12533787
-0.09795364
0.07024053
-0.12038218
-0.06565963
-0.02616009
-0.06803248
0.02477605
-0.07155387
-0.12140029
-0.04612334
0.31784691
-0.17628419
-0.01387899
0.01578767
0.04187111
-0.02344412
0.05690650
-0.03904054
-0.08908873
0.08037111
-0.18984042
-0.16647575
0.02636864
-0.05626206
-0.03650033
0.14130685
-0.20938246
-0.05692303
-0.16785010
0.06733504
0.05447362
