0.01997599
-0.06189077
0.15791720
-0.13358919
0.02847636
-0.16135088
-0.04483210
-0.03567084
-0.01939176
-0.19425690
0.05920296
0.16487121
0.02838916
-0.06638245
-0.03460037
0.02443206
-0.03990261
-0.04661960
-0.02423752
0.06112160
-0.16957705
-0.05883958
0.09339160
0.07541177
0.06631223
0.05070097
0.08125977
-0.07276157
0.03208734
0.04398723
-0.10165881
-0.12121460
-0.11133064
-0.04470715
0.10997773
0.01396859
-0.04706806
-0.00384317
-0.12481509
-0.10558544
0.10148304
0.17301268
-0.01555832
0.00079690
0.12337710
0.02422384
0.13724337
0.08374306
0.09895579
-0.08815692
0.17498602
-0.02339664
-0.18559120
-0.04777460
-0.13049386
-0.03842937
-0.08963704
0.00939433
-0.14088707
-0.01370821
0.02168944
0.13680326
0.05355107
-0.12754618
-0.17422683
-0.05235271
0.12759943
0.18929113
-0.00013636
-0.01992183
0.00258528
-0.18314223
-0.04838908
0.13140639
-0.02471411
-0.04038755
-0.07034106
0.02061066
-0.02312852
-0.10706413
-0.11832742
-0.06255430
0.22772104
-0.10738160
0.07675865
0.04760321
-0.05318077
-0.15993762
0.14454051
0.01186544
0.16046004
-0.20107229
-0.03104928
-0.17482381
0.04368689
0.06031718
0.18689532
-0.01518309
-0.03741773
0.01319751
