-0.18409722
-0.19333226
0.02534860
-0.20666965
-0.05854378
0.06579341
0.11550852
-0.13275856
-0.05400189
0.00850371
-0.06679991
-0.05477489
-0.01792313
-0.00934989
-0.05710469
-0.06842631
0.02803376
-0.10562990
0.03297779
-0.12569855
0.08745489
-0.29418715
0.10413129
0.02697881
-0.03251838
0.04045786
0.00258959
0.03733880
-0.01303226
-0.09718806
0.05796692
0.15503429
0.13257344
0.13077893
0.05919158
0.03543571
-0.01658090
0.10270505
-0.12888000
0.02548481
-0.10057040
-0.06628625
0.06352995
0.10679886
0.11223930
0.00382578
-0.00047052
0.04178645
0.08744750
0.11375549
0.25766230
0.20403889
0.02544613
0.04335282
0.00206348
0.03639208
0.05124726
0.08627080
0.14544710
-0.05699970
-0.09815746
-0.06383273
0.03162783
0.09034626
0.08459756
0.04404174
-0.06503146
0.03430684
-0.08582910
-0.12069257
-0.14341324
-0.04220170
-0.01687773
-0.12557848
0.13986368
0.10142458
-0.25984535
0.08926755
-0.04746435
0.04965306
-0.05111472
0.01411502
-0.05487967
-0.08744719
-0.02165872
0.06893029
0.15207686
-0.00600064
-0.10534013
-0.01026883
0.03347311
0.02343172
0.16972842
-0.11947926
0.06305658
0.07273890
-0.08751688
0.17390193
-0.11213337
0.08978640
