-0.00552420
-0.12454024
0.07247175
-0.05971201
-0.10272558
-0.11821835
-0.03480088
-0.00106228
0.09321199
-0.08206602
-0.11473698
0.03932964
-0.04967369
0.10045144
-0.00614608
0.10568805
0.05554036
-0.05569604
0.18672329
-0.00901247
-0.02804994
-0.01676426
0.15112710
-0.00581981
0.10481011
0.01528662
0.17251595
-0.11846287
0.03145538
0.14359602
0.05337021
0.01854906
0.03401491
0.16534433
-0.16059958
0.01693588
0.05885264
0.07941394
0.12504666
-0.31835295
0.10597599
0.01359966
-0.09977232
0.19483408
0.03414685
0.06856646
0.08594980
-0.15489169
-0.15202748
0.08679964
0.07804991
0.05975857
-0.03186088
0.05730998
0.01114378
0.07503534
-0.00654209
0.11703982
-0.05484299
-0.12551437
0.02717803
-0.13030963
-0.05027906
0.05542416
-0.08661726
0.09699441
-0.06360523
-0.03672923
-0.06754561
-0.12348246
-0.08443616
-0.03678707
-0.13253742
0.22311631
0.24519974
-0.08332055
0.00019606
-0.06227715
-0.11128469
-0.19069245
0.11844020
0.03006779
-0.01349639
0.02040714
-0.14548395
-0.13605388
-0.03567712
0.08712281
-0.09016398
-0.02213606
-0.03917097
-0.15900007
0.02666660
0.08901364
0.02870223
-0.06055724
-0.02517290
0.10558148
-0.06448062
-0.02848648
