0.77071920
1.34289550
2.95075217
4.02205535
1.48170082
2.39737540
4.99370911
1.65483677
2.84571641
4.41512501
2.07727636
1.70494546
2.69223723
4.41699952
3.98605288
4.25322734
3.02996152
2.82746733
2.18993072
2.54715862
2.23656547
7.65064033
1.74284592
0.95308597
1.41467308
2.46828034
2.07223051
3.49022421
3.64319673
1.94555984
1.43220558
3.22603207
4.03071248
0.53414940
4.60283473
7.69010396
1.62473010
3.20826866
1.69957279
1.69083623
2.53119327
1.67398118
4.19160285
2.00941822
9.85545426
1.64732601
1.40697864
1.39082392
3.11981420
1.88261797
4.08735979
5.35120877
0.78905071
3.07679891
-1.01874226
2.44749237
3.43888935
3.25252857
2.74595914
4.57812811
2.22321198
1.41917417
2.16843470
2.88869242
1.15822172
3.03241275
3.85814103
2.20040553
0.96919041
3.57884320
-21.35535355
2.74160530
1.73412446
2.02143456
4.74606301
2.84559411
2.66758623
2.10629255
1.90227679
1.75640496
1.34354497
3.65753198
4.50633944
1.40476156
8.43583404
1.96481516
2.28452801
1.47326522
1.38436638
4.72174713
2.03940271
4.24698745
3.71451411
4.25759958
1.59518152
0.86424754
2.23999653
1.49561359
6.92286949
2.56148097
