-0.03665403
0.05879288
0.04005193
-0.14239324
0.15427977
-0.07575215
0.18595341
-0.02619100
0.06914775
0.05865409
0.13016746
-0.11002047
0.10410323
0.11273187
-0.16872829
-0.12436900
0.10039406
0.07361133
0.02134100
0.18439074
0.10933616
-0.18204167
-0.21301345
-0.03833992
0.06178108
-0.06018205
0.02159524
-0.05255572
0.00963034
0.05006871
-0.02720593
0.11546793
0.16157446
-0.02934087
0.00501165
0.01518997
-0.08011368
-0.00384777
0.00040784
0.02572685
-0.11403963
-0.01224309
0.01087033
0.01301981
-0.10165829
0.09390622
-0.00389677
0.09433581
-0.02801273
-0.07983797
0.00883386
-0.10464780
-0.13907949
0.26482706
-0.06628636
-0.06577321
0.06033478
0.08623338
-0.15236202
-0.01514674
-0.18691082
0.13920958
0.02346594
-0.00528802
-0.10953506
-0.07362980
0.00917017
0.17251701
-0.00034466
-0.05688513
-0.02807982
0.08915367
-0.31613199
-0.01822228
-0.09977681
0.04194452
0.11013057
0.02550523
0.07723750
0.02940904
0.02533767
-0.07507457
-0.08822101
-0.08586960
-0.02358605
-0.11055932
0.00084795
0.01903807
-0.08026443
0.13876787
-0.13271412
-0.04147750
0.04238577
-0.02128022
0.10343749
0.12535911
-0.16921921
0.05300330
-0.14600546
0.03216909
