0.09130218
0.10332592
0.06402822
0.14261811
0.04834994
0.10205106
-0.04938905
-0.04210574
-0.03491999
-0.13497760
-0.08330945
0.20133237
0.04515078
-0.14043152
-0.00359954
0.14225814
-0.09502133
0.01294375
-0.02007628
-0.09935227
-0.01540486
0.23738289
0.13712419
0.03061530
-0.13490151
-0.03128620
0.02392766
0.03290932
-0.01964072
0.07323273
0.01188242
-0.06778826
-0.02144671
0.00175407
0.10866276
-0.00756014
-0.11616823
-0.10252737
0.27699408
0.05902069
-0.01780300
-0.16293297
-0.05255592
-0.04171464
-0.05139608
-0.07027052
0.00494690
0.09019482
-0.00841867
0.13459609
-0.14754621
0.23897707
-0.12013237
-0.06562428
0.05074807
-0.06512002
-0.26257510
-0.05652820
-0.12759411
-0.15016551
0.07818669
-0.02081522
0.06349665
-0.02537610
0.03802648
0.07084659
0.07907263
-0.10889770
0.00381556
-0.13477257
-0.06600038
0.03975868
-0.21671073
-0.06366733
0.01541245
0.07835710
0.03627367
-0.04086109
-0.03389137
-0.07466753
0.09419401
-0.17925711
-0.17189678
-0.02918743
-0.11440224
-0.03861486
0.15809937
-0.04575729
0.01406137
-0.02946917
-0.18556078
0.00747519
0.03777395
0.10759118
0.06900573
0.05844196
0.09082881
0.02302416
-0.01672981
0.02038873
