0.06108280
0.00328415
0.17170158
-0.09142401
-0.09003904
0.14805871
0.03361271
0.07343482
-0.22270749
-0.16228266
0.05828229
-0.09168614
-0.16254091
-0.07828475
0.16515709
0.16293465
-0.04053364
0.06080060
-0.06682593
-0.10277552
0.01675179
-0.02982841
-0.07058061
-0.00119440
-0.15065077
0.09888906
0.04066870
-0.03210801
-0.04848780
0.02234755
0.03756617
0.04178574
-0.00542836
0.09312500
-0.03776732
-0.04613577
0.23314597
0.12726973
0.03411062
0.01369250
0.07332704
-0.02140965
0.05960765
0.02304415
0.12832600
0.18895695
0.02543244
-0.07780423
0.01286970
-0.07851391
0.10231804
-0.07767200
-0.04622118
0.04719555
0.00596058
-0.10255650
0.12529461
0.01097397
0.06401767
0.06619549
0.18290580
-0.02173989
0.13786717
0.04283466
0.10992220
0.19012306
0.13790395
-0.03009526
0.12763221
-0.14423534
-0.08019943
0.01559147
-0.11857851
-0.12770629
-0.07399048
0.15143736
0.15913836
-0.11061765
-0.00094839
-0.11951060
0.00992603
-0.01607757
-0.05333940
-0.00446913
0.15684746
-0.12601801
-0.04849058
0.16234613
0.23200114
-0.00677626
0.06664680
0.10174061
0.06907599
0.01289776
-0.02464869
0.04972382
0.10016645
0.10195291
0.06372423
-0.11904223
