-0.17583714
0.00299805
-0.02695712
0.06780862
0.21561552
0.12200522
-0.03840262
-0.11112889
-0.09398898
-0.08426119
-0.04149681
0.21984270
0.14266201
0.17019546
0.12768225
-0.05492481
0.08577047
0.11288132
-0.07298636
0.03180766
-0.00261668
-0.22337556
-0.02703391
0.02551615
0.01700452
0.11631262
-0.12109209
-0.09589593
-0.15905130
-0.08196782
-0.05679864
0.16424488
-0.06722811
0.15531933
0.09683367
-0.00957489
-0.13815410
0.10707548
-0.01495525
-0.16297591
0.01723245
0.00655864
-0.07931125
-0.14476593
-0.07037111
0.18135968
0.06495733
0.00646569
0.08180380
-0.00735101
-0.05014780
-0.05708023
-0.03587655
-0.18402266
-0.00736279
0.07484197
0.17425672
0.21935929
-0.00126991
-0.07184275
-0.03725452
0.08388351
-0.16115964
-0.09494903
0.01084982
-0.00048357
0.02861205
-0.03717400
-0.15004109
0.02586263
0.03505492
0.00571145
0.10558102
0.10881154
0.10250025
0.01093744
-0.00576802
-0.08434664
-0.04751604
0.06229104
-0.12296919
0.03174159
-0.01608203
0.02801151
0.06319789
-0.17624572
-0.01971506
-0.02735832
-0.00659468
0.10722830
0.06867279
-0.08632563
0.00627098
-0.06765188
-0.01676589
0.08252885
0.04402711
-0.11007446
-0.21959768
0.07782784
