0.05477029
-0.26399773
-0.18380979
-0.08648923
-0.02526849
-0.18863345
-0.03828232
-0.06932129
0.11751681
-0.01948702
0.03350979
0.03854630
0.15559987
0.16732414
-0.03300310
0.04424806
-0.08032916
0.01880074
0.06312214
-0.03660044
0.12531620
0.08566062
0.07855122
-0.04793512
-0.06276211
0.05079544
-0.12102983
-0.06270882
0.04298491
-0.00928242
0.03725308
-0.09035686
-0.08101513
0.13034538
0.06119483
-0.03056928
-0.02534796
0.12037488
0.04658771
0.10957220
0.14716624
0.01721799
-0.13408527
0.07640315
-0.04291168
-0.17113620
-0.10502501
0.03299798
-0.15658780
0.05553959
0.07792595
-0.05559459
0.00092754
-0.11095497
0.01147433
0.06729253
-0.14295175
0.06439871
0.17117913
0.18854337
0.02720074
0.06910071
-0.07950858
-0.07430983
0.07857836
0.02404062
-0.19223077
0.09652206
-0.09070745
0.01691964
0.03214447
-0.04443294
-0.12577985
0.08790379
-0.08809371
0.15941004
-0.05579265
-0.08004389
-0.07118180
-0.08257739
-0.12266686
0.16419386
-0.03977419
-0.19554766
-0.10984255
0.14712545
-0.10361940
0.20660222
-0.07389576
-0.09353062
0.03581285
-0.07077976
-0.07378460
0.10306975
0.05571417
-0.10913877
0.03903783
0.07294337
-0.07067014
0.09551365
