0.05589543
-0.05411803
0.12104654
-0.05880754
0.03672209
-0.05140272
-0.13364390
0.17803248
-0.05383364
-0.13405439
-0.05146682
-0.25552527
0.00530395
-0.06951761
0.16072342
-0.08071795
-0.06933977
-0.10206475
0.05595877
-0.03336151
0.00061693
0.00152835
-0.06805710
0.03263243
0.00851330
0.11178704
0.04253309
-0.12298264
0.08827300
-0.09588651
-0.09017380
0.08644817
-0.16801963
0.22067116
0.06517926
0.08663946
0.01027784
0.10904371
0.06266241
0.19336881
0.06707747
0.03254189
-0.07699059
-0.01769679
0.07246144
0.02728165
0.02675909
0.12165136
0.04649614
0.07640206
0.23347862
0.00781559
-0.00032877
-0.13571714
0.15063193
0.11250149
0.01262300
-0.05026498
0.01651343
0.00981890
-0.11302434
-0.03590334
-0.10012139
0.02742357
0.10145064
0.00033723
0.05586029
-0.10605921
-0.02094677
0.01869770
-0.00303565
-0.09555633
0.02392084
0.02426554
0.24223959
0.05373704
-0.17435373
0.10420168
0.03160706
0.25388139
-0.05169268
-0.01006352
0.19015474
-0.11514223
-0.00346841
-0.11123645
0.01875546
0.18347440
0.06153060
0.17498487
0.04536839
-0.09788175
-0.02280375
0.09983511
0.01830954
0.15991944
-0.02097975
-0.02074278
0.05593702
-0.02021831
