-0.00619234
-0.03536372
0.17712569
0.01211954
-0.17345362
0.10138327
-0.06538853
0.17208011
-0.05927848
0.09205401
-0.00893302
-0.18557172
0.01632895
0.05244846
0.05494643
0.06559187
-0.02567132
-0.16970790
0.02925854
-0.11015900
0.11223728
-0.04043837
-0.12309683
-0.06981264
0.12348857
-0.03893794
0.01024310
-0.03321797
-0.00673993
-0.01856939
-0.05374471
0.17282815
0.06695946
0.07508854
0.16196715
0.10799008
-0.04107621
0.11755585
-0.06504565
0.10505439
-0.00030594
0.00263653
-0.09332517
0.05793910
-0.19763783
0.05039968
0.08783106
0.06754225
-0.02108081
-0.00491749
-0.02968760
-0.08035395
0.08397360
0.11019531
0.11405780
-0.03868180
0.03144086
-0.01058122
0.01720739
-0.03253513
-0.05075974
-0.17559695
0.03085871
-0.01814693
0.06124473
-0.04144146
0.03959217
-0.16014651
-0.02078862
0.06947779
0.12193471
-0.00148081
-0.03675520
-0.03768911
0.04972545
0.29240430
0.14792587
-0.04953513
0.10156845
0.16138231
-0.23343966
0.12663535
-0.04333521
0.20525627
-0.01333705
0.08352114
-0.03198363
0.11890397
0.12248280
0.03302389
0.05549582
-0.06604284
0.04144723
-0.03601372
-0.14063280
-0.18258930
-0.01161668
0.09944848
-0.22806522
-0.04535170
