0.09025519
-0.02085801
0.05020897
-0.12434374
0.01658157
-0.03410028
-0.03754553
0.01158776
0.01836273
-0.13655383
0.20801773
0.00960699
0.10457787
0.12624987
-0.14677845
0.07474091
-0.10963310
0.00105362
-0.16289085
0.02997061
-0.12464541
-0.08297743
0.11915727
-0.17777905
0.11915318
0.04704135
-0.02162266
0.15269556
-0.03982056
0.14942908
-0.11472804
-0.02874200
0.03891786
0.06476816
-0.01828169
0.10779028
-0.02973732
-0.14327132
-0.00790811
0.05554978
0.22930465
0.03379317
0.25406509
0.02261256
-0.00924862
-0.10134440
-0.11548473
0.01319892
-0.03840488
0.10261088
0.13765181
-0.00632734
-0.04264607
-0.12715751
-0.00669306
-0.13981167
0.06650116
0.02337854
-0.13198959
-0.16270456
0.04671793
-0.11938673
-0.04484097
-0.05386981
0.05810685
-0.01362351
0.03772091
-0.02717286
0.06466034
-0.01545523
-0.04926326
-0.03648012
0.08675820
-0.04184967
-0.06352315
-0.06621484
0.17130396
-0.16606837
-0.01596412
0.18744332
0.02984494
-0.02241309
-0.06686411
-0.11156816
0.08919137
0.05018310
0.23647181
-0.00582869
0.09436869
0.00231049
0.03942095
0.05038902
-0.10942062
0.04872613
0.14152754
0.12999114
-0.07512418
0.02342466
0.24234083
0.08259061
