0.19715227
-0.10485035
-0.06354054
0.16361200
0.05679383
0.04210543
-0.01470673
-0.09383683
0.07944898
-0.09273121
0.09012833
0.13115243
-0.19707585
-0.18115865
-0.07551476
-0.02990224
0.08167488
-0.13003930
0.10881018
0.06979967
0.01271808
0.11020071
0.00055261
0.15352074
-0.01077451
-0.03022421
-0.05844417
0.04142198
0.13371007
0.05996076
-0.08126579
-0.08652611
-0.10068634
-0.08801146
-0.01289922
-0.01341401
0.10471449
-0.05042542
-0.15389710
0.15427245
0.01244441
-0.07520157
0.00742308
0.14582105
0.05931453
0.17518134
-0.05772484
0.01172428
0.01346523
0.19320458
-0.02515030
0.16588620
-0.09831020
0.02909112
0.01169418
-0.13800026
-0.13150565
-0.14111687
-0.11623306
0.01555256
0.01206456
0.03313832
-0.08861223
0.05903023
-0.08771652
-0.04440751
-0.07517712
0.06215639
-0.09341468
-0.12154487
0.03789607
0.03551087
0.06636518
-0.04670922
0.04946840
-0.00280679
0.09076275
0.26138387
-0.04110223
0.08752907
0.08942697
-0.01088867
0.02941374
0.05419138
-0.01467645
-0.13627596
-0.13046657
-0.11587004
0.04254943
0.02598704
0.13753841
-0.01523797
0.14351038
-0.09220088
-0.23810392
-0.09680225
-0.04989347
-0.19886560
-0.03282828
0.06795925
