0.08782045
-0.29762238
0.06717232
-0.12251844
0.05020897
-0.06355424
0.10825483
0.15470223
0.04175807
0.12093324
0.03105611
0.11532736
-0.01796531
0.07073084
-0.03974083
-0.10722057
-0.01150225
0.09756674
0.24949181
-0.14973454
0.08834501
0.05915737
-0.08970235
0.11446497
0.05621187
-0.08327342
0.03719344
0.03629275
-0.00651987
0.11776490
0.03929125
-0.07090098
0.13817014
-0.00122020
-0.05100913
-0.00312103
-0.15589813
0.05504218
0.09977454
-0.06061455
0.05186194
0.06760710
0.11468261
-0.09759886
0.02849878
0.06089678
0.08057998
0.18984707
-0.02668382
0.08296498
-0.07849338
0.03782340
-0.12035373
0.07845615
0.11809051
0.09294858
-0.01321247
-0.04810701
0.06804787
-0.11159957
-0.03938211
-0.03966861
-0.06876610
0.13525324
-0.10216302
-0.16374414
-0.12283281
-0.09114477
0.24406330
-0.03616248
0.11145729
-0.10457723
-0.04521010
-0.03515020
-0.06872012
-0.16945875
0.09331551
0.02971563
0.01996970
0.13877136
-0.10051555
-0.09241482
-0.05501811
-0.14188930
-0.03515546
-0.00110821
-0.07024436
0.15113469
-0.06800998
0.04777287
0.14066979
0.06588612
0.20236084
0.03095172
0.12270214
0.02560447
-0.03892601
0.05550006
0.07058214
-0.09593726
