0.01568354
0.13310388
-0.12772886
0.03815044
0.04562590
0.00540389
-0.07028937
-0.10479870
0.00436880
-0.04584673
-0.01002453
0.09071928
-0.04963265
0.03846664
-0.02135997
-0.04229466
0.03055590
0.01113800
-0.03517423
0.02827263
0.07047765
-0.00660666
0.19551653
-0.04603547
-0.28611481
0.02058926
0.14782391
-0.04714118
-0.05449594
0.03107264
-0.21796346
0.20981444
0.04020936
-0.01387548
0.00221498
-0.03182723
-0.15170022
0.05224320
-0.09632921
0.05899134
0.05640523
-0.07817685
0.16381099
-0.05829832
-0.09174745
-0.06190472
-0.04017411
0.00639281
0.05620395
-0.05250887
0.09467987
0.02768867
-0.04807409
0.10210564
-0.05278861
-0.02362935
0.01837667
0.00485039
-0.02465672
0.10884098
0.04182198
-0.08664422
0.14394817
0.17738212
0.05223244
-0.12301188
-0.18313840
-0.06892911
0.19409999
-0.19645220
0.03557411
-0.14525427
0.12578852
0.19520866
0.21869921
0.05901691
-0.09793181
0.01683065
0.08717542
-0.12698742
0.04815357
0.10663849
0.15049400
-0.16725037
0.10267808
0.08913405
0.04112973
0.03222988
-0.19321729
0.06773134
-0.02824813
0.09037901
0.02973173
-0.04236737
0.01360464
-0.15412985
0.07648934
0.04553974
0.00830951
0.11797092
