0.16413507
0.05506910
-0.01531834
-0.07431818
0.00765074
-0.01450032
0.08501037
-0.09650366
0.13667760
-0.12982415
0.12702378
-0.00760823
0.07072939
-0.07531385
0.04404086
-0.00209862
0.02998455
0.15124410
0.14879992
0.01075423
-0.15886743
-0.03475145
-0.11345758
0.12348892
0.14888375
0.04392342
-0.01414355
0.08329881
0.00062168
0.05007693
-0.15710257
-0.04095471
0.00732493
-0.04539662
-0.03550281
-0.00566063
-0.15712719
0.04945135
0.07210235
-0.22612663
0.00887650
0.07684696
-0.02898896
-0.17653158
0.11441932
0.02342184
0.14575043
0.07587919
0.09606541
-0.11064639
0.10726450
0.00850793
0.02929116
-0.06137803
-0.02671867
-0.22621831
0.26529503
-0.19563328
-0.09558132
-0.14197588
-0.00044509
-0.07236585
0.06310387
-0.08785797
-0.11644966
-0.02462781
-0.10231358
-0.04972279
0.02564099
0.01361542
0.13948819
0.04256883
0.13960607
-0.09497122
0.02366538
-0.09519919
0.02254727
0.08518796
0.05868608
-0.04532507
-0.15682479
0.01052804
0.03583099
0.00989938
0.04317590
-0.11788043
0.01109797
0.05918151
-0.05367559
0.00708460
-0.09900477
0.22768648
-0.03751056
-0.10629754
0.07476544
-0.18701946
0.13699015
0.16759847
0.04027741
0.00710400
