-0.08750872
-0.04527411
0.06840088
-0.17451600
-0.07250646
-0.10859160
0.09022251
0.11568341
0.13552593
0.03716657
0.02565148
-0.04117434
0.01347137
-0.10427838
-0.01102915
-0.08343982
0.17688658
0.23947612
-0.02894759
-0.04249149
0.00864134
0.08082191
0.10129299
-0.09257172
-0.07797162
-0.14549315
-0.00108585
-0.10149624
-0.02514870
-0.01774769
0.22666964
0.12792870
-0.09592589
0.04192013
0.10762697
-0.03696935
-0.02599837
-0.04905647
0.11994551
0.04658421
0.06191043
0.12552808
-0.06483752
0.01230202
-0.25892618
0.13851213
0.07676198
0.11183895
-0.00532614
0.11964788
-0.11547830
-0.07372221
-0.06785566
-0.13333779
-0.02561904
0.08036005
-0.02171863
0.16158719
0.07915571
0.02582459
0.00764409
-0.08508261
0.19888803
-0.04365911
-0.03617743
0.02542710
0.09003139
-0.01844388
-0.12583894
0.10180758
0.10157317
0.01841383
-0.04487685
0.01198279
-0.05013837
0.08398895
-0.01905633
-0.00768294
0.02671591
-0.03860271
-0.11525564
0.10084955
-0.06117545
0.28283809
-0.03835692
0.14109483
0.01299048
0.14790944
0.04609605
-0.07297667
-0.08929703
-0.06105669
0.14311348
0.10039534
0.02270644
-0.02265142
-0.20135275
0.14206166
-0.11241202
-0.00660600
