0.22611455
0.03914107
0.02137266
-0.14734614
-0.10268678
0.01508861
0.14858229
-0.16607744
-0.02188850
-0.12187855
-0.03681684
-0.02905151
0.03010378
0.09795726
0.04899120
0.03293239
-0.03180254
-0.00895122
-0.10085102
-0.00661186
0.07575453
0.05495786
0.00680018
0.10282595
0.20305811
-0.14402131
0.11259118
0.11110655
-0.17985220
0.02771668
-0.12015542
0.03083157
0.01197878
0.07153396
-0.08266046
-0.01342221
0.03518505
0.07001024
-0.04308755
0.11677834
-0.16748529
0.01752557
0.19196476
-0.04770462
-0.03116725
0.00701096
-0.04428368
-0.05773326
0.13537990
0.07286877
-0.24008779
0.03727197
-0.01464359
0.03541753
-0.12209392
-0.00577499
-0.03652535
-0.13430269
-0.03724021
0.14579865
-0.04013953
0.00195110
0.00274495
0.01603378
-0.01926498
-0.12436625
0.04709020
0.04280289
0.04716519
-0.04942471
0.07850258
0.04952946
0.04689473
0.07951102
0.03317839
-0.14455668
0.03968968
0.23376645
0.03207088
0.06409707
-0.05725492
-0.05968163
-0.00035804
-0.07323602
-0.01460702
0.01945821
0.21279278
0.12175099
-0.02550643
0.18305808
0.07275404
0.00017974
0.05858059
-0.16820782
0.08906559
-0.02934853
0.09921744
0.22163910
0.06951071
-0.27319957
