-0.07761009
-0.08514837
-0.10831295
0.13176285
0.02002945
-0.06910475
-0.06281729
-0.20602819
0.13117628
-0.01577846
-0.09510182
0.23393912
0.07426884
0.10802632
-0.04028067
-0.02372069
-0.06987202
-0.01019427
0.10309635
0.17926359
0.06636148
-0.02817906
-0.11834718
-0.00892572
0.06486043
-0.16552606
-0.17865975
-0.12949403
0.10552171
-0.10044030
-0.11492900
0.16582050
-0.01670992
0.08640720
0.06329515
0.07815919
0.09645124
0.04388340
-0.07255471
0.10269113
0.04203655
-0.03726248
-0.04846896
0.03272734
-0.06968802
0.09944171
-0.10499804
0.00665033
-0.10686528
-0.14359269
-0.04372237
0.18860726
0.01426315
0.06217323
0.17992735
-0.07060179
-0.10668985
-0.04677152
0.01919656
-0.01915911
-0.02085378
0.06168761
0.21361399
-0.05573395
-0.05181210
0.08109387
-0.08866673
0.10888932
0.06999179
-0.10449860
0.00719280
-0.06302228
0.02830895
0.04284424
-0.13941187
0.14635114
0.20761914
-0.18401407
-0.04375177
-0.02962672
0.09827231
0.16231571
-0.09739254
0.07778662
-0.12255868
-0.00716916
0.04363366
0.03999135
0.05210429
-0.00146879
0.01085954
0.08953834
0.07368294
0.08955835
-0.12157733
-0.16724896
0.05896079
0.03418890
0.00871139
0.16346925
