0.11183663
-0.06373468
0.00055057
0.08174645
0.10497280
-0.07563102
0.07073720
0.16099220
0.05329754
0.01851000
0.05189170
0.00021742
-0.01180785
-0.02576112
-0.12237072
-0.20714684
-0.02775032
0.08856828
0.00219211
-0.07368425
-0.10064507
0.01372293
0.07329561
-0.00298636
0.05451326
0.01722966
0.17966644
-0.14231722
0.08705332
-0.06723428
0.10121074
0.00473894
-0.05245157
0.05294328
0.07648960
-0.08610964
-0.02461591
0.01617560
-0.11488195
-0.22053100
0.02869220
0.17203454
0.00140228
-0.22372556
0.07981898
0.02732059
0.03100995
-0.02788438
-0.09117482
0.01482689
0.19181241
-0.19493860
-0.13613859
0.15158773
0.09941650
-0.05411292
-0.09535939
-0.00229402
-0.02779026
-0.09216819
-0.16997471
-0.06148893
-0.01382300
0.07464488
-0.02048423
-0.14418385
0.08729699
0.03923028
-0.23591373
-0.02968939
-0.01461582
0.11173221
-0.03363278
-0.17135852
0.04541910
-0.08916048
-0.07283024
-0.02287957
-0.09619180
0.08815980
0.11233458
0.00174732
-0.05398515
-0.04707309
-0.11075536
0.24190205
0.01748004
0.09963539
0.18320236
-0.00181354
-0.12962905
-0.03995193
-0.11514428
0.09346949
0.06257214
-0.01877511
0.01112101
0.02761122
0.01399696
0.22419651
