0.13290417
-0.02278543
-0.12314540
0.15727738
0.02778884
-0.06362397
-0.03165324
0.00229311
0.07402077
-0.08315913
0.01964315
-0.03145109
-0.04697906
0.15164654
-0.15763019
-0.02211283
-0.06632161
0.09302355
0.13738075
-0.07645764
0.14696591
0.24288280
0.01876406
-0.09027682
0.03087285
-0.00523485
-0.18951982
-0.00636564
0.00481321
0.00255158
0.09925395
-0.08060504
0.14120037
-0.13809602
-0.03942227
-0.12924966
-0.08809547
-0.17878031
0.06027019
-0.00898458
0.00002436
0.06337881
-0.18370430
0.00349276
0.01351943
0.07251325
-0.16678272
0.00646033
0.12208117
0.07344664
0.02858937
-0.14159064
-0.11676623
-0.04821080
0.03408857
-0.08231863
0.04176191
-0.16079309
0.19342724
-0.03611456
0.05458053
-0.10459954
0.03192303
0.01900895
-0.08693425
0.25989519
0.02119581
0.03955806
-0.09781779
-0.03400433
-0.00924520
0.07653015
0.13439414
0.25798313
0.06802595
0.10198779
0.00643846
0.06580676
-0.08723029
-0.07217440
0.05656351
0.01376989
0.10706514
0.15287029
-0.01792234
-0.02128253
-0.04372955
-0.06529875
0.09848009
-0.10643294
0.13544622
0.06785122
-0.03376283
0.01549607
0.00947651
-0.20560038
0.10023811
0.06232923
-0.07451207
-0.10073135
