-0.04884600
0.18045242
0.03496444
0.01669408
-0.03897043
0.06362946
-0.23775584
-0.01687914
0.03802786
-0.05088867
-0.13273033
0.05767981
-0.10336486
-0.03125252
0.01331852
-0.05515057
0.08305755
-0.06387328
0.11256876
-0.04977026
-0.02542232
-0.07594127
-0.06478741
0.07637061
-0.11762576
0.15161563
-0.10779990
-0.06682700
0.07645659
0.09578535
0.14816502
0.03639634
-0.02651774
-0.11934820
0.00504724
0.05996605
0.03365749
0.16850388
0.21059840
0.03774251
0.10405891
0.07523665
-0.01920371
-0.20028968
-0.03335078
-0.18895301
-0.04807083
0.04727346
-0.01852811
0.12108944
-0.27273403
0.07925746
-0.13037927
0.19310247
0.00225457
0.00117589
0.12059730
-0.10969313
-0.13464694
0.07036310
0.21965145
0.08380284
0.04962341
0.04517128
-0.02701896
-0.01577480
0.01616771
0.21278855
-0.15251075
0.03635998
0.02886757
-0.09524977
0.02929576
0.01856362
-0.06886639
-0.00505269
-0.11389612
-0.07426430
0.02225408
0.04758292
-0.09496966
-0.17374164
-0.05476024
-0.08726482
0.04620735
0.06872705
-0.02402919
-0.12456424
-0.02580119
-0.00186260
-0.00229756
-0.01839829
-0.07577291
0.26628897
0.00892404
0.04165976
0.00379434
0.12163554
0.00962090
0.02351693
