-0.02279124
0.02147306
-0.11138484
0.13320168
-0.01684909
0.00196497
0.08386345
0.20244508
0.01710968
-0.23350513
0.10394878
0.04206154
0.20478642
-0.02384509
0.04791554
0.03310393
-0.05334710
0.12653891
0.03588170
0.20879470
-0.18684577
0.07515091
-0.01886608
0.10957920
0.01766413
-0.07610533
-0.20966679
0.01724130
0.04904327
-0.04293135
0.11801564
0.02952038
0.12253277
0.23071710
-0.08958553
-0.05572849
-0.03867065
-0.08687442
0.09284516
-0.07241545
0.04647690
-0.03968228
-0.07124519
-0.04489277
0.01560381
0.06428629
0.05856725
0.02505853
-0.00830059
0.00745253
-0.05581105
-0.02581809
0.02164748
0.04840078
-0.05985835
-0.16533693
0.12001466
0.12691005
0.08651110
-0.02849941
-0.05027953
0.13095294
-0.15957639
-0.05789396
0.04491953
0.01953378
0.03037660
0.16287597
-0.11921632
0.10962317
-0.04823633
-0.07668286
0.03217000
-0.02787086
-0.01535825
-0.12626873
-0.07359876
-0.12514311
-0.03075750
0.09535613
0.09037343
-0.01976792
-0.12494495
-0.00853223
0.02522710
-0.03067358
-0.04900935
0.00189819
0.21631504
0.05997246
0.03378306
0.06333959
0.19244078
-0.01243688
0.09082165
0.00151545
0.34976092
-0.00361117
0.06465192
-0.07481984
