0.08054993
-0.05834727
0.15842587
0.01203146
-0.04950461
-0.23778071
0.00215415
0.03607519
0.02438399
-0.11935543
-0.14920318
0.18975603
0.02419557
0.07306914
-0.07811764
0.03837132
0.14945033
-0.17053224
-0.02152577
0.03343809
0.11634492
-0.03965678
-0.06825862
-0.25972579
-0.06300149
0.07618382
-0.08896390
-0.00930773
0.06720647
-0.13900906
0.05795220
0.06200039
0.00407652
0.17891831
0.09817385
-0.05062752
-0.06149595
-0.06687401
0.02063237
0.02728810
-0.08276052
0.18647567
0.03956356
0.17651591
0.07467216
-0.09872821
-0.18193498
-0.01955316
0.07876630
0.13129390
0.01800563
-0.12805027
0.05978593
0.01667089
-0.04811368
-0.00413422
-0.04703516
-0.02738184
0.05466041
-0.13793495
0.07967344
-0.09052603
0.14892363
-0.10065877
-0.05665437
-0.10031603
-0.01959468
0.11126553
-0.14294368
0.02295036
-0.00131295
-0.03938616
-0.08489101
-0.09551609
0.20289410
-0.11380737
-0.03335630
-0.05121704
-0.19131575
-0.05264195
-0.13188027
-0.20099079
0.04781012
-0.07720931
0.05202670
0.04388582
0.10186052
-0.10944044
0.00905421
-0.11672481
-0.06451687
0.12148719
-0.00442783
0.08958501
-0.02602103
-0.09266903
0.13651784
0.06660147
-0.03046139
0.06977680
