-0.06631623
-0.19025062
-0.09477668
-0.05568923
0.12802469
-0.08568108
0.07833104
-0.02423984
-0.09301715
0.12154133
-0.04071685
-0.11243211
0.00127380
-0.04422788
0.07702011
-0.10368771
-0.00332482
-0.10981425
0.16790806
0.09304159
0.19508014
0.09872269
-0.05211961
0.00748609
0.02868954
0.09405974
0.00759082
0.16679893
0.06569945
0.04701109
0.05747104
0.10244368
-0.03178737
-0.00059427
-0.14509197
-0.06302794
0.20255895
0.06403028
0.14324633
0.01422455
-0.00519314
-0.01763667
-0.05914562
-0.12177757
-0.01856269
0.17939986
-0.09577204
0.01654252
0.04835080
-0.18324707
-0.01449815
-0.06437668
0.06117746
-0.01496535
0.02679797
-0.06318834
0.06734833
-0.07491150
-0.16341311
0.04485456
0.06787449
-0.11626740
0.06242210
-0.13431457
-0.01738825
0.06959268
0.06458886
-0.05520406
-0.16836503
0.19101518
-0.07521975
-0.05722221
-0.04636596
-0.17688831
-0.11289590
-0.05153424
0.03489382
0.11980464
-0.16136282
-0.02566614
-0.14895780
0.07118168
0.02754915
0.22893382
0.11249325
0.17775466
0.09773736
-0.20185124
-0.01847894
-0.01474382
0.13905820
0.07068689
0.00282162
0.05609350
-0.13239454
-0.07290873
0.04409389
-0.00737529
0.04812615
0.12375414
