0.12171352
0.09687922
-0.01807667
0.09904459
0.06651365
-0.04383927
0.24925256
-0.04583087
-0.07515736
-0.01353263
0.07158754
-0.04216170
-0.07442441
-0.01306613
0.01480793
0.11099614
-0.05612358
-0.03523347
-0.07611620
0.02933925
0.00075828
-0.10483062
0.10944575
-0.21750475
0.00026248
0.04993869
0.16631092
0.06550821
0.10437254
0.00938396
0.24090082
0.03694098
-0.10429882
0.09982436
-0.21242862
0.05978593
0.02120483
-0.12144061
0.02514952
0.08614309
-0.13495222
0.03366131
0.05828603
-0.02923518
0.04658099
0.03458571
-0.08301703
0.06720592
0.11477421
-0.13775518
-0.10986517
-0.22450433
-0.06864070
-0.19302179
0.12807566
-0.02713488
-0.02607205
0.12862232
-0.00147203
-0.13352351
-0.14076853
0.00760317
0.02974800
0.00371847
-0.01770018
0.00871200
-0.18988680
-0.00121341
0.11108622
-0.14490115
0.08985695
-0.02342449
0.00633506
0.01774333
0.00359675
0.01778497
-0.00150541
-0.05457755
0.07919107
0.12851076
-0.09465894
-0.20759047
-0.03592154
0.07776928
0.12115310
-0.08942996
-0.06193184
0.04454809
0.10573808
-0.01254048
0.06582870
0.00297535
-0.06377542
0.02016243
0.03556715
0.27785393
-0.03573693
-0.11026504
-0.17374753
0.04738418
