0.02681929
0.05305899
-0.02117903
-0.07758532
0.12346425
-0.05757801
-0.01412682
0.11593890
0.20585951
-0.02746299
0.04723328
0.08994899
0.26934285
-0.02903107
0.12437103
-0.05880014
-0.00875222
-0.06494465
-0.13542671
0.04611425
-0.00384644
-0.11736182
0.02426371
-0.14563892
0.02600899
-0.07050239
-0.08407183
0.06274500
0.17723380
0.15332411
0.09141636
0.00429687
0.16799515
0.12618653
-0.12861817
0.00988327
0.00438148
0.01810381
-0.07894366
0.08705644
0.11627506
-0.07573607
-0.13470804
-0.01082889
-0.20966371
0.10978039
0.12994913
0.09008540
0.08293077
0.02370366
-0.08243486
0.06320083
0.18543181
-0.20208160
0.00753397
0.09843587
-0.02491143
0.08320761
0.10695000
-0.17657655
-0.00278659
0.05401202
0.05613370
-0.19564260
-0.09161040
0.09297513
-0.08335412
0.04285826
0.00452987
-0.14432786
-0.13847644
-0.09239217
-0.14760641
0.06752040
-0.07477532
0.02272224
0.08583659
-0.11187526
-0.08647551
0.00035455
-0.06259538
0.10682775
0.03260106
0.10458977
-0.02940602
-0.01778374
0.04687620
-0.02395062
0.05128722
0.23369920
0.12853476
-0.02885414
0.16148627
-0.09085112
-0.03605480
0.01737921
0.02288447
-0.02440099
0.01402461
-0.05666636
