-0.19596112
0.16794755
0.08862930
-0.03770908
0.00318254
0.00972620
0.12303749
0.12254572
0.08168526
0.15102425
0.03763629
-0.11503050
0.04831723
-0.19003471
-0.02106704
0.01836428
0.04152709
-0.00511065
0.08288892
0.02919348
-0.03995255
-0.03339139
0.08937576
-0.04087892
0.20554154
-0.14657026
-0.12925774
0.06205704
-0.06582503
0.01460249
0.10600861
-0.01634738
0.05885364
-0.02319741
0.07938946
-0.15532701
-0.00048898
-0.04532195
-0.13590462
-0.23530342
-0.06333910
0.04354199
0.01127613
0.11861614
-0.02336614
0.12733416
0.01225508
-0.12290838
-0.15391740
0.08557113
0.03254182
0.04723276
-0.16757512
-0.03689917
0.08883619
-0.05312608
0.00700397
0.05652302
0.02260823
-0.01404416
0.01796951
-0.03990448
-0.04469705
-0.20409273
-0.03188782
0.03462462
0.03271638
0.07837458
-0.12058877
0.04915545
0.01694543
0.13562910
0.14647140
-0.07559496
0.15565586
-0.08943090
0.11835572
-0.12803543
-0.19264724
-0.05441658
0.03750035
-0.00106380
-0.06021850
0.12651750
-0.01103105
-0.14939321
-0.00689200
0.13639549
0.02730201
-0.02228423
-0.09931416
-0.08186101
0.02186400
0.18042444
-0.17346491
-0.16862801
-0.04355218
-0.21336524
-0.07366841
0.05106063
