0.13812303
3.22611754
8.55328741
0.23866476
2.05555491
13.71271646
0.14276436
808.54253693
7.40435101
5.40023965
8.47846484
103.80076286
3.96104212
2.03722132
0.08394698
0.06279810
1.54769469
79.55170035
2.74019505
0.57289403
9.01013031
0.00956099
12.05717040
0.59740870
1854.44254354
1.56629972
79.99637291
6.54785219
0.35486874
4.22951186
12.99830780
3.71866047
0.40868788
0.06804419
0.05512831
0.27566236
0.92637826
0.52668444
18.71796361
12.31710881
0.56385683
120.23271361
0.81661028
12.09758606
0.00013849
6.13566693
650.76664986
20.46749227
0.85837768
13.13629730
0.07675771
0.00887702
0.22978178
3.78120538
0.88872428
81.70989393
0.50449512
1.38374175
0.76834766
0.14257069
1.02512520
233.92695999
7.10876176
24.57372570
2.26047452
0.92218314
1.35350869
1.29041809
1.67468712
0.20880141
0.00000503
1.28779058
60.72514829
4.16584674
0.68828028
16.86842616
1.10957132
3.88182845
21.96982097
2.82786907
1.76419111
4.72799581
0.16252689
125.12648716
0.00030452
23.21954273
0.76625414
3.21405400
8.19662977
2.46542674
3.33723068
0.13787768
0.09924014
0.11510786
3.68245124
0.30612169
1.16530481
1.77785865
0.00081182
15.90163712
