5.524222
4.294233
40.109619
0.008364
0.016921
875.638689
0.007349
62.278790
62.828353
0.008840
0.000210
0.577210
3.198070
0.006837
25.727136
0.063378
0.011331
0.001249
0.000421
0.048262
0.052980
270.385509
0.005355
2.066169
14.183928
0.003254
32.972459
4754.681787
18.782133
0.002378
0.274043
44.854780
2.873191
0.000915
2684.708961
0.529083
0.014265
0.004620
0.005299
3.272773
13.641395
1.033163
16.440057
0.021059
2.176647
6.238473
17.275314
0.013951
1.191264
4.180570
94.368111
0.004246
15.474340
17.538296
396.370905
326.025729
1.400177
56.598674
9.648397
0.001174
3.095639
11.639396
0.054383
1.613448
7.582189
9.543029
0.067906
0.018078
129.154552
0.059160
0.011582
1.517530
3.548295
283.876052
0.013307
2.432923
5.900960
7.529916
17.414154
4.220443
0.121872
0.024707
102.435525
3.900072
4973.662426
15.896617
14.587198
5.949054
0.101797
1786.308513
36431.349327
182.563789
32239.511249
2.884471
2.632732
272.422031
51.267609
9.078154
0.009914
99.376258
