10.000922
10.019748
10.071010
9.431743
9.595769
9.970511
9.419246
10.214847
9.919389
10.564961
5.571991
9.793470
10.161295
9.388125
10.041631
9.718392
10.537004
8.494389
12.212594
9.748398
10.365515
10.207011
-0.115205
10.194538
10.066412
9.111389
10.015851
9.951307
10.181044
11.033021
10.292202
10.187729
9.914652
1.565750
10.151426
10.236312
9.556902
9.259629
10.720579
9.831417
10.156556
9.860047
10.039304
10.435413
9.845768
10.133653
9.930335
10.485824
9.823687
10.208315
9.903777
9.218953
10.121789
9.969194
10.169073
9.987155
10.195958
10.248005
9.980649
11.405688
10.096760
10.029295
10.372358
9.881740
10.117173
9.887033
9.744933
9.607732
9.864013
9.705681
10.534157
10.196142
9.901308
10.067673
9.532526
10.201443
10.133148
9.959312
10.070175
10.033069
9.757726
10.419311
10.038345
10.149013
9.981910
10.058399
10.106633
9.874214
9.753019
10.073296
9.918993
9.852180
9.827981
10.201931
9.984121
9.995631
10.055013
10.225176
9.492330
10.184103
