10.005
-0.084697
-0.093517
-0.094541
-0.096357
-0.098724
-0.088051
-0.085569
-0.084873
-0.079308
-0.095516
-0.081254
-0.087482
-0.10059
-0.10485
-0.086945
-0.1035
-0.090113
-0.079179
-0.10154
-0.093128
-0.083863
-0.096988
-0.099181
-0.094696
-0.099013
-0.10276
-0.079152
-0.095923
-0.075905
-0.098493
-0.077857
-0.10404
-0.089491
-0.10208
-0.078307
-0.10435
-0.085271
-0.081676
-0.10517
-0.091692
-0.096495
-0.10137
-0.07926
-0.092784
-0.07716
-0.091498
-0.10143
-0.10186
-0.081148
-0.096794
-0.094549
-0.079358
-0.098779
-0.08015
-0.081167
-0.085226
-0.095772
-0.080482
-0.098567
-0.10471
-0.089703
-0.086656
-0.093706
-0.089305
-0.094367
-0.077776
-0.099452
-0.078769
-0.083226
-0.080331
-0.097081
-0.078255
-0.076321
-0.081046
-0.078749
-0.10256
-0.093858
-0.095552
-0.085531
-0.080879
-0.081667
-0.092786
-0.1022
-0.0954
-0.078521
-0.086686
-0.099023
-0.09201
-0.094204
-0.099745
-0.079947
-0.085953
-0.093863
-0.099524
-0.096611
-0.10003
-0.096899
-0.091537
-0.10105
-0.084697
10.0458
-0.087168
-0.087788
-0.095987
-0.089105
-0.094757
-0.10368
-0.089543
-0.086848
-0.093107
-0.082346
-0.10456
-0.091026
-0.099981
-0.10498
-0.087276
-0.096402
-0.098645
-0.1011
-0.1042
-0.091412
-0.078439
-0.086155
-0.077122
-0.07803
-0.085036
-0.099645
-0.094654
-0.084035
-0.095606
-0.090051
-0.084548
-0.096943
-0.076423
-0.090831
-0.09183
-0.082141
-0.099469
-0.07628
-0.087184
-0.081526
-0.079099
-0.093993
-0.077089
-0.10223
-0.083557
-0.092743
-0.10075
-0.092365
-0.09367
-0.094396
-0.088248
-0.089256
-0.10182
-0.087062
-0.10299
-0.087934
-0.076609
-0.0856
-0.085936
-0.10207
-0.10338
-0.10505
-0.099095
-0.099648
-0.077288
-0.094824
-0.094978
-0.083752
-0.1015
-0.10427
-0.094376
-0.08123
-0.096131
-0.10197
-0.081481
-0.086881
-0.081431
-0.092193
-0.097617
-0.085911
-0.085889
-0.1018
-0.076999
-0.097191
-0.10458
-0.079148
-0.088441
-0.094717
-0.10092
-0.076321
-0.10421
-0.098033
-0.10094
-0.093357
-0.098546
-0.085508
-0.082805
-0.08546
-0.093517
-0.087168
10.0005
-0.089752
-0.098066
-0.079851
-0.095344
-0.10157
-0.099525
-0.099762
-0.10161
-0.090095
-0.081544
-0.091439
-0.090953
-0.084229
-0.086523
-0.080271
-0.10495
-0.089133
-0.098576
-0.097191
-0.10396
-0.077954
-0.097004
-0.093501
-0.091591
-0.093047
-0.10467
-0.10461
-0.099467
-0.088579
-0.090136
-0.089471
-0.099758
-0.09812
-0.084802
-0.093625
-0.077054
-0.10229
-0.092584
-0.10141
-0.079732
-0.078634
-0.10185
-0.082189
-0.078585
-0.099331
-0.076701
-0.087613
-0.10335
-0.099715
-0.080106
-0.098366
-0.077178
-0.095674
-0.095552
-0.092999
-0.096658
-0.10463
-0.080248
-0.080379
-0.10264
-0.10391
-0.09943
-0.081212
-0.076481
-0.090587
-0.096633
-0.090236
-0.089731
-0.077592
-0.077414
-0.097199
-0.091313
-0.095816
-0.094158
-0.10271
-0.087038
-0.079076
-0.090745
-0.094964
-0.083189
-0.084118
-0.077087
-0.083553
-0.10428
-0.07945
-0.076644
-0.079153
-0.10344
-0.094895
-0.081035
-0.096843
-0.084211
-0.099638
-0.082721
-0.091958
-0.081083
-0.08414
-0.094541
-0.087788
-0.089752
9.9479
-0.07934
-0.090267
-0.10264
-0.080772
-0.079856
-0.090846
-0.092438
-0.088114
-0.079072
-0.0826
-0.09734
-0.075908
-0.10111
-0.079545
-0.077993
-0.085489
-0.095297
-0.083885
-0.10434
-0.085203
-0.091396
-0.09836
-0.099163
-0.075688
-0.10269
-0.099852
-0.093009
-0.095184
-0.08467
-0.092771
-0.086504
-0.097066
-0.076984
-0.10407
-0.077883
-0.083132
-0.09086
-0.08432
-0.079345
-0.092816
-0.089472
-0.096257
-0.09017
-0.09746
-0.10543
-0.098086
-0.077295
-0.079344
-0.07981
-0.097243
-0.09539
-0.10438
-0.08361
-0.095381
-0.099256
-0.10088
-0.094444
-0.077949
-0.079271
-0.10349
-0.094204
-0.097342
-0.1047
-0.080321
-0.095163
-0.10145
-0.087132
-0.095058
-0.096531
-0.081702
-0.095004
-0.093851
-0.076814
-0.090719
-0.077185
-0.10286
-0.08197
-0.090711
-0.099621
-0.080142
-0.10323
-0.090393
-0.082872
-0.096468
-0.086688
-0.097813
-0.089109
-0.10544
-0.09796
-0.093446
-0.083758
-0.095015
-0.08809
-0.075632
-0.084811
-0.080197
-0.096357
-0.095987
-0.098066
-0.07934
9.9764
-0.087647
-0.099213
-0.079327
-0.084282
-0.084351
-0.10503
-0.10224
-0.087581
-0.08564
-0.10351
-0.091705
-0.096993
-0.083868
-0.092015
-0.10007
-0.10185
-0.098422
-0.094211
-0.099023
-0.099305
-0.10337
-0.088055
-0.088762
-0.098165
-0.086456
-0.083594
-0.098438
-0.10119
-0.09472
-0.08519
-0.077726
-0.10258
-0.079425
-0.10497
-0.085802
-0.095135
-0.08584
-0.10407
-0.079543
-0.10153
-0.094814
-0.085132
-0.095691
-0.092059
-0.085875
-0.086784
-0.076776
-0.088671
-0.082693
-0.088284
-0.083387
-0.092187
-0.094427
-0.096944
-0.085987
-0.084827
-0.09833
-0.088531
-0.080298
-0.084885
-0.10295
-0.10278
-0.097905
-0.078647
-0.08563
-0.089749
-0.10242
-0.078838
-0.09694
-0.0864
-0.086298
-0.075602
-0.08843
-0.09022
-0.093888
-0.090552
-0.10362
-0.081978
-0.082222
-0.077368
-0.086348
-0.092928
-0.10315
-0.079232
-0.1033
-0.075971
-0.084829
-0.076517
-0.082114
-0.09469
-0.078278
-0.095602
-0.094474
-0.092303
-0.087082
-0.098724
-0.089105
-0.079851
-0.090267
-0.087647
10.0343
-0.10208
-0.080059
-0.094105
-0.087646
-0.10205
-0.10082
-0.095307
-0.08064
-0.084813
-0.10513
-0.086915
-0.076483
-0.10379
-0.10298
-0.096058
-0.10037
-0.090053
-0.093789
-0.078571
-0.087805
-0.10457
-0.1011
-0.085828
-0.096994
-0.085719
-0.10363
-0.095289
-0.081343
-0.090547
-0.097055
-0.077545
-0.076626
-0.077567
-0.095417
-0.090306
-0.083131
-0.087519
-0.077135
-0.094199
-0.089415
-0.10517
-0.081126
-0.09791
-0.10178
-0.1039
-0.10338
-0.078053
-0.10533
-0.089201
-0.08788
-0.096904
-0.09948
-0.099362
-0.076756
-0.077165
-0.09503
-0.094713
-0.089991
-0.091865
-0.098182
-0.10408
-0.093416
-0.097676
-0.099974
-0.083969
-0.08819
-0.088515
-0.1033
-0.1002
-0.078142
-0.092179
-0.10077
-0.077605
-0.086185
-0.083221
-0.10287
-0.094024
-0.082213
-0.08522
-0.090806
-0.078258
-0.083092
-0.086821
-0.093043
-0.096021
-0.096766
-0.077818
-0.076197
-0.10142
-0.10038
-0.083914
-0.076711
-0.088271
-0.10387
-0.088051
-0.094757
-0.095344
-0.10264
-0.099213
-0.10208
10.0501
-0.089564
-0.093737
-0.097148
-0.080284
-0.085295
-0.10193
-0.08538
-0.10331
-0.10239
-0.09633
-0.080337
-0.090584
-0.10033
-0.096898
-0.077367
-0.085529
-0.10361
-0.10245
-0.08552
-0.077045
-0.10163
-0.099021
-0.08688
-0.083468
-0.092028
-0.080197
-0.08937
-0.10376
-0.088377
-0.078219
-0.10337
-0.094089
-0.10404
-0.092106
-0.086212
-0.10325
-0.087308
-0.088064
-0.097866
-0.080043
-0.1022
-0.09462
-0.093027
-0.082295
-0.07759
-0.096796
-0.084801
-0.08746
-0.086883
-0.088035
-0.097695
-0.093474
-0.084715
-0.085254
-0.097225
-0.094535
-0.098946
-0.10003
-0.096119
-0.085283
-0.075928
-0.081085
-0.094993
-0.094574
-0.085984
-0.098936
-0.076147
-0.089269
-0.083272
-0.086988
-0.10486
-0.10286
-0.085256
-0.097075
-0.091451
-0.075849
-0.092927
-0.089905
-0.088332
-0.098987
-0.10057
-0.10395
-0.087168
-0.089276
-0.076665
-0.091415
-0.076714
-0.088228
-0.10231
-0.098972
-0.079396
-0.087946
-0.089358
-0.085569
-0.10368
-0.10157
-0.080772
-0.079327
-0.080059
-0.089564
9.8915
-0.10432
-0.096578
-0.080258
-0.078264
-0.10026
-0.096772
-0.079609
-0.097616
-0.077093
-0.091038
-0.093854
-0.098223
-0.084997
-0.08957
-0.078098
-0.090066
-0.10387
-0.091486
-0.078761
-0.0834
-0.092126
-0.083144
-0.080807
-0.090201
-0.099027
-0.092101
-0.077931
-0.090204
-0.10134
-0.08311
-0.10038
-0.092538
-0.079942
-0.091455
-0.10239
-0.1008
-0.083826
-0.087647
-0.10208
-0.075744
-0.084481
-0.088341
-0.096605
-0.077237
-0.089841
-0.07808
-0.10257
-0.10275
-0.078302
-0.079084
-0.10503
-0.10112
-0.082871
-0.07953
-0.086503
-0.08943
-0.096513
-0.087394
-0.093472
-0.10147
-0.082837
-0.078361
-0.091596
-0.083232
-0.098168
-0.089072
-0.097819
-0.081119
-0.10477
-0.076501
-0.094297
-0.081793
-0.090992
-0.10141
-0.10516
-0.096299
-0.10397
-0.10075
-0.077663
-0.092417
-0.077441
-0.081724
-0.096663
-0.078604
-0.0798
-0.075726
-0.088511
-0.099195
-0.086396
-0.076355
-0.10471
-0.096105
-0.084873
-0.089543
-0.099525
-0.079856
-0.084282
-0.094105
-0.093737
-0.10432
9.9424
-0.096482
-0.076954
-0.084903
-0.092134
-0.093113
-0.097607
-0.078086
-0.096448
-0.10536
-0.095936
-0.079553
-0.10205
-0.096942
-0.086958
-0.087236
-0.078413
-0.090851
-0.086126
-0.097649
-0.1026
-0.10348
-0.088693
-0.082767
-0.098574
-0.098854
-0.097364
-0.095459
-0.079517
-0.096368
-0.087718
-0.081979
-0.099694
-0.075994
-0.10328
-0.085284
-0.095616
-0.084805
-0.093888
-0.094078
-0.095898
-0.085392
-0.10243
-0.091194
-0.091053
-0.08332
-0.10135
-0.084953
-0.08806
-0.091984
-0.083159
-0.090717
-0.085939
-0.088138
-0.084412
-0.089533
-0.078984
-0.090261
-0.081709
-0.078174
-0.10264
-0.092542
-0.10114
-0.10374
-0.09385
-0.090452
-0.081765
-0.079993
-0.078508
-0.081751
-0.088525
-0.079081
-0.081053
-0.07736
-0.094166
-0.077058
-0.10173
-0.10174
-0.084039
-0.098879
-0.090079
-0.09817
-0.080602
-0.10464
-0.077197
-0.078038
-0.077481
-0.097692
-0.10219
-0.083786
-0.10239
-0.094451
-0.079308
-0.086848
-0.099762
-0.090846
-0.084351
-0.087646
-0.097148
-0.096578
-0.096482
9.9256
-0.09412
-0.079117
-0.081642
-0.082533
-0.094789
-0.1036
-0.10408
-0.07962
-0.098427
-0.084739
-0.082806
-0.077028
-0.087735
-0.091522
-0.077796
-0.091698
-0.081739
-0.10365
-0.085344
-0.09193
-0.081046
-0.090739
-0.078515
-0.10531
-0.088884
-0.095041
-0.084506
-0.089408
-0.091916
-0.081298
-0.089723
-0.081773
-0.10126
-0.098
-0.10079
-0.090772
-0.097004
-0.091128
-0.086626
-0.089849
-0.083233
-0.1015
-0.077089
-0.084831
-0.082181
-0.07695
-0.10077
-0.086577
-0.10445
-0.08312
-0.095297
-0.089268
-0.10285
-0.095402
-0.086382
-0.08158
-0.093777
-0.10326
-0.091535
-0.08238
-0.10004
-0.081852
-0.08886
-0.096047
-0.082978
-0.10505
-0.082214
-0.086215
-0.080076
-0.085226
-0.07957
-0.09723
-0.10177
-0.086949
-0.095007
-0.077875
-0.092758
-0.089006
-0.10533
-0.083305
-0.10324
-0.098515
-0.083122
-0.099369
-0.095777
-0.091904
-0.10073
-0.082282
-0.081778
-0.082601
-0.095516
-0.093107
-0.10161
-0.092438
-0.10503
-0.10205
-0.080284
-0.080258
-0.076954
-0.09412
9.9124
-0.086114
-0.094315
-0.085168
-0.075657
-0.083342
-0.091894
-0.097983
-0.095701
-0.077934
-0.078329
-0.082561
-0.087386
-0.094522
-0.086824
-0.096128
-0.078708
-0.1024
-0.090195
-0.089795
-0.094319
-0.084178
-0.080398
-0.080065
-0.099789
-0.082096
-0.086841
-0.099648
-0.078306
-0.097723
-0.085858
-0.094551
-0.092335
-0.10533
-0.09192
-0.096656
-0.10194
-0.095383
-0.09804
-0.082187
-0.081905
-0.087875
-0.083513
-0.099055
-0.077465
-0.07731
-0.080695
-0.098838
-0.081203
-0.09266
-0.081246
-0.089332
-0.10438
-0.097428
-0.097333
-0.099328
-0.084819
-0.080834
-0.10447
-0.07646
-0.09326
-0.087644
-0.075921
-0.078611
-0.081165
-0.084588
-0.079966
-0.10257
-0.096728
-0.10549
-0.092112
-0.090316
-0.080104
-0.097917
-0.10171
-0.081706
-0.087045
-0.096164
-0.1036
-0.092428
-0.10441
-0.099331
-0.090507
-0.088691
-0.080159
-0.10119
-0.093166
-0.080225
-0.080592
-0.085042
-0.081254
-0.082346
-0.090095
-0.088114
-0.10224
-0.10082
-0.085295
-0.078264
-0.084903
-0.079117
-0.086114
9.8751
-0.079108
-0.077469
-0.099814
-0.087588
-0.086571
-0.10449
-0.083296
-0.10109
-0.1045
-0.087337
-0.077612
-0.089482
-0.091513
-0.082015
-0.077681
-0.099485
-0.088899
-0.081906
-0.087879
-0.098037
-0.091676
-0.080707
-0.084743
-0.078522
-0.092846
-0.10397
-0.10352
-0.10156
-0.10465
-0.080813
-0.084305
-0.099127
-0.095125
-0.096541
-0.1028
-0.08027
-0.090116
-0.084037
-0.085621
-0.086558
-0.10414
-0.086858
-0.075813
-0.095892
-0.08741
-0.10299
-0.10216
-0.084119
-0.10237
-0.084383
-0.10474
-0.07925
-0.078219
-0.082797
-0.10313
-0.087273
-0.07578
-0.10209
-0.095416
-0.082825
-0.076421
-0.075734
-0.083552
-0.10311
-0.10122
-0.09649
-0.098733
-0.098855
-0.089422
-0.077157
-0.079454
-0.076728
-0.098705
-0.10078
-0.099932
-0.099128
-0.081423
-0.095039
-0.085758
-0.094621
-0.094251
-0.080539
-0.078379
-0.090398
-0.092501
-0.075676
-0.075985
-0.0856
-0.087482
-0.10456
-0.081544
-0.079072
-0.087581
-0.095307
-0.10193
-0.10026
-0.092134
-0.081642
-0.094315
-0.079108
9.9011
-0.094915
-0.087141
-0.077092
-0.095393
-0.10246
-0.09131
-0.10128
-0.079737
-0.083077
-0.10269
-0.094183
-0.079473
-0.083982
-0.090968
-0.084403
-0.077942
-0.089385
-0.087482
-0.09732
-0.079826
-0.10497
-0.090441
-0.085646
-0.084581
-0.091219
-0.097121
-0.098188
-0.10185
-0.10065
-0.097343
-0.10108
-0.1033
-0.084078
-0.079787
-0.086277
-0.087854
-0.095435
-0.10295
-0.080201
-0.10293
-0.089243
-0.094347
-0.087134
-0.077282
-0.10197
-0.09325
-0.093805
-0.08795
-0.10522
-0.081487
-0.09498
-0.077779
-0.10319
-0.085313
-0.090269
-0.089148
-0.098008
-0.080609
-0.080043
-0.097
-0.084878
-0.090904
-0.075669
-0.09324
-0.078777
-0.078758
-0.09372
-0.09003
-0.10121
-0.10284
-0.077954
-0.086344
-0.083343
-0.089206
-0.090049
-0.081784
-0.097253
-0.07926
-0.089385
-0.082383
-0.087881
-0.086113
-0.093119
-0.08718
-0.084751
-0.081027
-0.085152
-0.10059
-0.091026
-0.091439
-0.0826
-0.08564
-0.08064
-0.08538
-0.096772
-0.093113
-0.082533
-0.085168
-0.077469
-0.094915
10.0214
-0.10374
-0.090795
-0.079898
-0.10103
-0.090396
-0.099853
-0.094801
-0.10113
-0.090648
-0.080015
-0.098337
-0.084376
-0.10508
-0.076388
-0.078093
-0.10496
-0.095563
-0.083814
-0.092613
-0.094092
-0.095862
-0.089924
-0.099231
-0.0817
-0.093685
-0.10035
-0.090073
-0.078592
-0.10342
-0.087236
-0.10273
-0.079379
-0.095042
-0.084344
-0.087233
-0.084215
-0.103
-0.095364
-0.09852
-0.097144
-0.088661
-0.083015
-0.088005
-0.096158
-0.095934
-0.083712
-0.080575
-0.10201
-0.097265
-0.096215
-0.099818
-0.10107
-0.099247
-0.079597
-0.093242
-0.082108
-0.080461
-0.10464
-0.087134
-0.092191
-0.094964
-0.083506
-0.086969
-0.084772
-0.10387
-0.090517
-0.089931
-0.089187
-0.098125
-0.088538
-0.089846
-0.095587
-0.091473
-0.088357
-0.10361
-0.095007
-0.097143
-0.07785
-0.087314
-0.08224
-0.086193
-0.094296
-0.097377
-0.088744
-0.084975
-0.08002
-0.10485
-0.099981
-0.090953
-0.09734
-0.10351
-0.084813
-0.10331
-0.079609
-0.097607
-0.094789
-0.075657
-0.099814
-0.087141
-0.10374
9.9626
-0.092709
-0.10512
-0.087852
-0.080633
-0.10067
-0.09323
-0.086672
-0.088417
-0.083696
-0.077391
-0.099853
-0.077152
-0.0872
-0.095011
-0.090096
-0.089288
-0.095939
-0.099463
-0.082631
-0.087064
-0.091857
-0.076976
-0.09132
-0.090055
-0.084783
-0.097887
-0.084578
-0.080125
-0.079332
-0.085364
-0.091082
-0.079575
-0.088348
-0.08334
-0.094786
-0.08977
-0.084436
-0.097035
-0.07738
-0.092603
-0.08017
-0.09907
-0.082469
-0.10295
-0.09453
-0.079662
-0.10169
-0.098527
-0.093176
-0.089452
-0.095203
-0.101
-0.092868
-0.079356
-0.097939
-0.094411
-0.077327
-0.083225
-0.10044
-0.081056
-0.086467
-0.076055
-0.093417
-0.092212
-0.087979
-0.085384
-0.086205
-0.089938
-0.081097
-0.075846
-0.10497
-0.098843
-0.094182
-0.086152
-0.093718
-0.079274
-0.090929
-0.090887
-0.10156
-0.096787
-0.098555
-0.09586
-0.10246
-0.081186
-0.1043
-0.086945
-0.10498
-0.084229
-0.075908
-0.091705
-0.10513
-0.10239
-0.097616
-0.078086
-0.1036
-0.083342
-0.087588
-0.077092
-0.090795
-0.092709
9.9889
-0.088314
-0.090425
-0.079363
-0.093041
-0.084215
-0.10374
-0.1019
-0.082229
-0.10198
-0.10341
-0.10435
-0.10358
-0.076053
-0.086024
-0.10413
-0.095653
-0.10224
-0.094696
-0.082358
-0.092369
-0.08061
-0.10201
-0.095588
-0.077845
-0.094385
-0.099961
-0.092376
-0.082264
-0.093245
-0.076926
-0.088542
-0.096957
-0.07855
-0.077844
-0.090809
-0.094207
-0.10221
-0.089519
-0.090654
-0.085788
-0.084071
-0.085462
-0.10079
-0.088614
-0.083826
-0.082887
-0.081457
-0.082257
-0.08394
-0.081573
-0.1042
-0.077948
-0.078976
-0.082443
-0.099524
-0.0902
-0.10131
-0.087724
-0.078729
-0.10381
-0.10297
-0.10455
-0.10184
-0.10064
-0.091728
-0.10296
-0.10198
-0.0885
-0.097989
-0.079169
-0.087639
-0.080432
-0.097837
-0.095521
-0.090955
-0.080896
-0.086427
-0.09496
-0.081408
-0.085829
-0.098765
-0.084726
-0.081608
-0.08733
-0.1035
-0.087276
-0.086523
-0.10111
-0.096993
-0.086915
-0.09633
-0.077093
-0.096448
-0.10408
-0.091894
-0.086571
-0.095393
-0.079898
-0.10512
-0.088314
9.9525
-0.079931
-0.087835
-0.080844
-0.10122
-0.092822
-0.095423
-0.10394
-0.076321
-0.079345
-0.098021
-0.088878
-0.09118
-0.097956
-0.085467
-0.08911
-0.10306
-0.085301
-0.10295
-0.10388
-0.10527
-0.081161
-0.076961
-0.091931
-0.085259
-0.076578
-0.078873
-0.087842
-0.085203
-0.098644
-0.091164
-0.098214
-0.099496
-0.09204
-0.10231
-0.098544
-0.09045
-0.093142
-0.079668
-0.093565
-0.081692
-0.089857
-0.10074
-0.078002
-0.091578
-0.091452
-0.075881
-0.098295
-0.093564
-0.09954
-0.078657
-0.088928
-0.077286
-0.10089
-0.083646
-0.10293
-0.084981
-0.091855
-0.10121
-0.084294
-0.083735
-0.10269
-0.086943
-0.078513
-0.078345
-0.10435
-0.078605
-0.095404
-0.081905
-0.077579
-0.096281
-0.099507
-0.092592
-0.076127
-0.075588
-0.081222
-0.090571
-0.09739
-0.085879
-0.099513
-0.08022
-0.1054
-0.094589
-0.081058
-0.090113
-0.096402
-0.080271
-0.079545
-0.083868
-0.076483
-0.080337
-0.091038
-0.10536
-0.07962
-0.097983
-0.10449
-0.10246
-0.10103
-0.087852
-0.090425
-0.079931
9.9854
-0.083464
-0.090244
-0.098863
-0.090517
-0.088062
-0.090381
-0.078366
-0.10082
-0.08837
-0.095288
-0.083133
-0.099433
-0.084243
-0.090829
-0.1044
-0.097332
-0.098456
-0.091777
-0.085397
-0.089155
-0.098633
-0.095721
-0.094092
-0.10165
-0.079408
-0.082637
-0.091362
-0.077298
-0.10396
-0.085733
-0.078195
-0.080801
-0.09008
-0.10216
-0.081457
-0.097798
-0.094514
-0.095045
-0.087633
-0.091234
-0.10214
-0.099034
-0.10134
-0.076217
-0.09609
-0.092081
-0.086303
-0.078154
-0.10506
-0.097963
-0.079874
-0.095307
-0.1014
-0.075834
-0.096959
-0.10493
-0.096037
-0.093581
-0.091345
-0.076418
-0.10411
-0.077156
-0.089819
-0.092303
-0.090168
-0.10454
-0.10191
-0.082475
-0.078664
-0.10074
-0.090815
-0.090377
-0.082399
-0.082688
-0.094119
-0.10287
-0.090024
-0.085338
-0.089528
-0.075949
-0.079033
-0.08915
-0.079179
-0.098645
-0.10495
-0.077993
-0.092015
-0.10379
-0.090584
-0.093854
-0.095936
-0.098427
-0.095701
-0.083296
-0.09131
-0.090396
-0.080633
-0.079363
-0.087835
-0.083464
9.9391
-0.080973
-0.092712
-0.084436
-0.10028
-0.10236
-0.099139
-0.084886
-0.091519
-0.098162
-0.0797
-0.10099
-0.087791
-0.088136
-0.087058
-0.10302
-0.079933
-0.082521
-0.083501
-0.086423
-0.083319
-0.092051
-0.096725
-0.091204
-0.097498
-0.095293
-0.098056
-0.084532
-0.078802
-0.10341
-0.077088
-0.09243
-0.086402
-0.086331
-0.076372
-0.098736
-0.10514
-0.079938
-0.094806
-0.083035
-0.077052
-0.078679
-0.08278
-0.10209
-0.076315
-0.077852
-0.077877
-0.091303
-0.091787
-0.079951
-0.1042
-0.082512
-0.10252
-0.088599
-0.088025
-0.099775
-0.10026
-0.10017
-0.088716
-0.082982
-0.091988
-0.091769
-0.087925
-0.081104
-0.077404
-0.095652
-0.091973
-0.10424
-0.079228
-0.087356
-0.090834
-0.095574
-0.097913
-0.080396
-0.10113
-0.091239
-0.10377
-0.08732
-0.09297
-0.097105
-0.096716
-0.099944
-0.10154
-0.1011
-0.089133
-0.085489
-0.10007
-0.10298
-0.10033
-0.098223
-0.079553
-0.084739
-0.077934
-0.10109
-0.10128
-0.099853
-0.10067
-0.093041
-0.080844
-0.090244
-0.080973
9.8833
-0.10094
-0.091857
-0.097011
-0.095476
-0.091595
-0.081193
-0.10296
-0.093168
-0.10199
-0.077362
-0.10016
-0.094958
-0.07561
-0.079858
-0.10542
-0.084036
-0.10345
-0.10279
-0.099078
-0.093519
-0.075639
-0.10029
-0.1021
-0.077992
-0.098285
-0.08969
-0.08206
-0.075925
-0.076236
-0.078173
-0.098081
-0.082942
-0.081443
-0.077754
-0.089096
-0.095924
-0.095496
-0.083588
-0.081526
-0.086421
-0.083294
-0.081538
-0.098268
-0.078714
-0.080566
-0.082258
-0.095636
-0.080723
-0.078012
-0.088295
-0.093543
-0.081636
-0.099184
-0.10309
-0.076076
-0.099296
-0.088274
-0.090946
-0.095853
-0.10289
-0.08665
-0.096813
-0.083691
-0.077698
-0.078905
-0.094308
-0.080889
-0.090976
-0.087893
-0.08589
-0.087453
-0.091702
-0.086378
-0.082322
-0.08163
-0.081692
-0.082969
-0.095956
-0.078467
-0.10277
-0.093128
-0.1042
-0.098576
-0.095297
-0.10185
-0.096058
-0.096898
-0.084997
-0.10205
-0.082806
-0.078329
-0.1045
-0.079737
-0.094801
-0.09323
-0.084215
-0.10122
-0.098863
-0.092712
-0.10094
9.9866
-0.087658
-0.082245
-0.087984
-0.1038
-0.087337
-0.088338
-0.081493
-0.083835
-0.093221
-0.10397
-0.087832
-0.1022
-0.085711
-0.086011
-0.10233
-0.090734
-0.079877
-0.10237
-0.088156
-0.099285
-0.091967
-0.096477
-0.086845
-0.088181
-0.081619
-0.076714
-0.083736
-0.086201
-0.086924
-0.086316
-0.10378
-0.08686
-0.091416
-0.09407
-0.091646
-0.084778
-0.10047
-0.080413
-0.089872
-0.084907
-0.088504
-0.079433
-0.10447
-0.082272
-0.079092
-0.099222
-0.098666
-0.080814
-0.092501
-0.095644
-0.093523
-0.079051
-0.099641
-0.093222
-0.079565
-0.079042
-0.10016
-0.09819
-0.10146
-0.096652
-0.077236
-0.076299
-0.077316
-0.085192
-0.094029
-0.082466
-0.09803
-0.095701
-0.095922
-0.078895
-0.083617
-0.090609
-0.10143
-0.096114
-0.076961
-0.099716
-0.095463
-0.099112
-0.079344
-0.083863
-0.091412
-0.097191
-0.083885
-0.098422
-0.10037
-0.077367
-0.08957
-0.096942
-0.077028
-0.082561
-0.087337
-0.083077
-0.10113
-0.086672
-0.10374
-0.092822
-0.090517
-0.084436
-0.091857
-0.087658
9.897
-0.084848
-0.09589
-0.085102
-0.10366
-0.084245
-0.077659
-0.077091
-0.077254
-0.08893
-0.09955
-0.094844
-0.1025
-0.080583
-0.099418
-0.080585
-0.08866
-0.086383
-0.075721
-0.093384
-0.089277
-0.077651
-0.079902
-0.08581
-0.096658
-0.1045
-0.098752
-0.10025
-0.093673
-0.082048
-0.093672
-0.085614
-0.081545
-0.098249
-0.10163
-0.092857
-0.07712
-0.10404
-0.088226
-0.10008
-0.081866
-0.093854
-0.086742
-0.094301
-0.091825
-0.078786
-0.093496
-0.090079
-0.091087
-0.080937
-0.097522
-0.088458
-0.082795
-0.079551
-0.080202
-0.096625
-0.089073
-0.1031
-0.077724
-0.081374
-0.10432
-0.10393
-0.080231
-0.090182
-0.094597
-0.10047
-0.083407
-0.086115
-0.10157
-0.090855
-0.10405
-0.081708
-0.086216
-0.10135
-0.087587
-0.079476
-0.085241
-0.076972
-0.10364
-0.096988
-0.078439
-0.10396
-0.10434
-0.094211
-0.090053
-0.085529
-0.078098
-0.086958
-0.087735
-0.087386
-0.077612
-0.10269
-0.090648
-0.088417
-0.1019
-0.095423
-0.088062
-0.10028
-0.097011
-0.082245
-0.084848
10.1501
-0.08787
-0.078961
-0.092491
-0.086649
-0.093037
-0.094141
-0.087971
-0.076905
-0.10021
-0.096549
-0.10503
-0.090196
-0.08532
-0.083054
-0.10147
-0.078303
-0.10431
-0.09602
-0.09973
-0.078832
-0.077676
-0.096569
-0.085008
-0.077487
-0.094825
-0.1006
-0.10473
-0.096655
-0.088061
-0.099711
-0.087847
-0.084625
-0.077035
-0.085535
-0.10027
-0.081159
-0.094412
-0.10187
-0.09717
-0.089839
-0.10081
-0.098857
-0.0876
-0.10031
-0.082476
-0.10024
-0.086408
-0.088441
-0.10271
-0.10272
-0.08071
-0.10468
-0.097697
-0.083295
-0.10445
-0.097884
-0.096609
-0.10312
-0.10508
-0.077947
-0.093336
-0.095524
-0.080527
-0.078248
-0.10302
-0.1049
-0.089077
-0.081764
-0.099731
-0.10522
-0.093467
-0.10294
-0.09515
-0.092803
-0.091028
-0.10385
-0.096484
-0.099181
-0.086155
-0.077954
-0.085203
-0.099023
-0.093789
-0.10361
-0.090066
-0.087236
-0.091522
-0.094522
-0.089482
-0.094183
-0.080015
-0.083696
-0.082229
-0.10394
-0.090381
-0.10236
-0.095476
-0.087984
-0.09589
-0.08787
9.9591
-0.099748
-0.093311
-0.084444
-0.082209
-0.07744
-0.1016
-0.10249
-0.075686
-0.10033
-0.093181
-0.078772
-0.088599
-0.093055
-0.090092
-0.098659
-0.096451
-0.096122
-0.084616
-0.096702
-0.091911
-0.094332
-0.07862
-0.078225
-0.080623
-0.086187
-0.082487
-0.089377
-0.077964
-0.10472
-0.088183
-0.082184
-0.092672
-0.095959
-0.084712
-0.095024
-0.099491
-0.084325
-0.10223
-0.076118
-0.087438
-0.082455
-0.086021
-0.083684
-0.1034
-0.084304
-0.084423
-0.098321
-0.079715
-0.10167
-0.076721
-0.087532
-0.076855
-0.096706
-0.083632
-0.084053
-0.095731
-0.080413
-0.10115
-0.086035
-0.090869
-0.10337
-0.088427
-0.10507
-0.10246
-0.105
-0.099731
-0.093219
-0.093918
-0.089128
-0.097065
-0.10273
-0.09526
-0.085212
-0.077854
-0.076018
-0.092931
-0.094696
-0.077122
-0.097004
-0.091396
-0.099305
-0.078571
-0.10245
-0.10387
-0.078413
-0.077796
-0.086824
-0.091513
-0.079473
-0.098337
-0.077391
-0.10198
-0.076321
-0.078366
-0.099139
-0.091595
-0.1038
-0.085102
-0.078961
-0.099748
9.9804
-0.083716
-0.10096
-0.087834
-0.082887
-0.094308
-0.097119
-0.095209
-0.096117
-0.094396
-0.089459
-0.10435
-0.10432
-0.094322
-0.091258
-0.085233
-0.097961
-0.082044
-0.086509
-0.10118
-0.093383
-0.076222
-0.098871
-0.076691
-0.082996
-0.080867
-0.084123
-0.087697
-0.095622
-0.08947
-0.090394
-0.092621
-0.099837
-0.081925
-0.088854
-0.076617
-0.083355
-0.083898
-0.088489
-0.089691
-0.10046
-0.093214
-0.095199
-0.10115
-0.099927
-0.096751
-0.075518
-0.088059
-0.10075
-0.094722
-0.097489
-0.09364
-0.076024
-0.083006
-0.096265
-0.076901
-0.086332
-0.097564
-0.098807
-0.087086
-0.10195
-0.076346
-0.08774
-0.10433
-0.099504
-0.07747
-0.087534
-0.098814
-0.086234
-0.097361
-0.10165
-0.09189
-0.096009
-0.081948
-0.098626
-0.094167
-0.099013
-0.07803
-0.093501
-0.09836
-0.10337
-0.087805
-0.08552
-0.091486
-0.090851
-0.091698
-0.096128
-0.082015
-0.083982
-0.084376
-0.099853
-0.10341
-0.079345
-0.10082
-0.084886
-0.081193
-0.087337
-0.10366
-0.092491
-0.093311
-0.083716
10.0302
-0.099624
-0.096397
-0.087035
-0.094306
-0.10287
-0.076922
-0.082664
-0.096213
-0.075959
-0.10368
-0.090995
-0.085517
-0.096967
-0.093342
-0.094632
-0.096758
-0.079937
-0.098707
-0.08553
-0.099171
-0.10014
-0.07601
-0.090435
-0.10507
-0.083067
-0.080733
-0.10243
-0.079365
-0.10504
-0.091036
-0.10216
-0.082277
-0.095911
-0.084001
-0.099046
-0.082567
-0.10428
-0.10102
-0.085321
-0.088426
-0.096943
-0.082375
-0.097487
-0.098113
-0.10534
-0.076342
-0.082016
-0.079121
-0.087681
-0.080335
-0.10418
-0.080908
-0.08315
-0.07633
-0.092733
-0.098135
-0.099916
-0.1004
-0.096984
-0.088538
-0.07926
-0.0917
-0.099077
-0.08978
-0.098339
-0.10258
-0.088665
-0.089328
-0.091501
-0.079984
-0.098368
-0.082366
-0.08772
-0.092772
-0.10276
-0.085036
-0.091591
-0.099163
-0.088055
-0.10457
-0.077045
-0.078761
-0.086126
-0.081739
-0.078708
-0.077681
-0.090968
-0.10508
-0.077152
-0.10435
-0.098021
-0.08837
-0.091519
-0.10296
-0.088338
-0.084245
-0.086649
-0.084444
-0.10096
-0.099624
9.7793
-0.096869
-0.075778
-0.084505
-0.095139
-0.077137
-0.081032
-0.077772
-0.09074
-0.086083
-0.075769
-0.079145
-0.10539
-0.075647
-0.098463
-0.08836
-0.091513
-0.079264
-0.086491
-0.096122
-0.090935
-0.086563
-0.088054
-0.085563
-0.098915
-0.092509
-0.096135
-0.082807
-0.080402
-0.088614
-0.096725
-0.10079
-0.082524
-0.084835
-0.079901
-0.10292
-0.1028
-0.087376
-0.098587
-0.085701
-0.10272
-0.098896
-0.091944
-0.077397
-0.089655
-0.081681
-0.078278
-0.085213
-0.098367
-0.082435
-0.10156
-0.10108
-0.080477
-0.085095
-0.092161
-0.0848
-0.089422
-0.084905
-0.082951
-0.08434
-0.10102
-0.086583
-0.07754
-0.088415
-0.078297
-0.085491
-0.10271
-0.078483
-0.07718
-0.082701
-0.081424
-0.093488
-0.080075
-0.084758
-0.079152
-0.099645
-0.093047
-0.075688
-0.088762
-0.1011
-0.10163
-0.0834
-0.097649
-0.10365
-0.1024
-0.099485
-0.084403
-0.076388
-0.0872
-0.10358
-0.088878
-0.095288
-0.098162
-0.093168
-0.081493
-0.077659
-0.093037
-0.082209
-0.087834
-0.096397
-0.096869
10.0873
-0.10458
-0.07854
-0.088764
-0.093157
-0.087707
-0.092597
-0.095278
-0.087133
-0.10026
-0.09204
-0.089898
-0.10117
-0.083099
-0.10403
-0.098779
-0.084874
-0.077568
-0.097484
-0.080123
-0.098775
-0.089403
-0.078347
-0.094549
-0.08386
-0.080255
-0.091366
-0.10285
-0.094639
-0.095569
-0.093285
-0.10466
-0.10205
-0.10367
-0.10505
-0.099503
-0.086498
-0.1003
-0.084442
-0.10375
-0.092986
-0.10365
-0.10243
-0.078556
-0.087907
-0.093685
-0.090244
-0.10237
-0.09898
-0.10523
-0.0899
-0.082698
-0.079071
-0.087507
-0.090734
-0.098164
-0.10102
-0.08647
-0.094531
-0.081295
-0.09384
-0.083789
-0.085505
-0.079649
-0.10053
-0.091045
-0.081542
-0.085106
-0.08336
-0.094876
-0.089592
-0.090068
-0.082921
-0.095923
-0.094654
-0.10467
-0.10269
-0.098165
-0.085828
-0.099021
-0.092126
-0.1026
-0.085344
-0.090195
-0.088899
-0.077942
-0.078093
-0.095011
-0.076053
-0.09118
-0.083133
-0.0797
-0.10199
-0.083835
-0.077091
-0.094141
-0.07744
-0.082887
-0.087035
-0.075778
-0.10458
10.0359
-0.087322
-0.090422
-0.099669
-0.076838
-0.10198
-0.092691
-0.1006
-0.078823
-0.093711
-0.092132
-0.077387
-0.08619
-0.10166
-0.088929
-0.097511
-0.092077
-0.0995
-0.09352
-0.091082
-0.084515
-0.10275
-0.10164
-0.092707
-0.081962
-0.089068
-0.085877
-0.09589
-0.083508
-0.088186
-0.094535
-0.10299
-0.10069
-0.078473
-0.078023
-0.10213
-0.087374
-0.085761
-0.097031
-0.10356
-0.086365
-0.10139
-0.080112
-0.078709
-0.08862
-0.096766
-0.087485
-0.090286
-0.096849
-0.079134
-0.090579
-0.10395
-0.090501
-0.094018
-0.097322
-0.1016
-0.10058
-0.08528
-0.099915
-0.088674
-0.097179
-0.090337
-0.093509
-0.078645
-0.08846
-0.081378
-0.099621
-0.094394
-0.095395
-0.088938
-0.10173
-0.10345
-0.075905
-0.084035
-0.10461
-0.099852
-0.086456
-0.096994
-0.08688
-0.083144
-0.10348
-0.09193
-0.089795
-0.081906
-0.089385
-0.10496
-0.090096
-0.086024
-0.097956
-0.099433
-0.10099
-0.077362
-0.093221
-0.077254
-0.087971
-0.1016
-0.094308
-0.094306
-0.084505
-0.07854
-0.087322
9.9698
-0.092904
-0.098942
-0.1025
-0.077843
-0.098764
-0.078865
-0.1004
-0.08314
-0.090135
-0.097431
-0.089268
-0.076903
-0.093522
-0.094453
-0.079286
-0.087812
-0.091354
-0.099533
-0.085983
-0.092361
-0.077251
-0.078261
-0.097311
-0.086315
-0.09823
-0.082158
-0.1008
-0.086835
-0.07632
-0.086452
-0.098368
-0.087007
-0.086736
-0.080458
-0.099128
-0.084395
-0.098745
-0.099397
-0.10305
-0.089364
-0.10071
-0.098404
-0.094434
-0.1039
-0.091745
-0.092293
-0.09139
-0.078447
-0.086507
-0.083269
-0.10017
-0.091487
-0.078481
-0.10073
-0.095682
-0.08043
-0.095505
-0.1048
-0.077804
-0.10471
-0.096381
-0.083292
-0.085464
-0.093426
-0.088757
-0.095941
-0.08893
-0.082318
-0.082308
-0.08392
-0.098493
-0.095606
-0.099467
-0.093009
-0.083594
-0.085719
-0.083468
-0.080807
-0.088693
-0.081046
-0.094319
-0.087879
-0.087482
-0.095563
-0.089288
-0.10413
-0.085467
-0.084243
-0.087791
-0.10016
-0.10397
-0.08893
-0.076905
-0.10249
-0.097119
-0.10287
-0.095139
-0.088764
-0.090422
-0.092904
9.9445
-0.077225
-0.078075
-0.080401
-0.099941
-0.086045
-0.099146
-0.082921
-0.090431
-0.079
-0.092796
-0.080201
-0.079006
-0.086964
-0.10159
-0.10252
-0.10337
-0.099052
-0.090021
-0.10039
-0.094463
-0.10405
-0.099729
-0.10218
-0.086071
-0.1022
-0.09454
-0.083676
-0.090446
-0.099645
-0.087937
-0.089347
-0.097529
-0.081039
-0.08818
-0.087325
-0.089961
-0.094367
-0.076021
-0.079755
-0.079858
-0.092076
-0.082586
-0.075956
-0.090986
-0.077293
-0.10378
-0.10073
-0.090253
-0.093567
-0.097994
-0.09303
-0.086898
-0.091841
-0.087385
-0.07595
-0.099637
-0.089945
-0.093714
-0.081359
-0.093627
-0.083167
-0.081085
-0.087267
-0.096037
-0.083735
-0.085022
-0.075731
-0.095074
-0.09561
-0.077857
-0.090051
-0.088579
-0.095184
-0.098438
-0.10363
-0.092028
-0.090201
-0.082767
-0.090739
-0.084178
-0.098037
-0.09732
-0.083814
-0.095939
-0.095653
-0.08911
-0.090829
-0.088136
-0.094958
-0.087832
-0.09955
-0.10021
-0.075686
-0.095209
-0.076922
-0.077137
-0.093157
-0.099669
-0.098942
-0.077225
9.9795
-0.102
-0.09497
-0.096081
-0.078325
-0.085284
-0.083343
-0.093003
-0.087019
-0.084533
-0.10542
-0.077975
-0.093393
-0.085617
-0.075811
-0.090174
-0.079198
-0.083164
-0.10532
-0.090334
-0.087766
-0.099524
-0.10005
-0.091508
-0.082081
-0.10506
-0.096941
-0.093385
-0.091608
-0.089096
-0.094199
-0.090185
-0.093712
-0.10385
-0.085209
-0.10338
-0.089112
-0.098867
-0.076953
-0.082567
-0.086685
-0.10215
-0.086563
-0.091997
-0.094967
-0.098232
-0.091913
-0.10225
-0.084543
-0.078037
-0.088905
-0.0961
-0.079666
-0.081142
-0.10149
-0.080591
-0.10248
-0.098285
-0.078585
-0.087034
-0.08043
-0.092248
-0.090634
-0.1025
-0.084545
-0.097251
-0.095868
-0.082308
-0.087122
-0.10404
-0.084548
-0.090136
-0.08467
-0.10119
-0.095289
-0.080197
-0.099027
-0.098574
-0.078515
-0.080398
-0.091676
-0.079826
-0.092613
-0.099463
-0.10224
-0.10306
-0.1044
-0.087058
-0.07561
-0.1022
-0.094844
-0.096549
-0.10033
-0.096117
-0.082664
-0.081032
-0.087707
-0.076838
-0.1025
-0.078075
-0.102
10.0888
-0.096561
-0.093581
-0.10042
-0.096303
-0.080019
-0.10524
-0.088567
-0.085677
-0.082253
-0.09473
-0.095323
-0.07654
-0.081151
-0.087996
-0.075882
-0.08819
-0.080465
-0.081742
-0.095055
-0.10291
-0.078124
-0.086867
-0.10032
-0.096496
-0.086943
-0.092638
-0.09735
-0.10344
-0.080359
-0.089076
-0.080955
-0.10122
-0.092642
-0.088057
-0.095272
-0.087753
-0.10412
-0.079194
-0.10066
-0.094016
-0.089062
-0.10403
-0.091197
-0.084179
-0.10103
-0.091424
-0.093141
-0.08878
-0.10455
-0.0799
-0.093361
-0.1002
-0.088505
-0.086265
-0.10374
-0.097027
-0.093899
-0.082293
-0.10002
-0.087145
-0.090586
-0.10457
-0.093555
-0.099023
-0.10256
-0.10053
-0.080767
-0.089491
-0.096943
-0.089471
-0.092771
-0.09472
-0.081343
-0.08937
-0.092101
-0.098854
-0.10531
-0.080065
-0.080707
-0.10497
-0.094092
-0.082631
-0.094696
-0.085301
-0.097332
-0.10302
-0.079858
-0.085711
-0.1025
-0.10503
-0.093181
-0.094396
-0.096213
-0.077772
-0.092597
-0.10198
-0.077843
-0.080401
-0.09497
-0.096561
9.9753
-0.10194
-0.095384
-0.083146
-0.094539
-0.088952
-0.09129
-0.085694
-0.086889
-0.10295
-0.093808
-0.076646
-0.094461
-0.092639
-0.087212
-0.077248
-0.089632
-0.08833
-0.088778
-0.088301
-0.08887
-0.088549
-0.097086
-0.084578
-0.08027
-0.086597
-0.08342
-0.092983
-0.10211
-0.083959
-0.084138
-0.10271
-0.099281
-0.076117
-0.082733
-0.083695
-0.10103
-0.085939
-0.096707
-0.10346
-0.095908
-0.090754
-0.089129
-0.09894
-0.086887
-0.076239
-0.078915
-0.079715
-0.096985
-0.083404
-0.10296
-0.099815
-0.079926
-0.080439
-0.10162
-0.077124
-0.077904
-0.090687
-0.095585
-0.093928
-0.087659
-0.10078
-0.086735
-0.095485
-0.10402
-0.10382
-0.075663
-0.10208
-0.076423
-0.099758
-0.086504
-0.08519
-0.090547
-0.10376
-0.077931
-0.097364
-0.088884
-0.099789
-0.084743
-0.090441
-0.095862
-0.087064
-0.082358
-0.10295
-0.098456
-0.079933
-0.10542
-0.086011
-0.080583
-0.090196
-0.078772
-0.089459
-0.075959
-0.09074
-0.095278
-0.092691
-0.098764
-0.099941
-0.096081
-0.093581
-0.10194
9.9191
-0.078314
-0.096797
-0.10448
-0.087086
-0.088557
-0.089464
-0.078457
-0.10148
-0.096073
-0.079199
-0.085019
-0.085257
-0.094523
-0.080054
-0.08556
-0.081932
-0.084521
-0.095225
-0.081892
-0.092352
-0.084603
-0.082294
-0.085648
-0.090689
-0.080038
-0.10188
-0.085859
-0.081146
-0.084884
-0.089149
-0.096419
-0.089728
-0.077623
-0.092263
-0.089676
-0.095695
-0.092076
-0.104
-0.076401
-0.09015
-0.10453
-0.098787
-0.085346
-0.078156
-0.078864
-0.086022
-0.085006
-0.090563
-0.080627
-0.083207
-0.079253
-0.090241
-0.10274
-0.10225
-0.10147
-0.084693
-0.096777
-0.10351
-0.084353
-0.083171
-0.092095
-0.10457
-0.091838
-0.087414
-0.10175
-0.078307
-0.090831
-0.09812
-0.097066
-0.077726
-0.097055
-0.088377
-0.090204
-0.095459
-0.095041
-0.082096
-0.078522
-0.085646
-0.089924
-0.091857
-0.092369
-0.10388
-0.091777
-0.082521
-0.084036
-0.10233
-0.099418
-0.08532
-0.088599
-0.10435
-0.10368
-0.086083
-0.087133
-0.1006
-0.078865
-0.086045
-0.078325
-0.10042
-0.095384
-0.078314
9.9663
-0.082744
-0.090236
-0.085014
-0.098924
-0.10368
-0.10303
-0.082849
-0.077366
-0.097367
-0.075998
-0.094099
-0.10165
-0.092103
-0.077264
-0.10165
-0.091655
-0.10256
-0.10286
-0.086106
-0.088135
-0.098816
-0.080306
-0.087888
-0.090086
-0.098679
-0.087513
-0.095959
-0.096329
-0.087134
-0.096662
-0.078937
-0.080455
-0.085988
-0.093688
-0.086692
-0.08113
-0.0958
-0.099524
-0.075643
-0.097904
-0.082371
-0.10257
-0.10157
-0.099563
-0.078018
-0.085119
-0.10443
-0.077723
-0.091727
-0.086066
-0.088844
-0.084329
-0.077566
-0.099442
-0.080738
-0.099887
-0.098089
-0.090029
-0.089344
-0.08327
-0.087203
-0.10113
-0.091006
-0.090203
-0.10435
-0.09183
-0.084802
-0.076984
-0.10258
-0.077545
-0.078219
-0.10134
-0.079517
-0.084506
-0.086841
-0.092846
-0.084581
-0.099231
-0.076976
-0.08061
-0.10527
-0.085397
-0.083501
-0.10345
-0.090734
-0.080585
-0.083054
-0.093055
-0.10432
-0.090995
-0.075769
-0.10026
-0.078823
-0.1004
-0.099146
-0.085284
-0.096303
-0.083146
-0.096797
-0.082744
9.9271
-0.096734
-0.087995
-0.089493
-0.087363
-0.079956
-0.10381
-0.09613
-0.10443
-0.079099
-0.086315
-0.076458
-0.095747
-0.079651
-0.07908
-0.087457
-0.07945
-0.088137
-0.088283
-0.091502
-0.10047
-0.088225
-0.092273
-0.092187
-0.10187
-0.09491
-0.10318
-0.078705
-0.089576
-0.088727
-0.094918
-0.098235
-0.10267
-0.087524
-0.077258
-0.088506
-0.082336
-0.092306
-0.10135
-0.088661
-0.079108
-0.085476
-0.077837
-0.098056
-0.105
-0.094117
-0.082793
-0.085347
-0.078913
-0.077852
-0.089675
-0.09419
-0.095101
-0.098201
-0.079859
-0.098509
-0.094427
-0.10178
-0.08658
-0.093159
-0.092404
-0.10281
-0.095851
-0.097324
-0.085271
-0.082141
-0.093625
-0.10407
-0.079425
-0.076626
-0.10337
-0.08311
-0.096368
-0.089408
-0.099648
-0.10397
-0.091219
-0.0817
-0.09132
-0.10201
-0.081161
-0.089155
-0.086423
-0.10279
-0.079877
-0.08866
-0.10147
-0.090092
-0.094322
-0.085517
-0.079145
-0.09204
-0.093711
-0.08314
-0.082921
-0.083343
-0.080019
-0.094539
-0.10448
-0.090236
-0.096734
9.8875
-0.083765
-0.094422
-0.08512
-0.09562
-0.0843
-0.090578
-0.097502
-0.078768
-0.080413
-0.097759
-0.09686
-0.079239
-0.10518
-0.099775
-0.079045
-0.092853
-0.10266
-0.087932
-0.095264
-0.10376
-0.078844
-0.08206
-0.093557
-0.088973
-0.081868
-0.078753
-0.088954
-0.0929
-0.098225
-0.081866
-0.099195
-0.09611
-0.09114
-0.092012
-0.086429
-0.088063
-0.089198
-0.09455
-0.088598
-0.087716
-0.091608
-0.095808
-0.090686
-0.07631
-0.078005
-0.097312
-0.097957
-0.092234
-0.076457
-0.080808
-0.10049
-0.085679
-0.081339
-0.09577
-0.088822
-0.076334
-0.086396
-0.089271
-0.082008
-0.090003
-0.10133
-0.080001
-0.081676
-0.099469
-0.077054
-0.077883
-0.10497
-0.077567
-0.094089
-0.10038
-0.087718
-0.091916
-0.078306
-0.10352
-0.097121
-0.093685
-0.090055
-0.095588
-0.076961
-0.098633
-0.083319
-0.099078
-0.10237
-0.086383
-0.078303
-0.098659
-0.091258
-0.096967
-0.10539
-0.089898
-0.092132
-0.090135
-0.090431
-0.093003
-0.10524
-0.088952
-0.087086
-0.085014
-0.087995
-0.083765
9.9616
-0.090202
-0.084508
-0.098624
-0.083751
-0.094036
-0.10322
-0.081516
-0.098668
-0.10199
-0.087609
-0.090391
-0.085991
-0.086242
-0.085348
-0.077784
-0.096304
-0.097032
-0.096558
-0.078684
-0.098491
-0.087906
-0.094496
-0.10502
-0.08523
-0.09177
-0.10293
-0.081409
-0.085382
-0.092574
-0.103
-0.078096
-0.090523
-0.080398
-0.086906
-0.087648
-0.077662
-0.092854
-0.080436
-0.075755
-0.083224
-0.10174
-0.077111
-0.089747
-0.085737
-0.098335
-0.087814
-0.081056
-0.097326
-0.078435
-0.10409
-0.10185
-0.08448
-0.078259
-0.091137
-0.08826
-0.0883
-0.098808
-0.09644
-0.10326
-0.095886
-0.091402
-0.10517
-0.07628
-0.10229
-0.083132
-0.085802
-0.095417
-0.10404
-0.092538
-0.081979
-0.081298
-0.097723
-0.10156
-0.098188
-0.10035
-0.084783
-0.077845
-0.091931
-0.095721
-0.092051
-0.093519
-0.088156
-0.075721
-0.10431
-0.096451
-0.085233
-0.093342
-0.075647
-0.10117
-0.077387
-0.097431
-0.079
-0.087019
-0.088567
-0.09129
-0.088557
-0.098924
-0.089493
-0.094422
-0.090202
9.9462
-0.081998
-0.094463
-0.10139
-0.079257
-0.093429
-0.084618
-0.078244
-0.099353
-0.093565
-0.07762
-0.099916
-0.081114
-0.089112
-0.094828
-0.088307
-0.08954
-0.10304
-0.080751
-0.093008
-0.099768
-0.093347
-0.092594
-0.076381
-0.081043
-0.087103
-0.087221
-0.098641
-0.10132
-0.087893
-0.10402
-0.07748
-0.076492
-0.087167
-0.090344
-0.08616
-0.081554
-0.093863
-0.083688
-0.086806
-0.089892
-0.10429
-0.10407
-0.091182
-0.10471
-0.076399
-0.10294
-0.081984
-0.082165
-0.089217
-0.097172
-0.098121
-0.09764
-0.077899
-0.084411
-0.086789
-0.082316
-0.086679
-0.095093
-0.091147
-0.10172
-0.091692
-0.087184
-0.092584
-0.09086
-0.095135
-0.090306
-0.092106
-0.079942
-0.099694
-0.089723
-0.085858
-0.10465
-0.10185
-0.090073
-0.097887
-0.094385
-0.085259
-0.094092
-0.096725
-0.075639
-0.099285
-0.093384
-0.09602
-0.096122
-0.097961
-0.094632
-0.098463
-0.083099
-0.08619
-0.089268
-0.092796
-0.084533
-0.085677
-0.085694
-0.089464
-0.10368
-0.087363
-0.08512
-0.084508
-0.081998
9.8796
-0.09722
-0.082204
-0.091803
-0.093285
-0.087725
-0.085424
-0.10214
-0.10127
-0.088925
-0.082105
-0.089398
-0.077406
-0.091469
-0.078262
-0.091038
-0.077929
-0.094693
-0.077085
-0.090993
-0.083075
-0.080769
-0.077587
-0.079593
-0.10362
-0.082344
-0.087137
-0.086041
-0.091229
-0.097847
-0.093108
-0.099515
-0.095857
-0.086791
-0.083514
-0.082169
-0.077408
-0.10312
-0.098481
-0.076297
-0.094976
-0.085551
-0.08658
-0.083229
-0.080022
-0.092977
-0.082788
-0.10175
-0.098404
-0.078699
-0.1015
-0.078857
-0.075679
-0.10142
-0.087688
-0.093251
-0.090739
-0.087044
-0.083568
-0.098139
-0.096495
-0.081526
-0.10141
-0.08432
-0.08584
-0.083131
-0.086212
-0.091455
-0.075994
-0.081773
-0.094551
-0.080813
-0.10065
-0.078592
-0.084578
-0.099961
-0.076578
-0.10165
-0.091204
-0.10029
-0.091967
-0.089277
-0.09973
-0.084616
-0.082044
-0.096758
-0.08836
-0.10403
-0.10166
-0.076903
-0.080201
-0.10542
-0.082253
-0.086889
-0.078457
-0.10303
-0.079956
-0.09562
-0.098624
-0.094463
-0.09722
9.9682
-0.079915
-0.097318
-0.089969
-0.089612
-0.1033
-0.079085
-0.099467
-0.082844
-0.093081
-0.078886
-0.088738
-0.09196
-0.093403
-0.10217
-0.099255
-0.087033
-0.096618
-0.080594
-0.094513
-0.087025
-0.096692
-0.08611
-0.102
-0.078293
-0.10267
-0.10121
-0.095286
-0.08255
-0.10008
-0.092968
-0.10269
-0.093897
-0.078803
-0.093694
-0.080961
-0.079061
-0.095458
-0.078014
-0.1053
-0.092272
-0.08372
-0.07576
-0.077516
-0.092525
-0.10153
-0.085241
-0.099435
-0.09314
-0.085524
-0.09288
-0.086782
-0.089943
-0.10365
-0.097433
-0.098396
-0.0943
-0.087613
-0.07551
-0.10137
-0.079099
-0.079732
-0.079345
-0.10407
-0.087519
-0.10325
-0.10239
-0.10328
-0.10126
-0.092335
-0.084305
-0.097343
-0.10342
-0.080125
-0.092376
-0.078873
-0.079408
-0.097498
-0.1021
-0.096477
-0.077651
-0.078832
-0.096702
-0.086509
-0.079937
-0.091513
-0.098779
-0.088929
-0.093522
-0.079006
-0.077975
-0.09473
-0.10295
-0.10148
-0.082849
-0.10381
-0.0843
-0.083751
-0.10139
-0.082204
-0.079915
9.9202
-0.087995
-0.079649
-0.085892
-0.084345
-0.077889
-0.10142
-0.090052
-0.080676
-0.082681
-0.092537
-0.087331
-0.08594
-0.10174
-0.1019
-0.099697
-0.098222
-0.084711
-0.085022
-0.08534
-0.096227
-0.10237
-0.087355
-0.091005
-0.086313
-0.091493
-0.099561
-0.1036
-0.080094
-0.080082
-0.080471
-0.10249
-0.099103
-0.079764
-0.079457
-0.10075
-0.087705
-0.085659
-0.084722
-0.085298
-0.094267
-0.083672
-0.080165
-0.090719
-0.091797
-0.091493
-0.085468
-0.10429
-0.086003
-0.084603
-0.099858
-0.094241
-0.083534
-0.080287
-0.097169
-0.099409
-0.078474
-0.085888
-0.07926
-0.093993
-0.078634
-0.092816
-0.079543
-0.077135
-0.087308
-0.1008
-0.085284
-0.098
-0.10533
-0.099127
-0.10108
-0.087236
-0.079332
-0.082264
-0.087842
-0.082637
-0.095293
-0.077992
-0.086845
-0.079902
-0.077676
-0.091911
-0.10118
-0.098707
-0.079264
-0.084874
-0.097511
-0.094453
-0.086964
-0.093393
-0.095323
-0.093808
-0.096073
-0.077366
-0.09613
-0.090578
-0.094036
-0.079257
-0.091803
-0.097318
-0.087995
9.9677
-0.088875
-0.079753
-0.091174
-0.095853
-0.084769
-0.087953
-0.079284
-0.086616
-0.091466
-0.077472
-0.093048
-0.096201
-0.095537
-0.093739
-0.093887
-0.096352
-0.083392
-0.092443
-0.087562
-0.094921
-0.099138
-0.07644
-0.088463
-0.10437
-0.099855
-0.10468
-0.09401
-0.09532
-0.079462
-0.094967
-0.099731
-0.098039
-0.10349
-0.083653
-0.093461
-0.092319
-0.10257
-0.077007
-0.10212
-0.10092
-0.082007
-0.07573
-0.10491
-0.10351
-0.083568
-0.10082
-0.092988
-0.084422
-0.10356
-0.10249
-0.082589
-0.079331
-0.078953
-0.097185
-0.086455
-0.085653
-0.092784
-0.077089
-0.10185
-0.089472
-0.10153
-0.094199
-0.088064
-0.083826
-0.095616
-0.10079
-0.09192
-0.095125
-0.1033
-0.10273
-0.085364
-0.093245
-0.085203
-0.091362
-0.098056
-0.098285
-0.088181
-0.08581
-0.096569
-0.094332
-0.093383
-0.08553
-0.086491
-0.077568
-0.092077
-0.079286
-0.10159
-0.085617
-0.07654
-0.076646
-0.079199
-0.097367
-0.10443
-0.097502
-0.10322
-0.093429
-0.093285
-0.089969
-0.079649
-0.088875
10.0636
-0.075534
-0.081617
-0.086646
-0.076944
-0.087256
-0.097488
-0.095388
-0.088835
-0.08345
-0.095977
-0.085907
-0.096782
-0.10404
-0.089041
-0.091685
-0.10126
-0.10475
-0.086999
-0.10158
-0.0853
-0.090743
-0.099071
-0.10166
-0.091391
-0.090748
-0.086462
-0.095703
-0.087074
-0.079747
-0.092643
-0.080739
-0.086954
-0.084333
-0.089376
-0.087881
-0.10471
-0.094778
-0.095475
-0.098528
-0.10257
-0.091946
-0.098529
-0.10281
-0.080024
-0.087167
-0.075687
-0.092319
-0.093789
-0.096748
-0.090339
-0.10449
-0.088904
-0.089436
-0.1001
-0.097898
-0.07716
-0.10223
-0.082189
-0.096257
-0.094814
-0.089415
-0.097866
-0.087647
-0.084805
-0.090772
-0.096656
-0.096541
-0.084078
-0.079379
-0.091082
-0.076926
-0.098644
-0.077298
-0.084532
-0.08969
-0.081619
-0.096658
-0.085008
-0.07862
-0.076222
-0.099171
-0.096122
-0.097484
-0.0995
-0.087812
-0.10252
-0.075811
-0.081151
-0.094461
-0.085019
-0.075998
-0.079099
-0.078768
-0.081516
-0.084618
-0.087725
-0.089612
-0.085892
-0.079753
-0.075534
9.8364
-0.098866
-0.079456
-0.093938
-0.095588
-0.0881
-0.084253
-0.087956
-0.085518
-0.099013
-0.08379
-0.077123
-0.10089
-0.086174
-0.087406
-0.083882
-0.097379
-0.10115
-0.082388
-0.098593
-0.079113
-0.095878
-0.080038
-0.076455
-0.10466
-0.079084
-0.10245
-0.09161
-0.092878
-0.084499
-0.08047
-0.082786
-0.085023
-0.093381
-0.10348
-0.085591
-0.076978
-0.10179
-0.10048
-0.09704
-0.09102
-0.084368
-0.099104
-0.090754
-0.10044
-0.083477
-0.091449
-0.095326
-0.092264
-0.09006
-0.10202
-0.0969
-0.10041
-0.08746
-0.092538
-0.091498
-0.083557
-0.078585
-0.09017
-0.085132
-0.10517
-0.080043
-0.10208
-0.093888
-0.097004
-0.10194
-0.1028
-0.079787
-0.095042
-0.079575
-0.088542
-0.091164
-0.10396
-0.078802
-0.08206
-0.076714
-0.1045
-0.077487
-0.078225
-0.098871
-0.10014
-0.090935
-0.080123
-0.09352
-0.091354
-0.10337
-0.090174
-0.087996
-0.092639
-0.085257
-0.094099
-0.086315
-0.080413
-0.098668
-0.078244
-0.085424
-0.1033
-0.084345
-0.091174
-0.081617
-0.098866
9.9428
-0.085893
-0.076327
-0.095662
-0.1049
-0.076946
-0.10094
-0.090344
-0.096356
-0.077732
-0.087656
-0.098621
-0.10457
-0.096678
-0.094291
-0.10092
-0.10537
-0.091724
-0.093619
-0.08931
-0.08517
-0.090568
-0.096794
-0.099164
-0.095126
-0.078175
-0.078394
-0.098564
-0.082279
-0.10424
-0.097122
-0.089581
-0.088792
-0.10011
-0.079079
-0.096125
-0.079216
-0.076056
-0.094604
-0.088337
-0.077671
-0.10186
-0.098881
-0.095712
-0.083168
-0.077298
-0.075925
-0.095818
-0.086474
-0.10118
-0.076847
-0.094995
-0.087007
-0.080049
-0.10143
-0.092743
-0.099331
-0.09746
-0.095691
-0.081126
-0.1022
-0.075744
-0.094078
-0.091128
-0.095383
-0.08027
-0.086277
-0.084344
-0.088348
-0.096957
-0.098214
-0.085733
-0.10341
-0.075925
-0.083736
-0.098752
-0.094825
-0.080623
-0.076691
-0.07601
-0.086563
-0.098775
-0.091082
-0.099533
-0.099052
-0.079198
-0.075882
-0.087212
-0.094523
-0.10165
-0.076458
-0.097759
-0.10199
-0.099353
-0.10214
-0.079085
-0.077889
-0.095853
-0.086646
-0.079456
-0.085893
9.8113
-0.078348
-0.093749
-0.093388
-0.096146
-0.096035
-0.08286
-0.089882
-0.091438
-0.079366
-0.082889
-0.090726
-0.078533
-0.083965
-0.098907
-0.083073
-0.092164
-0.090179
-0.09591
-0.075877
-0.10046
-0.079145
-0.082653
-0.081584
-0.087759
-0.079034
-0.10024
-0.085852
-0.084803
-0.083643
-0.08025
-0.10243
-0.095363
-0.081422
-0.097561
-0.084271
-0.083855
-0.084119
-0.097587
-0.090279
-0.077575
-0.081154
-0.078337
-0.086867
-0.079987
-0.092999
-0.098069
-0.084675
-0.078041
-0.10495
-0.096402
-0.099654
-0.084422
-0.10186
-0.10075
-0.076701
-0.10543
-0.092059
-0.09791
-0.09462
-0.084481
-0.095898
-0.086626
-0.09804
-0.090116
-0.087854
-0.087233
-0.08334
-0.07855
-0.099496
-0.078195
-0.077088
-0.076236
-0.086201
-0.10025
-0.1006
-0.086187
-0.082996
-0.090435
-0.088054
-0.089403
-0.084515
-0.085983
-0.090021
-0.083164
-0.08819
-0.077248
-0.080054
-0.092103
-0.095747
-0.09686
-0.087609
-0.093565
-0.10127
-0.099467
-0.10142
-0.084769
-0.076944
-0.093938
-0.076327
-0.078348
9.9516
-0.089803
-0.096487
-0.078393
-0.094302
-0.088101
-0.091706
-0.09395
-0.082612
-0.10246
-0.09956
-0.080042
-0.10485
-0.10009
-0.085592
-0.10034
-0.095649
-0.099985
-0.082172
-0.086548
-0.10424
-0.080276
-0.086357
-0.09552
-0.092325
-0.10231
-0.097589
-0.089019
-0.091939
-0.090011
-0.086686
-0.087377
-0.080377
-0.095239
-0.098154
-0.075938
-0.083609
-0.099403
-0.10481
-0.099447
-0.10332
-0.083683
-0.097034
-0.082531
-0.092316
-0.079431
-0.096902
-0.09882
-0.077628
-0.085218
-0.089005
-0.088247
-0.081148
-0.092365
-0.087613
-0.098086
-0.085875
-0.10178
-0.093027
-0.088341
-0.085392
-0.089849
-0.082187
-0.084037
-0.095435
-0.084215
-0.094786
-0.077844
-0.09204
-0.080801
-0.09243
-0.078173
-0.086924
-0.093673
-0.10473
-0.082487
-0.080867
-0.10507
-0.085563
-0.078347
-0.10275
-0.092361
-0.10039
-0.10532
-0.080465
-0.089632
-0.08556
-0.077264
-0.079651
-0.079239
-0.090391
-0.07762
-0.088925
-0.082844
-0.090052
-0.087953
-0.087256
-0.095588
-0.095662
-0.093749
-0.089803
9.7526
-0.094675
-0.094453
-0.076464
-0.075452
-0.090215
-0.081967
-0.084733
-0.079845
-0.078092
-0.093381
-0.077295
-0.091536
-0.077191
-0.098662
-0.099699
-0.086132
-0.10457
-0.094272
-0.098248
-0.08603
-0.080207
-0.094754
-0.089706
-0.079215
-0.085342
-0.089862
-0.089031
-0.091883
-0.088921
-0.084205
-0.096105
-0.08547
-0.076888
-0.082727
-0.08855
-0.085495
-0.093755
-0.086124
-0.079317
-0.08525
-0.08835
-0.087941
-0.10502
-0.077688
-0.089731
-0.078634
-0.07959
-0.091899
-0.10512
-0.097333
-0.096794
-0.09367
-0.10335
-0.077295
-0.086784
-0.1039
-0.082295
-0.096605
-0.10243
-0.083233
-0.081905
-0.085621
-0.10295
-0.103
-0.08977
-0.090809
-0.10231
-0.09008
-0.086402
-0.098081
-0.086316
-0.082048
-0.096655
-0.089377
-0.084123
-0.083067
-0.098915
-0.094549
-0.10164
-0.077251
-0.094463
-0.090334
-0.081742
-0.08833
-0.081932
-0.10165
-0.07908
-0.10518
-0.085991
-0.099916
-0.082105
-0.093081
-0.080676
-0.079284
-0.097488
-0.0881
-0.1049
-0.093388
-0.096487
-0.094675
9.9569
-0.1006
-0.10489
-0.081423
-0.092919
-0.10204
-0.085513
-0.084856
-0.089987
-0.093129
-0.0845
-0.092376
-0.076715
-0.094258
-0.10306
-0.07684
-0.091151
-0.081687
-0.078893
-0.10425
-0.096534
-0.080358
-0.089708
-0.10347
-0.098289
-0.077043
-0.083331
-0.086131
-0.083697
-0.078139
-0.10045
-0.07831
-0.090598
-0.090619
-0.08042
-0.079203
-0.098786
-0.093902
-0.10493
-0.1022
-0.080283
-0.08435
-0.089953
-0.078095
-0.096335
-0.090475
-0.076248
-0.079091
-0.096554
-0.10033
-0.094549
-0.094396
-0.099715
-0.079344
-0.076776
-0.10338
-0.07759
-0.077237
-0.091194
-0.1015
-0.087875
-0.086558
-0.080201
-0.095364
-0.084436
-0.094207
-0.098544
-0.10216
-0.086331
-0.082942
-0.10378
-0.093672
-0.088061
-0.077964
-0.087697
-0.080733
-0.092509
-0.08386
-0.092707
-0.078261
-0.10405
-0.087766
-0.095055
-0.088778
-0.084521
-0.091655
-0.087457
-0.099775
-0.086242
-0.081114
-0.089398
-0.078886
-0.082681
-0.086616
-0.095388
-0.084253
-0.076946
-0.096146
-0.078393
-0.094453
-0.1006
9.8808
-0.077028
-0.084055
-0.091066
-0.094023
-0.10318
-0.087392
-0.077779
-0.077293
-0.080003
-0.093262
-0.090832
-0.10419
-0.081059
-0.095813
-0.080996
-0.097884
-0.083579
-0.086579
-0.087781
-0.097119
-0.095939
-0.10393
-0.095197
-0.087261
-0.085904
-0.078157
-0.1007
-0.095442
-0.094405
-0.078909
-0.095383
-0.099834
-0.083719
-0.10429
-0.08064
-0.098624
-0.10445
-0.081409
-0.098609
-0.075431
-0.10444
-0.07894
-0.099988
-0.099092
-0.095542
-0.08153
-0.080176
-0.088202
-0.079358
-0.088248
-0.080106
-0.07981
-0.088671
-0.078053
-0.096796
-0.089841
-0.091053
-0.077089
-0.083513
-0.10414
-0.10293
-0.09852
-0.097035
-0.10221
-0.09045
-0.081457
-0.076372
-0.081443
-0.08686
-0.085614
-0.099711
-0.10472
-0.095622
-0.10243
-0.096135
-0.080255
-0.081962
-0.097311
-0.099729
-0.099524
-0.10291
-0.088301
-0.095225
-0.10256
-0.07945
-0.079045
-0.085348
-0.089112
-0.077406
-0.088738
-0.092537
-0.091466
-0.088835
-0.087956
-0.10094
-0.096035
-0.094302
-0.076464
-0.10489
-0.077028
9.8969
-0.075964
-0.081335
-0.094201
-0.093142
-0.084154
-0.089169
-0.084221
-0.076586
-0.089897
-0.10054
-0.087373
-0.10336
-0.093328
-0.084643
-0.10395
-0.10471
-0.085983
-0.10118
-0.094869
-0.076243
-0.097097
-0.081857
-0.095952
-0.10042
-0.080549
-0.094873
-0.095869
-0.08767
-0.092632
-0.086415
-0.080571
-0.092302
-0.081221
-0.07582
-0.077669
-0.092134
-0.078917
-0.078634
-0.092467
-0.10162
-0.089631
-0.10231
-0.079123
-0.084947
-0.095678
-0.076518
-0.10362
-0.098779
-0.089256
-0.098366
-0.097243
-0.082693
-0.10533
-0.084801
-0.07808
-0.08332
-0.084831
-0.099055
-0.086858
-0.089243
-0.097144
-0.07738
-0.089519
-0.093142
-0.097798
-0.098736
-0.077754
-0.091416
-0.081545
-0.087847
-0.088183
-0.08947
-0.079365
-0.082807
-0.091366
-0.089068
-0.086315
-0.10218
-0.10005
-0.078124
-0.08887
-0.081892
-0.10286
-0.088137
-0.092853
-0.077784
-0.094828
-0.091469
-0.09196
-0.087331
-0.077472
-0.08345
-0.085518
-0.090344
-0.08286
-0.088101
-0.075452
-0.081423
-0.084055
-0.075964
9.8248
-0.088228
-0.10012
-0.10244
-0.080148
-0.091104
-0.097276
-0.086482
-0.093199
-0.10439
-0.079876
-0.083607
-0.092559
-0.081527
-0.077058
-0.08115
-0.075847
-0.079419
-0.10411
-0.082732
-0.10221
-0.10294
-0.091477
-0.090168
-0.092775
-0.10074
-0.077629
-0.092597
-0.092336
-0.10344
-0.10171
-0.10481
-0.079392
-0.082292
-0.080086
-0.097251
-0.10437
-0.076544
-0.080498
-0.090081
-0.079582
-0.098052
-0.08521
-0.10535
-0.076893
-0.097714
-0.077697
-0.08015
-0.10182
-0.077178
-0.09539
-0.088284
-0.089201
-0.08746
-0.10257
-0.10135
-0.082181
-0.077465
-0.075813
-0.094347
-0.088661
-0.092603
-0.090654
-0.079668
-0.094514
-0.10514
-0.089096
-0.09407
-0.098249
-0.084625
-0.082184
-0.090394
-0.10504
-0.080402
-0.10285
-0.085877
-0.09823
-0.086071
-0.091508
-0.086867
-0.088549
-0.092352
-0.086106
-0.088283
-0.10266
-0.096304
-0.088307
-0.078262
-0.093403
-0.08594
-0.093048
-0.095977
-0.099013
-0.096356
-0.089882
-0.091706
-0.090215
-0.092919
-0.091066
-0.081335
-0.088228
9.8724
-0.094226
-0.09053
-0.08867
-0.098606
-0.085605
-0.099957
-0.09284
-0.089763
-0.097013
-0.079869
-0.089205
-0.078284
-0.098524
-0.097072
-0.086153
-0.076982
-0.085788
-0.076194
-0.078773
-0.081708
-0.10053
-0.07585
-0.091349
-0.094237
-0.076789
-0.094777
-0.10262
-0.09719
-0.083317
-0.084871
-0.090659
-0.084387
-0.091183
-0.077678
-0.082365
-0.085014
-0.092827
-0.079442
-0.096567
-0.084467
-0.084619
-0.084544
-0.099836
-0.10381
-0.077902
-0.081167
-0.087062
-0.095674
-0.10438
-0.083387
-0.08788
-0.086883
-0.10275
-0.084953
-0.07695
-0.07731
-0.095892
-0.087134
-0.083015
-0.08017
-0.085788
-0.093565
-0.095045
-0.079938
-0.095924
-0.091646
-0.10163
-0.077035
-0.092672
-0.092621
-0.091036
-0.088614
-0.094639
-0.09589
-0.082158
-0.1022
-0.082081
-0.10032
-0.097086
-0.084603
-0.088135
-0.091502
-0.087932
-0.097032
-0.08954
-0.091038
-0.10217
-0.10174
-0.096201
-0.085907
-0.08379
-0.077732
-0.091438
-0.09395
-0.081967
-0.10204
-0.094023
-0.094201
-0.10012
-0.094226
9.9879
-0.079419
-0.092351
-0.087061
-0.097096
-0.10297
-0.10467
-0.098415
-0.091387
-0.078223
-0.081732
-0.10091
-0.089231
-0.089219
-0.076307
-0.097486
-0.095376
-0.094155
-0.090635
-0.099974
-0.091617
-0.10364
-0.088308
-0.10301
-0.087841
-0.081787
-0.10221
-0.076396
-0.10463
-0.087093
-0.083052
-0.08505
-0.0953
-0.077167
-0.082205
-0.076264
-0.080375
-0.096199
-0.10201
-0.10123
-0.08799
-0.077227
-0.099845
-0.10465
-0.082418
-0.085226
-0.10299
-0.095552
-0.08361
-0.092187
-0.096904
-0.088035
-0.078302
-0.08806
-0.10077
-0.080695
-0.08741
-0.077282
-0.088005
-0.09907
-0.084071
-0.081692
-0.087633
-0.094806
-0.095496
-0.084778
-0.092857
-0.085535
-0.095959
-0.099837
-0.10216
-0.096725
-0.095569
-0.083508
-0.1008
-0.09454
-0.10506
-0.096496
-0.084578
-0.082294
-0.098816
-0.10047
-0.095264
-0.096558
-0.10304
-0.077929
-0.099255
-0.1019
-0.095537
-0.096782
-0.077123
-0.087656
-0.079366
-0.082612
-0.084733
-0.085513
-0.10318
-0.093142
-0.10244
-0.09053
-0.079419
10.0583
-0.082247
-0.10358
-0.086298
-0.10413
-0.092529
-0.08018
-0.10232
-0.095691
-0.085954
-0.091222
-0.08005
-0.094375
-0.1029
-0.1048
-0.090592
-0.10464
-0.093444
-0.093869
-0.079665
-0.07888
-0.084531
-0.081247
-0.094415
-0.077126
-0.10338
-0.090356
-0.081868
-0.099625
-0.10175
-0.085023
-0.10028
-0.096761
-0.08987
-0.088163
-0.096202
-0.093075
-0.08832
-0.094856
-0.088047
-0.10064
-0.092514
-0.085843
-0.077257
-0.095772
-0.087934
-0.092999
-0.095381
-0.094427
-0.09948
-0.097695
-0.079084
-0.091984
-0.086577
-0.098838
-0.10299
-0.10197
-0.096158
-0.082469
-0.085462
-0.089857
-0.091234
-0.083035
-0.083588
-0.10047
-0.07712
-0.10027
-0.084712
-0.081925
-0.082277
-0.10079
-0.093285
-0.088186
-0.086835
-0.083676
-0.096941
-0.086943
-0.08027
-0.085648
-0.080306
-0.088225
-0.10376
-0.078684
-0.080751
-0.094693
-0.087033
-0.099697
-0.093739
-0.10404
-0.10089
-0.098621
-0.082889
-0.10246
-0.079845
-0.084856
-0.087392
-0.084154
-0.080148
-0.08867
-0.092351
-0.082247
9.9024
-0.081444
-0.095267
-0.097762
-0.082187
-0.083803
-0.086002
-0.090086
-0.097469
-0.1041
-0.10136
-0.082435
-0.09605
-0.099865
-0.099831
-0.095543
-0.093926
-0.10289
-0.079688
-0.088093
-0.083858
-0.083768
-0.10387
-0.08384
-0.089188
-0.089612
-0.10133
-0.078728
-0.0794
-0.085152
-0.080524
-0.081939
-0.099699
-0.079537
-0.085294
-0.1042
-0.096703
-0.082147
-0.085201
-0.085396
-0.083055
-0.081105
-0.079276
-0.080482
-0.076609
-0.096658
-0.099256
-0.096944
-0.099362
-0.093474
-0.10503
-0.083159
-0.10445
-0.081203
-0.10216
-0.09325
-0.095934
-0.10295
-0.10079
-0.10074
-0.10214
-0.077052
-0.081526
-0.080413
-0.10404
-0.081159
-0.095024
-0.088854
-0.095911
-0.082524
-0.10466
-0.094535
-0.07632
-0.090446
-0.093385
-0.092638
-0.086597
-0.090689
-0.087888
-0.092273
-0.078844
-0.098491
-0.093008
-0.077085
-0.096618
-0.098222
-0.093887
-0.089041
-0.086174
-0.10457
-0.090726
-0.09956
-0.078092
-0.089987
-0.077779
-0.089169
-0.091104
-0.098606
-0.087061
-0.10358
-0.081444
10.0286
-0.081988
-0.087406
-0.087667
-0.081538
-0.088179
-0.08318
-0.087605
-0.099918
-0.09648
-0.1015
-0.091633
-0.076452
-0.091307
-0.10342
-0.09769
-0.089024
-0.084634
-0.076836
-0.094776
-0.10046
-0.086915
-0.081434
-0.078766
-0.094847
-0.096382
-0.09657
-0.075683
-0.091143
-0.10388
-0.07844
-0.095364
-0.086667
-0.096604
-0.10106
-0.10451
-0.086657
-0.10276
-0.082331
-0.085957
-0.096661
-0.090718
-0.098567
-0.0856
-0.10463
-0.10088
-0.085987
-0.076756
-0.084715
-0.10112
-0.090717
-0.08312
-0.09266
-0.084119
-0.093805
-0.083712
-0.09453
-0.088614
-0.078002
-0.099034
-0.078679
-0.086421
-0.089872
-0.088226
-0.094412
-0.099491
-0.076617
-0.084001
-0.084835
-0.10205
-0.10299
-0.086452
-0.099645
-0.091608
-0.09735
-0.08342
-0.080038
-0.090086
-0.092187
-0.08206
-0.087906
-0.099768
-0.090993
-0.080594
-0.084711
-0.096352
-0.091685
-0.087406
-0.096678
-0.078533
-0.080042
-0.093381
-0.093129
-0.077293
-0.084221
-0.097276
-0.085605
-0.097096
-0.086298
-0.095267
-0.081988
9.8805
-0.081284
-0.095404
-0.084246
-0.084653
-0.081427
-0.082487
-0.078687
-0.098626
-0.094954
-0.092838
-0.080173
-0.080931
-0.077255
-0.091878
-0.087097
-0.084491
-0.093966
-0.081363
-0.095193
-0.088363
-0.10411
-0.095396
-0.080095
-0.0863
-0.10106
-0.10409
-0.09801
-0.077466
-0.09879
-0.096341
-0.091821
-0.09054
-0.08159
-0.085361
-0.098827
-0.091727
-0.088444
-0.095418
-0.10112
-0.095447
-0.10471
-0.085936
-0.080248
-0.094444
-0.084827
-0.077165
-0.085254
-0.082871
-0.085939
-0.095297
-0.081246
-0.10237
-0.08795
-0.080575
-0.079662
-0.083826
-0.091578
-0.10134
-0.08278
-0.083294
-0.084907
-0.10008
-0.10187
-0.084325
-0.083355
-0.099046
-0.079901
-0.10367
-0.10069
-0.098368
-0.087937
-0.089096
-0.10344
-0.092983
-0.10188
-0.098679
-0.10187
-0.093557
-0.094496
-0.093347
-0.083075
-0.094513
-0.085022
-0.083392
-0.10126
-0.083882
-0.094291
-0.083965
-0.10485
-0.077295
-0.0845
-0.080003
-0.076586
-0.086482
-0.099957
-0.10297
-0.10413
-0.097762
-0.087406
-0.081284
10.0189
-0.10418
-0.080935
-0.098346
-0.090393
-0.087107
-0.093022
-0.079084
-0.083949
-0.078464
-0.077595
-0.096724
-0.080416
-0.09297
-0.10437
-0.10423
-0.086988
-0.10501
-0.091198
-0.097569
-0.080086
-0.097219
-0.10336
-0.085933
-0.095258
-0.085346
-0.098343
-0.090035
-0.095557
-0.10036
-0.089184
-0.10266
-0.087594
-0.087685
-0.091352
-0.093525
-0.089926
-0.090632
-0.10473
-0.080129
-0.089703
-0.10207
-0.080379
-0.077949
-0.09833
-0.09503
-0.097225
-0.07953
-0.088138
-0.089268
-0.089332
-0.084383
-0.10522
-0.10201
-0.10169
-0.082887
-0.091452
-0.076217
-0.10209
-0.081538
-0.088504
-0.081866
-0.09717
-0.10223
-0.083898
-0.082567
-0.10292
-0.10505
-0.078473
-0.087007
-0.089347
-0.094199
-0.080359
-0.10211
-0.085859
-0.087513
-0.09491
-0.088973
-0.10502
-0.092594
-0.080769
-0.087025
-0.08534
-0.092443
-0.10475
-0.097379
-0.10092
-0.098907
-0.10009
-0.091536
-0.092376
-0.093262
-0.089897
-0.093199
-0.09284
-0.10467
-0.092529
-0.082187
-0.087667
-0.095404
-0.10418
10.0169
-0.097735
-0.076416
-0.1005
-0.087059
-0.08739
-0.098338
-0.081646
-0.095358
-0.081807
-0.080015
-0.090324
-0.094477
-0.1007
-0.086609
-0.080646
-0.10375
-0.098371
-0.086893
-0.07795
-0.076346
-0.082747
-0.080093
-0.097938
-0.10118
-0.1032
-0.079473
-0.076665
-0.078312
-0.092416
-0.094939
-0.090549
-0.077304
-0.089771
-0.084921
-0.10266
-0.097562
-0.09693
-0.095593
-0.086656
-0.10338
-0.10264
-0.079271
-0.088531
-0.094713
-0.094535
-0.086503
-0.084412
-0.10285
-0.10438
-0.10474
-0.081487
-0.097265
-0.098527
-0.081457
-0.075881
-0.09609
-0.076315
-0.098268
-0.079433
-0.093854
-0.089839
-0.076118
-0.088489
-0.10428
-0.1028
-0.099503
-0.078023
-0.086736
-0.097529
-0.090185
-0.089076
-0.083959
-0.081146
-0.095959
-0.10318
-0.081868
-0.08523
-0.076381
-0.077587
-0.096692
-0.096227
-0.087562
-0.086999
-0.10115
-0.10537
-0.083073
-0.085592
-0.077191
-0.076715
-0.090832
-0.10054
-0.10439
-0.089763
-0.098415
-0.08018
-0.083803
-0.081538
-0.084246
-0.080935
-0.097735
9.954
-0.089175
-0.10365
-0.098504
-0.075755
-0.095299
-0.097777
-0.097613
-0.083828
-0.079165
-0.083046
-0.080362
-0.096442
-0.10441
-0.076474
-0.082533
-0.080121
-0.094784
-0.087871
-0.10111
-0.098549
-0.078527
-0.089901
-0.095861
-0.091927
-0.094523
-0.10101
-0.0882
-0.088916
-0.10435
-0.091794
-0.09328
-0.087081
-0.098478
-0.077665
-0.079094
-0.10157
-0.097397
-0.093706
-0.10505
-0.10391
-0.10349
-0.080298
-0.089991
-0.098946
-0.08943
-0.089533
-0.095402
-0.097428
-0.07925
-0.09498
-0.096215
-0.093176
-0.082257
-0.098295
-0.092081
-0.077852
-0.078714
-0.10447
-0.086742
-0.10081
-0.087438
-0.089691
-0.10102
-0.087376
-0.086498
-0.10213
-0.080458
-0.081039
-0.093712
-0.080955
-0.084138
-0.084884
-0.096329
-0.078705
-0.078753
-0.09177
-0.081043
-0.079593
-0.08611
-0.10237
-0.094921
-0.10158
-0.082388
-0.091724
-0.092164
-0.10034
-0.098662
-0.094258
-0.10419
-0.087373
-0.079876
-0.097013
-0.091387
-0.10232
-0.086002
-0.088179
-0.084653
-0.098346
-0.076416
-0.089175
9.9942
-0.10112
-0.099861
-0.098959
-0.10174
-0.097194
-0.096377
-0.092215
-0.076248
-0.087314
-0.094009
-0.078411
-0.077937
-0.098736
-0.099067
-0.080208
-0.083419
-0.080464
-0.087249
-0.087892
-0.097619
-0.084119
-0.084744
-0.078839
-0.087802
-0.077281
-0.1047
-0.10372
-0.08159
-0.088471
-0.083765
-0.099889
-0.095758
-0.10311
-0.092177
-0.096691
-0.088453
-0.089305
-0.099095
-0.09943
-0.094204
-0.084885
-0.091865
-0.10003
-0.096513
-0.078984
-0.086382
-0.097333
-0.078219
-0.077779
-0.099818
-0.089452
-0.08394
-0.093564
-0.086303
-0.077877
-0.080566
-0.082272
-0.094301
-0.098857
-0.082455
-0.10046
-0.085321
-0.098587
-0.1003
-0.087374
-0.099128
-0.08818
-0.10385
-0.10122
-0.10271
-0.089149
-0.087134
-0.089576
-0.088954
-0.10293
-0.087103
-0.10362
-0.102
-0.087355
-0.099138
-0.0853
-0.098593
-0.093619
-0.090179
-0.095649
-0.099699
-0.10306
-0.081059
-0.10336
-0.083607
-0.079869
-0.078223
-0.095691
-0.090086
-0.08318
-0.081427
-0.090393
-0.1005
-0.10365
-0.10112
10.0827
-0.10464
-0.087511
-0.08227
-0.10083
-0.10464
-0.1032
-0.085392
-0.099241
-0.10091
-0.079239
-0.084552
-0.082342
-0.079449
-0.088016
-0.098712
-0.10458
-0.10467
-0.079385
-0.10179
-0.087299
-0.094085
-0.098259
-0.098717
-0.093526
-0.088094
-0.098067
-0.089106
-0.082504
-0.081358
-0.077029
-0.099111
-0.084021
-0.085058
-0.088167
-0.081193
-0.094367
-0.099648
-0.081212
-0.097342
-0.10295
-0.098182
-0.096119
-0.087394
-0.090261
-0.08158
-0.099328
-0.082797
-0.10319
-0.10107
-0.095203
-0.081573
-0.09954
-0.078154
-0.091303
-0.082258
-0.079092
-0.091825
-0.0876
-0.086021
-0.093214
-0.088426
-0.085701
-0.084442
-0.085761
-0.084395
-0.087325
-0.085209
-0.092642
-0.099281
-0.096419
-0.096662
-0.088727
-0.0929
-0.081409
-0.087221
-0.082344
-0.078293
-0.091005
-0.07644
-0.090743
-0.079113
-0.08931
-0.09591
-0.099985
-0.086132
-0.07684
-0.095813
-0.093328
-0.092559
-0.089205
-0.081732
-0.085954
-0.097469
-0.087605
-0.082487
-0.087107
-0.087059
-0.098504
-0.099861
-0.10464
10.0213
-0.096227
-0.095939
-0.077154
-0.094472
-0.081531
-0.09786
-0.10451
-0.089729
-0.10482
-0.095069
-0.084323
-0.096273
-0.0951
-0.10038
-0.09038
-0.10134
-0.09635
-0.095595
-0.095137
-0.07792
-0.099949
-0.10207
-0.094986
-0.07676
-0.096098
-0.10073
-0.094198
-0.090824
-0.089397
-0.083634
-0.097742
-0.098524
-0.078173
-0.10096
-0.077776
-0.077288
-0.076481
-0.1047
-0.10278
-0.10408
-0.085283
-0.093472
-0.081709
-0.093777
-0.084819
-0.10313
-0.085313
-0.099247
-0.101
-0.1042
-0.078657
-0.10506
-0.091787
-0.095636
-0.099222
-0.078786
-0.10031
-0.083684
-0.095199
-0.096943
-0.10272
-0.10375
-0.097031
-0.098745
-0.089961
-0.10338
-0.088057
-0.076117
-0.089728
-0.078937
-0.094918
-0.098225
-0.085382
-0.098641
-0.087137
-0.10267
-0.086313
-0.088463
-0.099071
-0.095878
-0.08517
-0.075877
-0.082172
-0.10457
-0.091151
-0.080996
-0.084643
-0.081527
-0.078284
-0.10091
-0.091222
-0.1041
-0.099918
-0.078687
-0.093022
-0.08739
-0.075755
-0.098959
-0.087511
-0.096227
10.0991
-0.081462
-0.078437
-0.10028
-0.083428
-0.1052
-0.088146
-0.10401
-0.083839
-0.097978
-0.095333
-0.096703
-0.10402
-0.10017
-0.084946
-0.087431
-0.085733
-0.090893
-0.095212
-0.099357
-0.079337
-0.10454
-0.10463
-0.076268
-0.093502
-0.096116
-0.10281
-0.086045
-0.096173
-0.088777
-0.090965
-0.092619
-0.092144
-0.089026
-0.099452
-0.094824
-0.090587
-0.080321
-0.097905
-0.093416
-0.075928
-0.10147
-0.078174
-0.10326
-0.080834
-0.087273
-0.090269
-0.079597
-0.092868
-0.077948
-0.088928
-0.097963
-0.079951
-0.080723
-0.098666
-0.093496
-0.082476
-0.1034
-0.10115
-0.082375
-0.098896
-0.092986
-0.10356
-0.099397
-0.094367
-0.089112
-0.095272
-0.082733
-0.077623
-0.080455
-0.098235
-0.081866
-0.092574
-0.10132
-0.086041
-0.10121
-0.091493
-0.10437
-0.10166
-0.080038
-0.090568
-0.10046
-0.086548
-0.094272
-0.081687
-0.097884
-0.10395
-0.077058
-0.098524
-0.089231
-0.08005
-0.10136
-0.09648
-0.098626
-0.079084
-0.098338
-0.095299
-0.10174
-0.08227
-0.095939
-0.081462
10.0564
-0.091838
-0.09836
-0.083138
-0.07652
-0.078209
-0.10289
-0.10143
-0.098631
-0.10335
-0.089513
-0.10272
-0.089883
-0.10304
-0.083357
-0.10204
-0.079633
-0.1021
-0.091602
-0.081955
-0.096666
-0.085397
-0.086813
-0.10088
-0.088805
-0.089831
-0.08508
-0.089235
-0.084957
-0.095544
-0.091576
-0.082239
-0.10181
-0.078769
-0.094978
-0.096633
-0.095163
-0.078647
-0.097676
-0.081085
-0.082837
-0.10264
-0.091535
-0.10447
-0.07578
-0.089148
-0.093242
-0.079356
-0.078976
-0.077286
-0.079874
-0.1042
-0.078012
-0.080814
-0.090079
-0.10024
-0.084304
-0.099927
-0.097487
-0.091944
-0.10365
-0.086365
-0.10305
-0.076021
-0.098867
-0.087753
-0.083695
-0.092263
-0.085988
-0.10267
-0.099195
-0.103
-0.087893
-0.091229
-0.095286
-0.099561
-0.099855
-0.091391
-0.076455
-0.096794
-0.079145
-0.10424
-0.098248
-0.078893
-0.083579
-0.10471
-0.08115
-0.097072
-0.089219
-0.094375
-0.082435
-0.1015
-0.094954
-0.083949
-0.081646
-0.097777
-0.097194
-0.10083
-0.077154
-0.078437
-0.091838
9.8957
-0.084225
-0.10019
-0.092023
-0.075878
-0.10361
-0.083954
-0.09576
-0.090747
-0.10216
-0.08562
-0.0786
-0.096372
-0.089389
-0.087206
-0.085661
-0.076606
-0.090313
-0.078899
-0.10105
-0.10142
-0.08796
-0.082341
-0.082145
-0.087332
-0.078636
-0.079517
-0.083642
-0.08766
-0.097826
-0.081252
-0.083307
-0.083226
-0.083752
-0.090236
-0.10145
-0.08563
-0.099974
-0.094993
-0.078361
-0.092542
-0.08238
-0.07646
-0.10209
-0.098008
-0.082108
-0.097939
-0.082443
-0.10089
-0.095307
-0.082512
-0.088295
-0.092501
-0.091087
-0.086408
-0.084423
-0.096751
-0.098113
-0.077397
-0.10243
-0.10139
-0.089364
-0.079755
-0.076953
-0.10412
-0.10103
-0.089676
-0.093688
-0.087524
-0.09611
-0.078096
-0.10402
-0.097847
-0.08255
-0.1036
-0.10468
-0.090748
-0.10466
-0.099164
-0.082653
-0.080276
-0.08603
-0.10425
-0.086579
-0.085983
-0.075847
-0.086153
-0.076307
-0.1029
-0.09605
-0.091633
-0.092838
-0.078464
-0.095358
-0.097613
-0.096377
-0.10464
-0.094472
-0.10028
-0.09836
-0.084225
10.0197
-0.085062
-0.1003
-0.095036
-0.08495
-0.082282
-0.093469
-0.092983
-0.089837
-0.090921
-0.076511
-0.093857
-0.078551
-0.086021
-0.092141
-0.094592
-0.085076
-0.096214
-0.090941
-0.075782
-0.092216
-0.088661
-0.10001
-0.077013
-0.10133
-0.093812
-0.084339
-0.10343
-0.10442
-0.098635
-0.081386
-0.080331
-0.1015
-0.089731
-0.087132
-0.089749
-0.083969
-0.094574
-0.091596
-0.10114
-0.10004
-0.09326
-0.095416
-0.080609
-0.080461
-0.094411
-0.099524
-0.083646
-0.1014
-0.10252
-0.093543
-0.095644
-0.080937
-0.088441
-0.098321
-0.075518
-0.10534
-0.089655
-0.078556
-0.080112
-0.10071
-0.079858
-0.082567
-0.079194
-0.085939
-0.095695
-0.086692
-0.077258
-0.09114
-0.090523
-0.07748
-0.093108
-0.10008
-0.080094
-0.09401
-0.086462
-0.079084
-0.095126
-0.081584
-0.086357
-0.080207
-0.096534
-0.087781
-0.10118
-0.079419
-0.076982
-0.097486
-0.1048
-0.099865
-0.076452
-0.080173
-0.077595
-0.081807
-0.083828
-0.092215
-0.1032
-0.081531
-0.083428
-0.083138
-0.10019
-0.085062
9.8089
-0.092309
-0.077552
-0.078755
-0.090912
-0.079653
-0.089007
-0.098813
-0.08693
-0.094538
-0.080485
-0.086279
-0.10526
-0.089012
-0.078925
-0.093751
-0.093603
-0.09323
-0.090242
-0.091662
-0.08116
-0.083425
-0.094236
-0.10524
-0.080877
-0.085152
-0.091148
-0.10107
-0.085381
-0.077404
-0.097081
-0.10427
-0.077592
-0.095058
-0.10242
-0.08819
-0.085984
-0.083232
-0.10374
-0.081852
-0.087644
-0.082825
-0.080043
-0.10464
-0.077327
-0.0902
-0.10293
-0.075834
-0.088599
-0.081636
-0.093523
-0.097522
-0.10271
-0.079715
-0.088059
-0.076342
-0.081681
-0.087907
-0.078709
-0.098404
-0.092076
-0.086685
-0.10066
-0.096707
-0.092076
-0.08113
-0.088506
-0.092012
-0.080398
-0.076492
-0.099515
-0.092968
-0.080082
-0.09532
-0.095703
-0.10245
-0.078175
-0.087759
-0.09552
-0.094754
-0.080358
-0.097119
-0.094869
-0.10411
-0.085788
-0.095376
-0.090592
-0.099831
-0.091307
-0.080931
-0.096724
-0.080015
-0.079165
-0.076248
-0.085392
-0.09786
-0.1052
-0.07652
-0.092023
-0.1003
-0.092309
9.9909
-0.10448
-0.094251
-0.10317
-0.1039
-0.082813
-0.10151
-0.084002
-0.087229
-0.085146
-0.089601
-0.093579
-0.096651
-0.10408
-0.086243
-0.10018
-0.089781
-0.093634
-0.09515
-0.090389
-0.07676
-0.095196
-0.10368
-0.10102
-0.084607
-0.089537
-0.088457
-0.10297
-0.076205
-0.078255
-0.094376
-0.077414
-0.096531
-0.078838
-0.088515
-0.098936
-0.098168
-0.09385
-0.08886
-0.075921
-0.076421
-0.097
-0.087134
-0.083225
-0.10131
-0.084981
-0.096959
-0.088025
-0.099184
-0.079051
-0.088458
-0.10272
-0.10167
-0.10075
-0.082016
-0.078278
-0.093685
-0.08862
-0.094434
-0.082586
-0.10215
-0.094016
-0.10346
-0.104
-0.0958
-0.082336
-0.086429
-0.086906
-0.087167
-0.095857
-0.10269
-0.080471
-0.079462
-0.087074
-0.09161
-0.078394
-0.079034
-0.092325
-0.089706
-0.089708
-0.095939
-0.076243
-0.082732
-0.076194
-0.094155
-0.10464
-0.095543
-0.10342
-0.077255
-0.080416
-0.090324
-0.083046
-0.087314
-0.099241
-0.10451
-0.088146
-0.078209
-0.075878
-0.095036
-0.077552
-0.10448
9.8434
-0.0758
-0.088308
-0.10331
-0.077866
-0.085062
-0.097781
-0.078622
-0.080084
-0.10078
-0.078183
-0.094777
-0.095846
-0.078761
-0.092596
-0.090265
-0.081301
-0.080342
-0.093595
-0.078188
-0.10252
-0.094972
-0.092263
-0.08486
-0.096933
-0.1013
-0.076196
-0.087856
-0.076321
-0.08123
-0.097199
-0.081702
-0.09694
-0.1033
-0.076147
-0.089072
-0.090452
-0.096047
-0.078611
-0.075734
-0.084878
-0.092191
-0.10044
-0.087724
-0.091855
-0.10493
-0.099775
-0.10309
-0.099641
-0.082795
-0.08071
-0.076721
-0.094722
-0.079121
-0.085213
-0.090244
-0.096766
-0.1039
-0.075956
-0.086563
-0.089062
-0.095908
-0.076401
-0.099524
-0.092306
-0.088063
-0.087648
-0.090344
-0.086791
-0.093897
-0.10249
-0.094967
-0.079747
-0.092878
-0.098564
-0.10024
-0.10231
-0.079215
-0.10347
-0.10393
-0.097097
-0.10221
-0.078773
-0.090635
-0.093444
-0.093926
-0.09769
-0.091878
-0.09297
-0.094477
-0.080362
-0.094009
-0.10091
-0.089729
-0.10401
-0.10289
-0.10361
-0.08495
-0.078755
-0.094251
-0.0758
10.0087
-0.076473
-0.081593
-0.076193
-0.093366
-0.10505
-0.10489
-0.078481
-0.097517
-0.090555
-0.08082
-0.094722
-0.087152
-0.076736
-0.078893
-0.089385
-0.10224
-0.10464
-0.097979
-0.09355
-0.081576
-0.10014
-0.094104
-0.093118
-0.082058
-0.083818
-0.10351
-0.081046
-0.096131
-0.091313
-0.095004
-0.0864
-0.1002
-0.089269
-0.097819
-0.081765
-0.082978
-0.081165
-0.083552
-0.090904
-0.094964
-0.081056
-0.078729
-0.10121
-0.096037
-0.10026
-0.076076
-0.093222
-0.079551
-0.10468
-0.087532
-0.097489
-0.087681
-0.098367
-0.10237
-0.087485
-0.091745
-0.090986
-0.091997
-0.10403
-0.090754
-0.09015
-0.075643
-0.10135
-0.089198
-0.077662
-0.08616
-0.083514
-0.078803
-0.099103
-0.099731
-0.092643
-0.084499
-0.082279
-0.085852
-0.097589
-0.085342
-0.098289
-0.095197
-0.081857
-0.10294
-0.081708
-0.099974
-0.093869
-0.10289
-0.089024
-0.087097
-0.10437
-0.1007
-0.096442
-0.078411
-0.079239
-0.10482
-0.083839
-0.10143
-0.083954
-0.082282
-0.090912
-0.10317
-0.088308
-0.076473
9.9553
-0.10008
-0.078358
-0.086271
-0.085274
-0.0832
-0.08124
-0.093677
-0.094361
-0.097864
-0.088958
-0.079915
-0.10025
-0.083582
-0.081748
-0.089843
-0.08297
-0.075669
-0.10077
-0.091517
-0.097953
-0.080344
-0.10128
-0.10383
-0.095841
-0.090023
-0.078749
-0.10197
-0.095816
-0.093851
-0.086298
-0.078142
-0.083272
-0.081119
-0.079993
-0.10505
-0.084588
-0.10311
-0.075669
-0.083506
-0.086467
-0.10381
-0.084294
-0.093581
-0.10017
-0.099296
-0.079565
-0.080202
-0.097697
-0.076855
-0.09364
-0.080335
-0.082435
-0.09898
-0.090286
-0.092293
-0.077293
-0.094967
-0.091197
-0.089129
-0.10453
-0.097904
-0.088661
-0.09455
-0.092854
-0.081554
-0.082169
-0.093694
-0.079764
-0.098039
-0.080739
-0.08047
-0.10424
-0.084803
-0.089019
-0.089862
-0.077043
-0.087261
-0.095952
-0.091477
-0.10053
-0.091617
-0.079665
-0.079688
-0.084634
-0.084491
-0.10423
-0.086609
-0.10441
-0.077937
-0.084552
-0.095069
-0.097978
-0.098631
-0.09576
-0.093469
-0.079653
-0.1039
-0.10331
-0.081593
-0.10008
10.0003
-0.086928
-0.089185
-0.094227
-0.089252
-0.08759
-0.099838
-0.10449
-0.078563
-0.10324
-0.10463
-0.095514
-0.098241
-0.082961
-0.090422
-0.096462
-0.09601
-0.083965
-0.096544
-0.10205
-0.098412
-0.10534
-0.091394
-0.086962
-0.092039
-0.10256
-0.081481
-0.094158
-0.076814
-0.075602
-0.092179
-0.086988
-0.10477
-0.078508
-0.082214
-0.079966
-0.10122
-0.09324
-0.086969
-0.076055
-0.10297
-0.083735
-0.091345
-0.088716
-0.088274
-0.079042
-0.096625
-0.083295
-0.096706
-0.076024
-0.10418
-0.10156
-0.10523
-0.096849
-0.09139
-0.10378
-0.098232
-0.084179
-0.09894
-0.098787
-0.082371
-0.079108
-0.088598
-0.080436
-0.093863
-0.077408
-0.080961
-0.079457
-0.10349
-0.086954
-0.082786
-0.097122
-0.083643
-0.091939
-0.089031
-0.083331
-0.085904
-0.10042
-0.090168
-0.07585
-0.10364
-0.07888
-0.088093
-0.076836
-0.093966
-0.086988
-0.080646
-0.076474
-0.098736
-0.082342
-0.084323
-0.095333
-0.10335
-0.090747
-0.092983
-0.089007
-0.082813
-0.077866
-0.076193
-0.078358
-0.086928
9.7368
-0.078164
-0.082799
-0.090099
-0.076009
-0.1038
-0.093539
-0.081361
-0.079421
-0.09995
-0.10089
-0.085166
-0.094446
-0.092681
-0.076115
-0.091074
-0.084669
-0.090557
-0.0881
-0.08482
-0.087656
-0.078154
-0.077581
-0.079794
-0.093858
-0.086881
-0.10271
-0.090719
-0.08843
-0.10077
-0.10486
-0.076501
-0.081751
-0.086215
-0.10257
-0.09649
-0.078777
-0.084772
-0.093417
-0.10455
-0.10269
-0.076418
-0.082982
-0.090946
-0.10016
-0.089073
-0.10445
-0.083632
-0.083006
-0.080908
-0.10108
-0.0899
-0.079134
-0.078447
-0.10073
-0.091913
-0.10103
-0.086887
-0.085346
-0.10257
-0.085476
-0.087716
-0.075755
-0.083688
-0.10312
-0.079061
-0.10075
-0.083653
-0.084333
-0.085023
-0.089581
-0.08025
-0.090011
-0.091883
-0.086131
-0.078157
-0.080549
-0.092775
-0.091349
-0.088308
-0.084531
-0.083858
-0.094776
-0.081363
-0.10501
-0.10375
-0.082533
-0.099067
-0.079449
-0.096273
-0.096703
-0.089513
-0.10216
-0.089837
-0.098813
-0.10151
-0.085062
-0.093366
-0.086271
-0.089185
-0.078164
9.9481
-0.090461
-0.095928
-0.097368
-0.09612
-0.099903
-0.078111
-0.095252
-0.092348
-0.096308
-0.10372
-0.0835
-0.082506
-0.078683
-0.078638
-0.085946
-0.10398
-0.096842
-0.088544
-0.083371
-0.095324
-0.089822
-0.092049
-0.095552
-0.081431
-0.087038
-0.077185
-0.09022
-0.077605
-0.10286
-0.094297
-0.088525
-0.080076
-0.096728
-0.098733
-0.078758
-0.10387
-0.092212
-0.10184
-0.086943
-0.10411
-0.091988
-0.095853
-0.09819
-0.1031
-0.097884
-0.084053
-0.096265
-0.08315
-0.080477
-0.082698
-0.090579
-0.086507
-0.090253
-0.10225
-0.091424
-0.076239
-0.078156
-0.10157
-0.077837
-0.091608
-0.083224
-0.086806
-0.098481
-0.095458
-0.087705
-0.093461
-0.089376
-0.093381
-0.088792
-0.10243
-0.086686
-0.088921
-0.083697
-0.1007
-0.094873
-0.10074
-0.094237
-0.10301
-0.081247
-0.083768
-0.10046
-0.095193
-0.091198
-0.098371
-0.080121
-0.080208
-0.088016
-0.0951
-0.10402
-0.10272
-0.08562
-0.090921
-0.08693
-0.084002
-0.097781
-0.10505
-0.085274
-0.094227
-0.082799
-0.090461
9.9925
-0.079205
-0.093526
-0.088506
-0.083042
-0.099641
-0.10063
-0.088275
-0.086787
-0.099901
-0.089734
-0.091019
-0.088361
-0.096406
-0.090559
-0.087621
-0.09102
-0.08155
-0.081172
-0.08362
-0.090546
-0.087812
-0.085531
-0.092193
-0.079076
-0.10286
-0.093888
-0.086185
-0.085256
-0.081793
-0.079081
-0.085226
-0.10549
-0.098855
-0.09372
-0.090517
-0.087979
-0.10064
-0.078513
-0.077156
-0.091769
-0.10289
-0.10146
-0.077724
-0.096609
-0.095731
-0.076901
-0.07633
-0.085095
-0.079071
-0.10395
-0.083269
-0.093567
-0.084543
-0.093141
-0.078915
-0.078864
-0.099563
-0.098056
-0.095808
-0.10174
-0.089892
-0.076297
-0.078014
-0.085659
-0.092319
-0.087881
-0.10348
-0.10011
-0.095363
-0.087377
-0.084205
-0.078139
-0.095442
-0.095869
-0.077629
-0.076789
-0.087841
-0.094415
-0.10387
-0.086915
-0.088363
-0.097569
-0.086893
-0.094784
-0.083419
-0.098712
-0.10038
-0.10017
-0.089883
-0.0786
-0.076511
-0.094538
-0.087229
-0.078622
-0.10489
-0.0832
-0.089252
-0.090099
-0.095928
-0.079205
9.8523
-0.081688
-0.092691
-0.099768
-0.10141
-0.093615
-0.084062
-0.079553
-0.078775
-0.078283
-0.098948
-0.10435
-0.078196
-0.083386
-0.09668
-0.095512
-0.076347
-0.086031
-0.087129
-0.083698
-0.097428
-0.080879
-0.097617
-0.090745
-0.08197
-0.090552
-0.083221
-0.097075
-0.090992
-0.081053
-0.07957
-0.092112
-0.089422
-0.09003
-0.089931
-0.085384
-0.091728
-0.078345
-0.089819
-0.087925
-0.08665
-0.096652
-0.081374
-0.10312
-0.080413
-0.086332
-0.092733
-0.092161
-0.087507
-0.090501
-0.10017
-0.097994
-0.078037
-0.08878
-0.079715
-0.086022
-0.078018
-0.105
-0.090686
-0.077111
-0.10429
-0.094976
-0.1053
-0.084722
-0.10257
-0.10471
-0.085591
-0.079079
-0.081422
-0.080377
-0.096105
-0.10045
-0.094405
-0.08767
-0.092597
-0.094777
-0.081787
-0.077126
-0.08384
-0.081434
-0.10411
-0.080086
-0.07795
-0.087871
-0.080464
-0.10458
-0.09038
-0.084946
-0.10304
-0.096372
-0.093857
-0.080485
-0.085146
-0.080084
-0.078481
-0.08124
-0.08759
-0.076009
-0.097368
-0.093526
-0.081688
9.7822
-0.081997
-0.097203
-0.083951
-0.082695
-0.077843
-0.089478
-0.077046
-0.10547
-0.09072
-0.087846
-0.086563
-0.08846
-0.07617
-0.10202
-0.098073
-0.092722
-0.078599
-0.095696
-0.083807
-0.081667
-0.085911
-0.094964
-0.090711
-0.10362
-0.10287
-0.091451
-0.10141
-0.07736
-0.09723
-0.090316
-0.077157
-0.10121
-0.089187
-0.086205
-0.10296
-0.10435
-0.092303
-0.081104
-0.096813
-0.077236
-0.10432
-0.10508
-0.10115
-0.097564
-0.098135
-0.0848
-0.090734
-0.094018
-0.091487
-0.09303
-0.088905
-0.10455
-0.096985
-0.085006
-0.085119
-0.094117
-0.07631
-0.089747
-0.10407
-0.085551
-0.092272
-0.085298
-0.077007
-0.094778
-0.076978
-0.096125
-0.097561
-0.095239
-0.08547
-0.07831
-0.078909
-0.092632
-0.092336
-0.10262
-0.10221
-0.10338
-0.089188
-0.078766
-0.095396
-0.097219
-0.076346
-0.10111
-0.087249
-0.10467
-0.10134
-0.087431
-0.083357
-0.089389
-0.078551
-0.086279
-0.089601
-0.10078
-0.097517
-0.093677
-0.099838
-0.1038
-0.09612
-0.088506
-0.092691
-0.081997
10.104
-0.093719
-0.082087
-0.080032
-0.10016
-0.085135
-0.084535
-0.10404
-0.10197
-0.094795
-0.084577
-0.08647
-0.088975
-0.10522
-0.093688
-0.090064
-0.1009
-0.086822
-0.092138
-0.092786
-0.085889
-0.083189
-0.099621
-0.081978
-0.094024
-0.075849
-0.10516
-0.094166
-0.10177
-0.080104
-0.079454
-0.10284
-0.098125
-0.089938
-0.10198
-0.078605
-0.090168
-0.077404
-0.083691
-0.076299
-0.10393
-0.077947
-0.086035
-0.098807
-0.099916
-0.089422
-0.098164
-0.097322
-0.078481
-0.086898
-0.0961
-0.0799
-0.083404
-0.090563
-0.10443
-0.082793
-0.078005
-0.085737
-0.091182
-0.08658
-0.08372
-0.094267
-0.10212
-0.095475
-0.10179
-0.079216
-0.084271
-0.098154
-0.076888
-0.090598
-0.095383
-0.086415
-0.10344
-0.09719
-0.076396
-0.090356
-0.089612
-0.094847
-0.080095
-0.10336
-0.082747
-0.098549
-0.087892
-0.079385
-0.09635
-0.085733
-0.10204
-0.087206
-0.086021
-0.10526
-0.093579
-0.078183
-0.090555
-0.094361
-0.10449
-0.093539
-0.099903
-0.083042
-0.099768
-0.097203
-0.093719
9.9313
-0.10209
-0.082442
-0.08352
-0.10024
-0.076987
-0.082627
-0.076255
-0.089663
-0.091222
-0.10347
-0.08042
-0.087902
-0.085348
-0.091775
-0.089242
-0.090422
-0.085915
-0.1022
-0.1018
-0.084118
-0.080142
-0.082222
-0.082213
-0.092927
-0.096299
-0.077058
-0.086949
-0.097917
-0.076728
-0.077954
-0.088538
-0.081097
-0.0885
-0.095404
-0.10454
-0.095652
-0.077698
-0.077316
-0.080231
-0.093336
-0.090869
-0.087086
-0.1004
-0.084905
-0.10102
-0.1016
-0.10073
-0.091841
-0.079666
-0.093361
-0.10296
-0.080627
-0.077723
-0.085347
-0.097312
-0.098335
-0.10471
-0.083229
-0.07576
-0.083672
-0.10092
-0.098528
-0.10048
-0.076056
-0.083855
-0.075938
-0.082727
-0.090619
-0.099834
-0.080571
-0.10171
-0.083317
-0.10463
-0.081868
-0.10133
-0.096382
-0.0863
-0.085933
-0.080093
-0.078527
-0.097619
-0.10179
-0.095595
-0.090893
-0.079633
-0.085661
-0.092141
-0.089012
-0.096651
-0.094777
-0.08082
-0.097864
-0.078563
-0.081361
-0.078111
-0.099641
-0.10141
-0.083951
-0.082087
-0.10209
9.9754
-0.086456
-0.10308
-0.10338
-0.10249
-0.09307
-0.094846
-0.099798
-0.086627
-0.098967
-0.08789
-0.093678
-0.092577
-0.10437
-0.090004
-0.091808
-0.10512
-0.0954
-0.076999
-0.077087
-0.10323
-0.077368
-0.08522
-0.089905
-0.10397
-0.10173
-0.095007
-0.10171
-0.098705
-0.086344
-0.089846
-0.075846
-0.097989
-0.081905
-0.10191
-0.091973
-0.078905
-0.085192
-0.090182
-0.095524
-0.10337
-0.10195
-0.096984
-0.082951
-0.08647
-0.10058
-0.095682
-0.087385
-0.081142
-0.1002
-0.099815
-0.083207
-0.091727
-0.078913
-0.097957
-0.087814
-0.076399
-0.080022
-0.077516
-0.080165
-0.082007
-0.10257
-0.09704
-0.094604
-0.084119
-0.083609
-0.08855
-0.08042
-0.083719
-0.092302
-0.10481
-0.084871
-0.087093
-0.099625
-0.078728
-0.09657
-0.10106
-0.095258
-0.097938
-0.089901
-0.084119
-0.087299
-0.095137
-0.095212
-0.1021
-0.076606
-0.094592
-0.078925
-0.10408
-0.095846
-0.094722
-0.088958
-0.10324
-0.079421
-0.095252
-0.10063
-0.093615
-0.082695
-0.080032
-0.082442
-0.086456
9.975
-0.076545
-0.10011
-0.083059
-0.10462
-0.080245
-0.091101
-0.087973
-0.10299
-0.076618
-0.096249
-0.099837
-0.1013
-0.088492
-0.10288
-0.084635
-0.078521
-0.097191
-0.083553
-0.090393
-0.086348
-0.090806
-0.088332
-0.10075
-0.10174
-0.077875
-0.081706
-0.10078
-0.083343
-0.095587
-0.10497
-0.079169
-0.077579
-0.082475
-0.10424
-0.094308
-0.094029
-0.094597
-0.080527
-0.088427
-0.076346
-0.088538
-0.08434
-0.094531
-0.08528
-0.08043
-0.07595
-0.10149
-0.088505
-0.079926
-0.079253
-0.086066
-0.077852
-0.092234
-0.081056
-0.10294
-0.092977
-0.092525
-0.090719
-0.07573
-0.091946
-0.09102
-0.088337
-0.097587
-0.099403
-0.085495
-0.079203
-0.10429
-0.081221
-0.079392
-0.090659
-0.083052
-0.10175
-0.0794
-0.075683
-0.10409
-0.085346
-0.10118
-0.095861
-0.084744
-0.094085
-0.07792
-0.099357
-0.091602
-0.090313
-0.085076
-0.093751
-0.086243
-0.078761
-0.087152
-0.079915
-0.10463
-0.09995
-0.092348
-0.088275
-0.084062
-0.077843
-0.10016
-0.08352
-0.10308
-0.076545
9.8246
-0.09922
-0.10055
-0.079284
-0.07965
-0.089202
-0.080816
-0.086528
-0.07674
-0.094944
-0.082886
-0.1045
-0.085355
-0.10383
-0.10289
-0.086686
-0.10458
-0.10428
-0.082872
-0.092928
-0.078258
-0.098987
-0.077663
-0.084039
-0.092758
-0.087045
-0.099932
-0.089206
-0.091473
-0.098843
-0.087639
-0.096281
-0.078664
-0.079228
-0.080889
-0.082466
-0.10047
-0.078248
-0.10507
-0.08774
-0.07926
-0.10102
-0.081295
-0.099915
-0.095505
-0.099637
-0.080591
-0.086265
-0.080439
-0.090241
-0.088844
-0.089675
-0.076457
-0.097326
-0.081984
-0.082788
-0.10153
-0.091797
-0.10491
-0.098529
-0.084368
-0.077671
-0.090279
-0.10481
-0.093755
-0.098786
-0.08064
-0.07582
-0.082292
-0.084387
-0.08505
-0.085023
-0.085152
-0.091143
-0.09801
-0.098343
-0.1032
-0.091927
-0.078839
-0.098259
-0.099949
-0.079337
-0.081955
-0.078899
-0.096214
-0.093603
-0.10018
-0.092596
-0.076736
-0.10025
-0.095514
-0.10089
-0.096308
-0.086787
-0.079553
-0.089478
-0.085135
-0.10024
-0.10338
-0.10011
-0.09922
9.9335
-0.077231
-0.087437
-0.09904
-0.084733
-0.096925
-0.097064
-0.082122
-0.090047
-0.08175
-0.084454
-0.10264
-0.07963
-0.092044
-0.099023
-0.079148
-0.07945
-0.096468
-0.10315
-0.083092
-0.10057
-0.092417
-0.098879
-0.089006
-0.096164
-0.099128
-0.090049
-0.088357
-0.094182
-0.080432
-0.099507
-0.10074
-0.087356
-0.090976
-0.09803
-0.083407
-0.10302
-0.10246
-0.10433
-0.0917
-0.086583
-0.09384
-0.088674
-0.1048
-0.089945
-0.10248
-0.10374
-0.10162
-0.10274
-0.084329
-0.09419
-0.080808
-0.078435
-0.082165
-0.10175
-0.085241
-0.091493
-0.10351
-0.10281
-0.099104
-0.10186
-0.077575
-0.099447
-0.086124
-0.093902
-0.098624
-0.077669
-0.080086
-0.091183
-0.0953
-0.10028
-0.080524
-0.10388
-0.077466
-0.090035
-0.079473
-0.094523
-0.087802
-0.098717
-0.10207
-0.10454
-0.096666
-0.10105
-0.090941
-0.09323
-0.089781
-0.090265
-0.078893
-0.083582
-0.098241
-0.085166
-0.10372
-0.099901
-0.078775
-0.077046
-0.084535
-0.076987
-0.10249
-0.083059
-0.10055
-0.077231
10.1948
-0.10009
-0.099039
-0.099181
-0.09958
-0.098774
-0.088038
-0.10473
-0.094487
-0.091387
-0.097994
-0.10492
-0.094095
-0.09201
-0.088441
-0.076644
-0.086688
-0.079232
-0.086821
-0.10395
-0.077441
-0.090079
-0.10533
-0.1036
-0.081423
-0.081784
-0.10361
-0.086152
-0.097837
-0.092592
-0.090815
-0.090834
-0.087893
-0.095701
-0.086115
-0.1049
-0.105
-0.099504
-0.099077
-0.07754
-0.083789
-0.097179
-0.077804
-0.093714
-0.098285
-0.097027
-0.077124
-0.10225
-0.077566
-0.095101
-0.10049
-0.10409
-0.089217
-0.098404
-0.099435
-0.085468
-0.083568
-0.080024
-0.090754
-0.098881
-0.081154
-0.10332
-0.079317
-0.10493
-0.10445
-0.092134
-0.097251
-0.077678
-0.077167
-0.096761
-0.081939
-0.07844
-0.09879
-0.095557
-0.076665
-0.10101
-0.077281
-0.093526
-0.094986
-0.10463
-0.085397
-0.10142
-0.075782
-0.090242
-0.093634
-0.081301
-0.089385
-0.081748
-0.082961
-0.094446
-0.0835
-0.089734
-0.078283
-0.10547
-0.10404
-0.082627
-0.09307
-0.10462
-0.079284
-0.087437
-0.10009
10.03
-0.089512
-0.098501
-0.1029
-0.098545
-0.099809
-0.079751
-0.098992
-0.081306
-0.10144
-0.090474
-0.086105
-0.094204
-0.094717
-0.079153
-0.097813
-0.1033
-0.093043
-0.087168
-0.081724
-0.09817
-0.083305
-0.092428
-0.095039
-0.097253
-0.095007
-0.093718
-0.095521
-0.076127
-0.090377
-0.095574
-0.08589
-0.095922
-0.10157
-0.089077
-0.099731
-0.07747
-0.08978
-0.088415
-0.085505
-0.090337
-0.10471
-0.081359
-0.078585
-0.093899
-0.077904
-0.10147
-0.099442
-0.098201
-0.085679
-0.10185
-0.097172
-0.078699
-0.09314
-0.10429
-0.10082
-0.087167
-0.10044
-0.095712
-0.078337
-0.083683
-0.08525
-0.1022
-0.081409
-0.078917
-0.10437
-0.082365
-0.082205
-0.08987
-0.099699
-0.095364
-0.096341
-0.10036
-0.078312
-0.0882
-0.1047
-0.088094
-0.07676
-0.076268
-0.086813
-0.08796
-0.092216
-0.091662
-0.09515
-0.080342
-0.10224
-0.089843
-0.090422
-0.092681
-0.082506
-0.091019
-0.098948
-0.09072
-0.10197
-0.076255
-0.094846
-0.080245
-0.07965
-0.09904
-0.099039
-0.089512
9.9654
-0.088516
-0.08967
-0.081887
-0.078278
-0.09418
-0.086523
-0.095745
-0.085504
-0.088718
-0.08271
-0.099745
-0.10092
-0.10344
-0.089109
-0.075971
-0.096021
-0.089276
-0.096663
-0.080602
-0.10324
-0.10441
-0.085758
-0.07926
-0.097143
-0.079274
-0.090955
-0.075588
-0.082399
-0.097913
-0.087453
-0.078895
-0.090855
-0.081764
-0.093219
-0.087534
-0.098339
-0.078297
-0.079649
-0.093509
-0.096381
-0.093627
-0.087034
-0.082293
-0.090687
-0.084693
-0.080738
-0.079859
-0.081339
-0.08448
-0.098121
-0.1015
-0.085524
-0.086003
-0.092988
-0.075687
-0.083477
-0.083168
-0.086867
-0.097034
-0.08835
-0.080283
-0.098609
-0.078634
-0.076544
-0.085014
-0.076264
-0.088163
-0.079537
-0.086667
-0.091821
-0.089184
-0.092416
-0.088916
-0.10372
-0.098067
-0.096098
-0.093502
-0.10088
-0.082341
-0.088661
-0.08116
-0.090389
-0.093595
-0.10464
-0.08297
-0.096462
-0.076115
-0.078683
-0.088361
-0.10435
-0.087846
-0.094795
-0.089663
-0.099798
-0.091101
-0.089202
-0.084733
-0.099181
-0.098501
-0.088516
9.8283
-0.081732
-0.088518
-0.080314
-0.10462
-0.10348
-0.078583
-0.080639
-0.082747
-0.095199
-0.079947
-0.076321
-0.094895
-0.10544
-0.084829
-0.096766
-0.076665
-0.078604
-0.10464
-0.098515
-0.099331
-0.094621
-0.089385
-0.07785
-0.090929
-0.080896
-0.081222
-0.082688
-0.080396
-0.091702
-0.083617
-0.10405
-0.099731
-0.093918
-0.098814
-0.10258
-0.085491
-0.10053
-0.078645
-0.083292
-0.083167
-0.08043
-0.10002
-0.095585
-0.096777
-0.099887
-0.098509
-0.09577
-0.078259
-0.09764
-0.078857
-0.09288
-0.084603
-0.084422
-0.092319
-0.091449
-0.077298
-0.079987
-0.082531
-0.087941
-0.08435
-0.075431
-0.092467
-0.080498
-0.092827
-0.080375
-0.096202
-0.085294
-0.096604
-0.09054
-0.10266
-0.094939
-0.10435
-0.08159
-0.089106
-0.10073
-0.096116
-0.088805
-0.082145
-0.10001
-0.083425
-0.07676
-0.078188
-0.097979
-0.075669
-0.09601
-0.091074
-0.078638
-0.096406
-0.078196
-0.086563
-0.084577
-0.091222
-0.086627
-0.087973
-0.080816
-0.096925
-0.09958
-0.1029
-0.08967
-0.081732
9.8544
-0.093986
-0.079604
-0.085217
-0.086051
-0.087467
-0.10325
-0.095643
-0.092505
-0.085953
-0.10421
-0.081035
-0.09796
-0.076517
-0.077818
-0.091415
-0.0798
-0.077197
-0.083122
-0.090507
-0.094251
-0.082383
-0.087314
-0.090887
-0.086427
-0.090571
-0.094119
-0.10113
-0.086378
-0.090609
-0.081708
-0.10522
-0.089128
-0.086234
-0.088665
-0.10271
-0.091045
-0.08846
-0.085464
-0.081085
-0.092248
-0.087145
-0.093928
-0.10351
-0.098089
-0.094427
-0.088822
-0.091137
-0.077899
-0.075679
-0.086782
-0.099858
-0.10356
-0.093789
-0.095326
-0.075925
-0.092999
-0.092316
-0.10502
-0.089953
-0.10444
-0.10162
-0.090081
-0.079442
-0.096199
-0.093075
-0.1042
-0.10106
-0.08159
-0.087594
-0.090549
-0.091794
-0.088471
-0.082504
-0.094198
-0.10281
-0.089831
-0.087332
-0.077013
-0.094236
-0.095196
-0.10252
-0.09355
-0.10077
-0.083965
-0.084669
-0.085946
-0.090559
-0.083386
-0.08846
-0.08647
-0.10347
-0.098967
-0.10299
-0.086528
-0.097064
-0.098774
-0.098545
-0.081887
-0.088518
-0.093986
10.0093
-0.10466
-0.094781
-0.080161
-0.089926
-0.096362
-0.082816
-0.088587
-0.093863
-0.098033
-0.096843
-0.093446
-0.082114
-0.076197
-0.076714
-0.075726
-0.078038
-0.099369
-0.088691
-0.080539
-0.087881
-0.08224
-0.10156
-0.09496
-0.09739
-0.10287
-0.091239
-0.082322
-0.10143
-0.086216
-0.093467
-0.097065
-0.097361
-0.089328
-0.078483
-0.081542
-0.081378
-0.093426
-0.087267
-0.090634
-0.090586
-0.087659
-0.084353
-0.090029
-0.10178
-0.076334
-0.08826
-0.084411
-0.10142
-0.089943
-0.094241
-0.10249
-0.096748
-0.092264
-0.095818
-0.098069
-0.079431
-0.077688
-0.078095
-0.07894
-0.089631
-0.079582
-0.096567
-0.10201
-0.08832
-0.096703
-0.10451
-0.085361
-0.087685
-0.077304
-0.09328
-0.083765
-0.081358
-0.090824
-0.086045
-0.08508
-0.078636
-0.10133
-0.10524
-0.10368
-0.094972
-0.081576
-0.091517
-0.096544
-0.090557
-0.10398
-0.087621
-0.09668
-0.07617
-0.088975
-0.08042
-0.08789
-0.076618
-0.07674
-0.082122
-0.088038
-0.099809
-0.078278
-0.080314
-0.079604
-0.10466
9.8621
-0.098219
-0.095837
-0.07926
-0.087633
-0.099944
-0.095074
-0.099524
-0.10094
-0.084211
-0.083758
-0.09469
-0.10142
-0.088228
-0.088511
-0.077481
-0.095777
-0.080159
-0.078379
-0.086113
-0.086193
-0.096787
-0.081408
-0.085879
-0.090024
-0.10377
-0.08163
-0.096114
-0.10135
-0.10294
-0.10273
-0.10165
-0.091501
-0.07718
-0.085106
-0.099621
-0.088757
-0.096037
-0.1025
-0.10457
-0.10078
-0.083171
-0.089344
-0.08658
-0.086396
-0.0883
-0.086789
-0.087688
-0.10365
-0.083534
-0.082589
-0.090339
-0.09006
-0.086474
-0.084675
-0.096902
-0.089731
-0.096335
-0.099988
-0.10231
-0.098052
-0.084467
-0.10123
-0.094856
-0.082147
-0.086657
-0.098827
-0.091352
-0.089771
-0.087081
-0.099889
-0.077029
-0.089397
-0.096173
-0.089235
-0.079517
-0.093812
-0.080877
-0.10102
-0.092263
-0.10014
-0.097953
-0.10205
-0.0881
-0.096842
-0.09102
-0.095512
-0.10202
-0.10522
-0.087902
-0.093678
-0.096249
-0.094944
-0.090047
-0.10473
-0.079751
-0.09418
-0.10462
-0.085217
-0.094781
-0.098219
10.0985
-0.10034
-0.089622
-0.082872
-0.081061
-0.077239
-0.096611
-0.093357
-0.099638
-0.095015
-0.078278
-0.10038
-0.10231
-0.099195
-0.097692
-0.091904
-0.10119
-0.090398
-0.093119
-0.094296
-0.098555
-0.085829
-0.099513
-0.085338
-0.08732
-0.081692
-0.076961
-0.087587
-0.09515
-0.09526
-0.09189
-0.079984
-0.082701
-0.08336
-0.094394
-0.095941
-0.083735
-0.084545
-0.093555
-0.086735
-0.092095
-0.08327
-0.093159
-0.089271
-0.098808
-0.082316
-0.093251
-0.097433
-0.080287
-0.079331
-0.10449
-0.10202
-0.10118
-0.078041
-0.09882
-0.078634
-0.090475
-0.099092
-0.079123
-0.08521
-0.084619
-0.08799
-0.088047
-0.085201
-0.10276
-0.091727
-0.093525
-0.084921
-0.098478
-0.095758
-0.099111
-0.083634
-0.088777
-0.084957
-0.083642
-0.084339
-0.085152
-0.084607
-0.08486
-0.094104
-0.080344
-0.098412
-0.08482
-0.088544
-0.08155
-0.076347
-0.098073
-0.093688
-0.085348
-0.092577
-0.099837
-0.082886
-0.08175
-0.094487
-0.098992
-0.086523
-0.10348
-0.086051
-0.080161
-0.095837
-0.10034
9.9266
-0.085154
-0.082536
-0.081937
-0.091017
-0.10003
-0.098546
-0.082721
-0.08809
-0.095602
-0.083914
-0.098972
-0.086396
-0.10219
-0.10073
-0.093166
-0.092501
-0.08718
-0.097377
-0.09586
-0.098765
-0.08022
-0.089528
-0.09297
-0.082969
-0.099716
-0.079476
-0.092803
-0.085212
-0.096009
-0.098368
-0.081424
-0.094876
-0.095395
-0.08893
-0.085022
-0.097251
-0.099023
-0.095485
-0.10457
-0.087203
-0.092404
-0.082008
-0.09644
-0.086679
-0.090739
-0.098396
-0.097169
-0.078953
-0.088904
-0.0969
-0.076847
-0.10495
-0.077628
-0.07959
-0.076248
-0.095542
-0.084947
-0.10535
-0.084544
-0.077227
-0.10064
-0.085396
-0.082331
-0.088444
-0.089926
-0.10266
-0.077665
-0.10311
-0.084021
-0.097742
-0.090965
-0.095544
-0.08766
-0.10343
-0.091148
-0.089537
-0.096933
-0.093118
-0.10128
-0.10534
-0.087656
-0.083371
-0.081172
-0.086031
-0.092722
-0.090064
-0.091775
-0.10437
-0.1013
-0.1045
-0.084454
-0.091387
-0.081306
-0.095745
-0.078583
-0.087467
-0.089926
-0.07926
-0.089622
-0.085154
10.0243
-0.077993
-0.094233
-0.099399
-0.096899
-0.085508
-0.091958
-0.075632
-0.094474
-0.076711
-0.079396
-0.076355
-0.083786
-0.082282
-0.080225
-0.075676
-0.084751
-0.088744
-0.10246
-0.084726
-0.1054
-0.075949
-0.097105
-0.095956
-0.095463
-0.085241
-0.091028
-0.077854
-0.081948
-0.082366
-0.093488
-0.089592
-0.088938
-0.082318
-0.075731
-0.095868
-0.10256
-0.10402
-0.091838
-0.10113
-0.10281
-0.090003
-0.10326
-0.095093
-0.087044
-0.0943
-0.099409
-0.097185
-0.089436
-0.10041
-0.094995
-0.096402
-0.085218
-0.091899
-0.079091
-0.08153
-0.095678
-0.076893
-0.099836
-0.099845
-0.092514
-0.083055
-0.085957
-0.095418
-0.090632
-0.097562
-0.079094
-0.092177
-0.085058
-0.098524
-0.092619
-0.091576
-0.097826
-0.10442
-0.10107
-0.088457
-0.1013
-0.082058
-0.10383
-0.091394
-0.078154
-0.095324
-0.08362
-0.087129
-0.078599
-0.1009
-0.089242
-0.090004
-0.088492
-0.085355
-0.10264
-0.097994
-0.10144
-0.085504
-0.080639
-0.10325
-0.096362
-0.087633
-0.082872
-0.082536
-0.077993
9.946
-0.098459
-0.083647
-0.091537
-0.082805
-0.081083
-0.084811
-0.092303
-0.088271
-0.087946
-0.10471
-0.10239
-0.081778
-0.080592
-0.075985
-0.081027
-0.084975
-0.081186
-0.081608
-0.094589
-0.079033
-0.096716
-0.078467
-0.099112
-0.076972
-0.10385
-0.076018
-0.098626
-0.08772
-0.080075
-0.090068
-0.10173
-0.082308
-0.095074
-0.082308
-0.10053
-0.10382
-0.087414
-0.091006
-0.095851
-0.10133
-0.095886
-0.091147
-0.083568
-0.087613
-0.078474
-0.086455
-0.1001
-0.08746
-0.087007
-0.099654
-0.089005
-0.10512
-0.096554
-0.080176
-0.076518
-0.097714
-0.10381
-0.10465
-0.085843
-0.081105
-0.096661
-0.10112
-0.10473
-0.09693
-0.10157
-0.096691
-0.088167
-0.078173
-0.092144
-0.082239
-0.081252
-0.098635
-0.085381
-0.10297
-0.076196
-0.083818
-0.095841
-0.086962
-0.077581
-0.089822
-0.090546
-0.083698
-0.095696
-0.086822
-0.090422
-0.091808
-0.10288
-0.10383
-0.07963
-0.10492
-0.090474
-0.088718
-0.082747
-0.095643
-0.082816
-0.099944
-0.081061
-0.081937
-0.094233
-0.098459
9.9245
-0.077828
-0.10105
-0.08546
-0.08414
-0.080197
-0.087082
-0.10387
-0.089358
-0.096105
-0.094451
-0.082601
-0.085042
-0.0856
-0.085152
-0.08002
-0.1043
-0.08733
-0.081058
-0.08915
-0.099944
-0.10277
-0.079344
-0.10364
-0.096484
-0.092931
-0.094167
-0.092772
-0.084758
-0.082921
-0.10345
-0.08392
-0.09561
-0.087122
-0.080767
-0.075663
-0.10175
-0.090203
-0.097324
-0.080001
-0.091402
-0.10172
-0.098139
-0.07551
-0.085888
-0.085653
-0.097898
-0.092538
-0.080049
-0.084422
-0.088247
-0.097333
-0.10033
-0.088202
-0.10362
-0.077697
-0.077902
-0.082418
-0.077257
-0.079276
-0.090718
-0.095447
-0.080129
-0.095593
-0.097397
-0.088453
-0.081193
-0.10096
-0.089026
-0.10181
-0.083307
-0.081386
-0.077404
-0.076205
-0.087856
-0.10351
-0.090023
-0.092039
-0.079794
-0.092049
-0.087812
-0.097428
-0.083807
-0.092138
-0.085915
-0.10512
-0.084635
-0.10289
-0.092044
-0.094095
-0.086105
-0.08271
-0.095199
-0.092505
-0.088587
-0.095074
-0.077239
-0.091017
-0.099399
-0.083647
-0.077828
9.8725
