1.000000
1.011720
1.025737
1.034075
1.042524
1.059932
1.064620
1.084355
1.173229
1.189885
1.200688
1.251163
1.269727
1.307226
1.365947
1.397818
1.413551
1.418870
1.472560
1.556000
1.571592
1.580299
1.603332
1.627085
1.708346
1.714522
1.750746
1.805576
1.823105
1.851465
1.877706
1.964526
2.058880
2.058880
2.100809
2.157458
2.157458
2.175168
2.211218
2.333554
2.333554
2.345164
2.431151
2.431151
2.431151
2.557353
2.603635
2.603635
2.603635
2.699949
2.721182
2.825338
2.833054
2.880177
2.927260
2.940182
3.079109
3.079114
3.079117
3.112010
3.279537
3.309457
3.328631
3.425845
3.646538
3.737077
3.798323
3.803092
3.983772
4.006037
4.141141
4.198806
4.321519
4.438878
4.506440
4.694707
4.836436
4.943158
5.097660
5.212840
5.397259
5.589894
5.670303
5.888132
6.027532
6.148058
6.391657
6.755072
7.054215
7.362288
7.690104
8.224599
9.632177
10.263137
11.687499
20.519908