1.000000
1.080849
1.099773
1.157559
1.176039
1.191166
1.248607
1.262050
1.264064
1.292847
1.329194
1.353928
1.390183
1.423753
1.433718
1.461638
1.531591
1.541631
1.554788
1.564918
1.582593
1.615393
1.625425
1.651218
1.679941
1.712455
1.745230
1.784393
1.823154
1.830203
1.869538
2.000000
2.000000
2.000000
2.000000
2.000000
2.000000
2.000000
2.000000
2.000000
2.000000
2.000000
2.000000
2.000000
2.000000
2.000000
2.000000
2.000000
2.000000
2.000000
2.000000
2.000000
2.000000
2.000000
2.292029
2.462804
2.479013
2.683754
2.697923
2.729753
2.941096
3.084638
3.127659
3.374376
3.426946
3.445287
3.539253
3.553916
3.580881
3.854596
4.118903
4.207404
4.499730
4.589237
4.645330
4.854646
4.869496
4.953068
5.087426
5.341113
5.687952
5.769595
5.865935
6.283600
6.364633
6.560858
6.908826
7.071953
7.412706
9.240545
9.836382
9.875125
11.044727
11.903742
13.284414
19.170891