45.9272
18.9609
50.3981
39.2282
21.1957
30.9019
33.6364
20.5101
24.1103
33.1297
22.2814
53.2434
42.0737
24.1057
39.4484
47.8534
30.3361
31.1796
22.635
30.586
33.1677
33.9613
50.2786
35.8099
24.0305
25.8948
25.6582
25.0403
53.935
20.218
44.4165
51.1615
10.206
26.3616
46.456
26.5362
34.7224
43.8163
33.1407
33.4888
41.5243
35.7715
15.4359
24.4555
26.1569
45.8302
21.8961
45.3241
26.7271
36.9683
29.4658
31.9979
16.5957
39.244
23.0951
45.5439
48.378
30.8805
39.5002
39.1721
24.3043
25.3297
37.8728
14.9087
46.2151
20.8262
18.5308
14.1773
48.8818
38.1087
28.5102
30.4278
15.2999
26.6557
26.0133
21.7377
40.4367
36.6617
24.8607
44.4867
47.0496
48.1153
43.1655
51.3755
10.8237
46.4757
12.461
32.794
45.2968
23.7406
47.2355
39.5328
47.0515
47.6603
15.1288
55.4822
33.4317
24.5512
18.1101
11.8045
