-0.07706271
0.09104409
0.00285458
0.12708188
-0.10218255
0.02259893
-0.09840206
0.05819555
0.12274934
0.09626786
-0.19896934
0.06412228
0.00081918
0.03144119
-0.05148873
-0.15528883
0.08397464
-0.04769280
-0.03101960
0.01583508
0.23860153
0.21573469
-0.12403104
-0.04459632
0.09287150
-0.19498540
0.11701102
-0.02965091
0.13161525
-0.08276017
-0.08676622
0.21768887
0.05530754
-0.02913623
-0.09715888
0.10377933
0.03217819
-0.21294742
-0.08496155
0.27935596
-0.00110672
-0.18807330
-0.08352524
-0.03949532
0.06533088
-0.01530825
0.00955413
-0.00167974
-0.09032676
0.11031214
-0.03435694
-0.04358763
0.01834039
-0.00629688
-0.04905425
0.01195479
0.19874698
0.05091199
-0.06161623
-0.08178642
-0.02247034
-0.14823473
0.17172711
0.01921306
-0.10942706
0.01134436
-0.13577492
0.05477450
-0.01706834
0.00395137
0.03403425
0.08029897
-0.07616580
-0.13798833
-0.00977231
-0.07740186
0.03997304
-0.17444851
0.08075614
0.02881887
-0.10455164
-0.02983913
0.07880796
0.22822927
-0.03302289
0.12998502
-0.08095181
0.01945977
-0.01951684
0.03200401
-0.04685160
-0.13369401
-0.02546856
0.04135398
-0.04760704
-0.01733949
0.03781135
0.05071891
-0.06900055
-0.02524262
