0.11063050
0.05556732
-0.04021407
-0.03318496
-0.26209611
-0.10447244
-0.04403601
-0.06864655
0.07553607
0.04740571
-0.05255067
-0.12298996
0.08116521
-0.00834534
0.03469276
0.03592588
-0.01240565
0.07435642
0.02366516
0.00484387
-0.11054204
0.00413826
0.09518887
-0.04243727
0.04163979
0.06592338
0.34578150
-0.07459033
-0.02117583
-0.04463352
-0.15915298
0.01907152
0.03378490
-0.03763024
-0.00466703
-0.01062912
-0.03137519
-0.08862026
-0.07467734
-0.09520633
0.07256107
-0.00268661
0.03405820
-0.07278381
-0.22490937
0.00516746
0.06500341
0.11872604
-0.18912452
0.03082262
0.01645692
0.00479126
-0.01148308
0.20189403
-0.12022102
0.02090838
0.04586641
-0.20522303
0.04555692
0.15137249
-0.02977914
-0.03023988
-0.15118387
0.03146293
0.10761511
-0.13054516
-0.14030579
-0.06233563
0.00997307
0.11635551
0.05835276
-0.00853984
-0.08758031
0.00632255
0.05594518
-0.07493572
0.02387884
0.02804457
0.13772776
0.16155756
-0.19344095
0.11362662
-0.06742947
-0.13625283
-0.06295468
-0.04955886
0.03243549
-0.02240006
-0.14037685
-0.03615693
-0.19801537
0.16427612
-0.06682734
0.07219571
0.06927799
-0.06794121
-0.15855819
-0.15900745
0.08378379
-0.01242469
