-0.02195496
-0.06065051
0.10029201
0.06637527
0.07506008
0.01715384
-0.15367751
0.18280809
-0.06858817
0.04801137
0.13691120
0.01288973
-0.00990235
0.06130997
-0.02944512
-0.06207062
-0.19108577
-0.01795222
0.01314182
0.12995164
0.05964721
0.08943082
-0.01850324
0.11973821
0.07936692
-0.02978749
0.00814501
-0.12498909
-0.07418980
0.03074432
-0.06974386
-0.01742992
0.10571748
-0.05973892
-0.00973739
-0.09247320
0.06311391
0.04765687
-0.12907862
-0.07408338
-0.04767903
-0.22753819
-0.10897173
-0.06764523
0.04734459
-0.01963067
-0.09768262
-0.02233025
0.06385198
-0.01131326
-0.11330410
0.25838469
0.02120241
0.13034842
0.23136415
0.10693417
-0.00970213
-0.17610532
-0.13192981
-0.04019483
0.01281204
0.15649876
0.20606337
0.07371542
-0.10767279
-0.01687940
0.19194772
0.00197149
-0.00551208
-0.08465926
0.02941997
-0.04671288
0.03739383
0.09767411
0.15171836
-0.00143911
0.21144802
0.15534838
-0.07272777
0.14325441
0.04187349
-0.07891829
0.10916999
0.08155949
0.05076790
0.00906324
-0.09235287
0.20689308
0.11120175
0.14619574
0.04217645
-0.03503487
0.10233486
-0.11858576
0.03939139
-0.06209818
0.00262101
0.05725255
0.08014388
-0.03023543
