0.04744717
-0.14168419
0.00598573
0.07314743
-0.07443537
-0.07536728
0.03477102
-0.11265712
-0.07399679
0.14391500
-0.03732227
0.04935258
-0.05306004
-0.16756277
-0.05193440
-0.06095395
0.02182707
-0.05460516
0.10967685
-0.22315550
0.04222442
-0.05777209
0.10470593
0.00740784
0.17713594
-0.04434393
-0.03446549
0.05158820
0.11435455
-0.13111994
-0.28765944
-0.02066919
0.02701884
0.16534017
-0.02829838
0.00996633
0.07277911
-0.06713487
-0.11006815
-0.02495764
-0.19285269
0.05487636
-0.11249494
-0.16885953
0.00635449
0.05192958
-0.02545812
0.05762880
0.08186529
0.07401587
-0.02256953
0.02880316
-0.05994830
0.16387551
-0.07815220
-0.12510900
-0.06797081
-0.07536132
-0.13878508
-0.13861087
0.18771760
0.00728723
-0.10027382
0.11583331
-0.10403824
0.16653972
-0.03165600
-0.08343648
0.14331710
-0.06053821
0.00097090
0.07893244
0.03152051
-0.06936809
-0.22863567
-0.08489657
0.07408430
0.11684379
0.02666325
0.10063709
0.03504112
0.15764039
0.16272907
-0.06331817
0.00218846
0.06526781
0.13930346
0.01602746
-0.05588448
-0.00324605
-0.14469296
-0.05776982
-0.09330140
0.01978905
-0.02650023
0.12436049
0.02132249
-0.12304388
0.04768125
-0.10802915
