0.08961135
0.03420695
0.00322726
0.02094969
0.13302440
0.02733517
0.10421960
-0.00343653
-0.21277885
-0.03216519
0.01352884
-0.06767963
-0.00475786
-0.15308616
-0.06852414
-0.08145714
-0.02322431
0.04682833
0.05764584
0.10651795
0.10263871
-0.04433347
0.15619032
0.00949979
-0.10058380
-0.09597103
-0.09729352
-0.13092237
0.13188233
-0.02674497
0.10304206
-0.05225805
0.14539380
0.03533852
-0.09612207
0.08119882
0.06145373
-0.15870279
-0.14204020
0.01411477
-0.07145632
-0.05296993
0.07776374
0.03038125
0.10713591
0.03010112
0.14845234
-0.03584196
0.01437653
-0.00649198
0.01351334
-0.11109766
0.07077558
-0.06500820
-0.10295280
0.26083265
-0.10548511
-0.23368130
-0.02968349
-0.08939774
0.18405758
0.05171910
0.02808403
-0.04119229
-0.00593484
-0.18413419
-0.06692385
0.11203034
-0.12215084
-0.07912433
0.05202860
0.03235887
0.07975098
0.09468975
-0.03352388
0.24150890
-0.01392838
0.09017190
-0.01373312
0.02639700
-0.14790680
0.03786160
-0.03010993
-0.15031771
0.02836695
-0.23570584
0.03913435
0.10348828
-0.06290197
0.04361173
0.03233167
-0.06788975
0.00877958
-0.12062221
0.06993467
0.09937851
-0.00297089
-0.05384331
0.20226502
-0.17585651
