-0.01994675
-0.07808290
-0.05536635
0.17061724
0.20689516
-0.05590552
-0.05491026
0.07276739
0.08361088
-0.16468708
-0.08128334
-0.11918670
0.04825695
0.13400170
-0.03917116
0.06335322
-0.07729808
-0.04677279
0.13323314
0.02078774
0.05801187
0.09176857
-0.11088797
0.08783404
-0.07884372
0.10229733
0.09306838
0.14049098
0.04567671
0.08002253
-0.04517329
-0.15386421
-0.05316065
0.07185921
-0.04770245
0.01284891
0.11192862
0.16395197
-0.00803780
-0.08671264
-0.07391225
0.19637103
-0.19262956
0.02168854
-0.03370395
-0.00934928
-0.18529318
-0.15282525
0.16505542
-0.18290054
0.15801468
-0.03263550
-0.02531591
-0.03833579
-0.09621961
0.07315423
-0.03548209
0.03982290
0.10015068
0.03551448
-0.00325001
0.13556180
-0.12265993
-0.10177084
-0.01914304
-0.19246216
0.06177851
-0.06072183
-0.03555765
-0.05969818
0.20714972
-0.06339207
-0.00167864
-0.05203075
0.01695038
0.00482468
0.07693907
-0.12403772
-0.03613238
-0.18930338
0.02754150
0.09773701
0.04257520
-0.08726311
0.05352054
-0.05527314
-0.01675855
0.05068994
-0.16983676
-0.09283417
-0.04652006
0.02765696
-0.02352037
-0.01648002
-0.05033917
0.19079292
0.03339767
-0.10113520
0.04359472
-0.22259102
