-0.17638958
-0.19545664
0.10695979
0.06362816
0.03003610
0.10371158
0.00724869
0.01500390
-0.09382640
0.00101941
-0.11800173
-0.09552165
-0.05117996
0.01487845
0.17189341
0.04048759
0.04355634
0.05826311
0.12908538
0.06224608
0.00682845
-0.04644096
0.06404789
-0.18054605
0.00447558
0.10115670
-0.02444632
0.06186004
0.01849200
0.06274040
-0.05292110
0.17923178
0.04253388
0.01512236
-0.12768380
-0.02071391
-0.15503164
-0.03094909
-0.13181716
-0.00685991
0.01632318
-0.05196435
0.17511746
0.14680496
0.15163148
0.06335172
0.08365005
-0.07048508
0.01413621
-0.12037180
0.02572194
0.12248867
-0.11806064
-0.02240126
-0.15722750
0.06501962
0.13199829
0.12262761
-0.10999584
-0.07603928
-0.01095582
-0.04237436
-0.05657670
-0.27073962
0.06827936
-0.02514022
0.07435841
0.02836894
-0.31942908
-0.03231383
0.08430240
0.11208706
-0.03401965
0.05582185
0.02552189
0.09886492
0.21058352
-0.09774539
0.22520426
0.02299985
-0.08569115
-0.08690354
0.01262987
0.01480204
0.04406751
0.08869098
0.03877846
-0.10987190
-0.07401499
-0.08138577
-0.06332214
0.03808780
0.03653950
-0.02440196
-0.10711853
-0.03494521
0.06402939
-0.01389938
0.15446688
-0.08776727
