0.23632666
0.00268251
-0.05498475
0.00751421
0.12917095
-0.00828182
0.15516155
-0.07945590
-0.12929801
-0.07304716
-0.05581382
0.02053955
0.19077009
-0.13098183
-0.18168236
-0.07983472
-0.16381132
0.01669333
-0.00913098
-0.08984390
0.05605589
-0.14123307
-0.02499874
0.02623192
-0.02135417
0.00813516
-0.04325172
-0.05810600
-0.02723256
0.00153669
-0.05568586
0.00749787
0.08499596
-0.21547590
-0.04789995
0.00847786
-0.00714958
0.18383756
0.08854271
0.05563533
0.07242267
-0.10205315
0.06507015
-0.03063312
-0.19392551
-0.21280414
0.07375187
-0.06422382
-0.00233981
-0.03321244
-0.10281293
-0.05305275
0.04113387
-0.22170620
0.03024482
-0.08987429
0.08997214
-0.00530531
-0.01507790
-0.09608211
-0.11116211
0.11166707
-0.10375021
0.10171242
0.10392030
0.00905532
0.05004122
-0.03905053
-0.05177184
0.12781014
-0.26082545
-0.04049830
-0.02249685
-0.07735809
0.13636237
-0.00472591
0.05232663
-0.04578511
0.03095278
-0.24201427
0.12255800
0.07179235
-0.07232753
0.09375303
0.09975253
-0.12422186
0.06632229
0.02926224
-0.05259218
-0.00884482
0.18366200
-0.01793661
-0.07015294
0.05978280
0.10291099
-0.00558932
-0.02266434
0.10679500
0.16666332
-0.02250206
