-0.05827443
-0.08424359
0.22989951
0.02952181
0.13818927
0.10114225
0.02221125
0.14296328
-0.01205078
0.05768127
-0.16412949
-0.12907911
0.08083284
-0.03740468
-0.04332746
0.04058844
-0.27771353
-0.03805974
-0.11406973
0.04989337
0.00322685
-0.16182937
-0.01049436
-0.02385007
0.05538719
-0.06609431
-0.14255023
-0.00798327
0.05295333
0.03812239
0.06978042
-0.09895113
-0.08999049
-0.07068206
0.06520227
0.02996170
0.03707448
0.10748159
0.07158259
-0.01839719
0.01707081
0.23535807
0.15228805
-0.04737998
-0.19696547
-0.04145245
0.01417910
-0.21101539
0.13762676
0.14992746
-0.00123080
-0.04142612
0.07937293
0.07722554
-0.01353047
-0.05876681
0.02720947
0.19663412
-0.15369822
0.18148043
-0.19396580
-0.08840751
0.06068317
0.11720034
-0.09121234
-0.01941534
-0.08621539
-0.16280277
0.12052258
-0.05084787
0.00323018
0.22320426
0.03610239
-0.00276793
0.07608485
0.02538562
-0.12743625
0.07756350
0.00088746
-0.00940066
0.08048326
0.02065292
-0.05788214
-0.12754110
0.06878663
0.08318016
0.02146849
0.00969012
-0.00947968
-0.01249701
-0.02218825
0.15143403
0.12259831
-0.03938559
0.07813886
-0.06124361
-0.07571863
-0.01291464
0.02189488
-0.05973173
