0.02303965
0.07614128
0.05596568
-0.08614864
-0.15299767
0.05132337
0.01929202
0.05546685
-0.16609567
-0.07238556
0.02237163
0.15053599
-0.13407389
0.01467327
0.02455124
0.03197206
-0.09073544
-0.09142074
-0.06139325
0.00769041
0.05446990
0.23150699
-0.17892102
0.11094664
0.11677735
-0.01128227
-0.10608555
-0.03879755
-0.03763930
0.06471723
0.02732470
0.08017658
-0.00895197
0.06556987
-0.01091997
0.20064576
-0.07889838
0.08204292
0.25246749
-0.06506668
0.00790374
0.08610013
0.01011591
0.10678696
0.03314955
0.15301915
-0.02420595
-0.19345102
0.08835253
-0.04031818
0.00527619
0.07064552
-0.21711454
-0.04021528
0.06575953
-0.25528111
-0.12501547
-0.09139259
-0.05432457
0.07443828
-0.14868345
-0.01412149
0.07084466
0.05260666
0.00710958
0.06226281
0.17636116
0.01406263
0.18195981
0.20145764
-0.05388130
-0.04393831
0.06798982
-0.08412586
-0.18529220
0.03041656
0.04874008
0.02207429
-0.10768090
-0.04390058
0.11532790
0.02014624
-0.02163336
-0.06425676
-0.04065231
0.00332906
0.03404036
-0.07858913
-0.11146215
0.00490603
0.01824984
0.00382538
-0.06892358
-0.18580925
-0.01922176
0.09690712
0.20268335
0.05783597
0.03761805
0.05180443
