0.08701214
-0.05296138
0.16752480
-0.03494678
0.05660083
-0.04822697
0.18001698
-0.05026573
0.09785932
-0.03757857
0.09962777
0.11504887
-0.01684418
-0.03521548
-0.05926216
-0.02011760
-0.04560823
-0.19825097
-0.02861326
0.03072255
-0.07936861
-0.06790403
-0.06398350
-0.00421134
-0.08629385
-0.13125815
0.16271385
-0.05877065
0.05710843
-0.12356348
0.20838390
0.00097640
0.12282563
0.08132042
-0.00087705
0.03318915
-0.06558888
0.01191732
0.09023617
-0.05646311
-0.06008318
-0.02159808
0.08017836
-0.10386684
-0.11081945
-0.03067019
-0.02792410
0.07276539
0.11359718
-0.11245175
-0.20081641
-0.16561971
-0.12634389
-0.13594996
-0.00922829
-0.04350385
0.16923310
0.07782357
-0.00274722
-0.13061096
0.01655362
0.03651600
0.04687608
-0.03876058
-0.10561120
0.16532235
-0.05794595
0.00457982
0.07312311
0.00277939
-0.08092759
0.17245791
-0.29380579
0.04959825
0.15877250
-0.01411844
-0.01192619
-0.06510698
0.25641482
0.17104795
-0.00351991
-0.02679932
-0.08631347
0.16210606
-0.16938342
-0.09133154
-0.04622000
-0.11488295
-0.12871510
0.07458988
-0.00736627
-0.05127540
-0.02705757
-0.01128006
-0.10004616
-0.02227704
-0.09070889
0.08527043
0.05158471
-0.03660666
