0.00052638
0.05748107
0.08993307
0.11369815
0.16330081
-0.08154139
-0.09790239
0.12500037
-0.13813383
-0.07668485
0.09981874
-0.14840826
0.07011298
0.09995588
-0.10363451
0.07827352
-0.16513808
-0.06144532
-0.00247389
-0.02809692
0.03252516
0.01477882
0.08100357
-0.11000771
-0.04616792
0.13227235
0.04292726
0.02386068
-0.00109446
0.13532954
0.19593078
-0.11562425
0.02272239
0.11765141
0.04012671
-0.25031657
-0.07216393
-0.04282367
-0.02373077
0.11858959
0.19026617
0.04472396
0.08667906
0.11565800
-0.04786788
-0.06432870
0.01307666
0.05046005
-0.11133824
0.07334966
-0.01989904
-0.05562901
0.09587249
0.01044487
-0.03113508
-0.03034844
-0.03260624
0.09381867
-0.16594527
-0.04468132
-0.18192598
0.09033924
-0.13125281
-0.07737249
-0.09230164
0.09796580
-0.00601573
-0.02217666
-0.05520826
0.07839094
-0.13093117
-0.06211603
0.05631834
-0.15226752
0.00143037
-0.04448921
0.16307618
0.10602863
0.00137649
0.03193834
-0.02419415
0.29476106
-0.01820999
-0.18822404
-0.05527780
-0.04245566
-0.14896388
0.02620419
0.13001577
-0.04819039
-0.12107282
-0.06877046
0.03068870
-0.01200168
-0.18294205
0.05251793
0.05445923
-0.16900678
0.01543764
0.07057007
