-0.05941105
0.02618567
-0.08813261
-0.07964954
-0.03480889
0.06546684
0.20764922
0.08076407
-0.10827394
-0.02073892
-0.05604799
-0.02961327
0.11930824
0.03815042
0.10023707
0.06100223
-0.08015191
0.09409529
-0.13650915
0.08084976
0.06061663
0.11124104
-0.14352001
-0.02058533
0.00181081
0.01014441
0.08858984
0.07083234
0.06591150
0.01804742
0.16942589
-0.03286371
0.01022491
-0.05829713
-0.00621980
0.07334880
-0.12407052
0.01930095
-0.07428191
0.07969685
-0.19867815
-0.19768161
0.16419790
-0.01510470
-0.19896988
-0.17044963
-0.00878681
0.03107329
0.03412208
0.10786093
0.03365666
-0.00742837
0.10591649
0.20812800
0.00269840
-0.02431431
0.10497822
-0.05127480
-0.14992276
-0.01076474
0.02479344
0.01473804
-0.11302592
-0.06034407
-0.06868865
0.09654532
-0.01322247
0.06564749
0.06050317
-0.01945965
-0.20023660
0.03668900
0.07116143
-0.07607913
-0.00171017
-0.04464731
0.17198591
-0.00309021
0.02061380
-0.10592189
-0.07433771
-0.13713330
0.07365185
0.06137980
-0.08373038
0.29190852
0.09291430
0.04102073
0.19370475
-0.24824253
-0.00920549
-0.00249488
0.02021130
-0.10496199
0.05351306
-0.22412590
0.01085859
0.04436883
-0.00414397
0.03682758
