0.10125987
0.00752084
-0.01117928
-0.10822806
0.00953910
0.05828406
0.12942720
-0.07510771
0.04976339
0.07673042
0.11321912
-0.01366916
-0.11155530
-0.04320241
-0.08162221
-0.00181601
-0.16934256
-0.06808292
-0.06102138
0.07934848
0.10106364
0.05409825
-0.06784831
-0.06012198
-0.17683434
0.13659826
-0.19035851
0.08559533
-0.11803412
0.00546884
-0.02389870
0.08129219
0.14431345
-0.02634325
0.13726238
-0.14767271
-0.13903560
0.06713055
0.05620300
0.01568817
-0.16975946
0.07978075
0.12601547
0.01576429
-0.01762911
-0.10748405
-0.02193847
0.10698612
0.00900514
-0.00108220
0.05822456
-0.07914077
-0.04015855
-0.12856352
-0.16415176
-0.03672688
0.09032651
-0.04290270
0.09185489
-0.08677901
-0.01115623
-0.07658060
0.04665860
0.05864444
-0.05592108
-0.08846216
-0.29842275
-0.15228567
0.08946580
0.20794168
0.04242794
0.00389428
0.05523929
-0.17115073
0.10909843
0.01888292
-0.08666014
0.00040259
0.00669510
0.01045398
0.09850853
0.01286571
0.01219340
0.14925534
-0.23437718
0.04066307
-0.14816332
0.02321877
0.16140737
-0.17520052
0.01145532
-0.07983299
0.08587784
0.03263133
-0.12439223
0.06319512
0.08259809
-0.09803272
-0.06054685
0.14452046
