-0.00787312
-0.00023927
-0.12660174
-0.08178998
0.17409394
-0.04024706
-0.19974848
-0.02176255
-0.10876220
-0.06549295
0.04055238
0.12474990
0.10529996
-0.15096702
0.15608364
-0.14775409
0.15298441
-0.07925549
-0.02246113
0.23888633
0.05545202
0.16692319
0.02396773
0.21745248
0.02179340
-0.03034962
-0.18977744
0.11840519
0.04447762
-0.02204532
0.15127909
0.15332031
-0.08805158
-0.02630076
-0.11644399
0.08417336
-0.02434562
0.03111733
-0.04009624
0.08269631
0.02175273
0.03377027
0.11773774
-0.01425568
-0.20148503
0.08272381
0.04167823
0.04616765
0.04769096
0.07356058
0.10842634
0.00958853
-0.06127198
0.11441885
-0.03895312
-0.08033417
0.07941726
0.08795099
-0.04389731
0.09855291
0.02791433
0.16878128
0.00088445
-0.00214854
0.00666684
0.19706495
-0.04266210
-0.02071459
0.02877557
0.04412485
-0.09715613
-0.04699622
-0.14347404
-0.07005942
-0.01362703
-0.05029328
-0.19514858
-0.02124136
-0.10433584
-0.09107363
0.00216146
-0.01998450
-0.00914915
0.01391488
0.01536433
-0.05166699
0.09647273
0.17777888
-0.11525445
-0.10870892
-0.01649767
-0.19179601
-0.05062623
-0.20226540
-0.08301484
-0.11667977
0.02364851
-0.03403341
0.03065429
0.07085189
