-0.03397543
0.13300607
-0.04488165
0.00235401
0.06060893
-0.04311830
-0.09306653
-0.02212505
-0.07194562
-0.05451314
0.08768046
-0.01117904
0.08235326
-0.13659343
-0.00976962
-0.12466384
-0.00132564
-0.11773393
0.03225657
0.08325779
-0.04284043
0.01653045
0.08598703
0.06569061
0.00466215
-0.16603818
-0.04499496
-0.19966496
-0.03761236
0.08841574
0.04750195
0.24334067
-0.01934406
0.07094499
0.01090218
-0.09400678
0.00313402
-0.05717216
-0.09246616
-0.06045322
-0.02010843
0.26509347
-0.05303486
-0.06936919
-0.07257023
-0.00013283
0.11508830
-0.11641534
-0.24614908
-0.00858529
0.09991862
-0.24212494
0.07729133
0.12541497
0.01747315
-0.19651326
0.00200788
0.05658673
0.08342367
0.07109657
0.07353551
0.11285495
-0.12017197
0.10373469
-0.17619634
0.00535645
0.03277966
0.10987614
-0.09810583
0.01824179
0.13389237
0.03948043
0.07576765
-0.00318320
-0.05970259
0.10098943
0.06073282
0.10914491
-0.04550060
0.00548702
0.10487572
-0.10679116
0.05676538
0.04749859
0.15569195
0.19736649
0.13128903
-0.11285889
-0.16410361
-0.13455140
0.07267099
-0.05311900
-0.10749143
-0.01886756
-0.01046172
-0.13654965
0.00250233
-0.10929361
-0.08377936
0.09054098
