0.05165866
0.02799607
-0.05745087
-0.12754726
-0.02521886
-0.01537616
-0.19905600
0.11976789
0.03989733
-0.16063613
0.18120486
-0.01406586
-0.13497211
-0.08483167
0.02406568
-0.13189449
-0.04337973
-0.00929859
-0.03892994
0.01865720
-0.06522503
-0.02294891
0.01747186
-0.20337430
-0.17572015
-0.09775127
0.00731513
0.01857730
-0.06697546
0.12022739
0.10379051
-0.01622410
0.30464056
-0.03346475
0.09008511
-0.00577318
-0.15800757
0.17220497
-0.09742819
0.00675425
0.17595905
0.05887832
0.03398569
-0.01332140
0.02246208
0.17315160
-0.04222692
-0.02029441
-0.04173390
-0.03774639
-0.01580043
0.05669287
0.00808056
-0.06968688
0.15133034
-0.07965820
-0.03027013
0.00733744
-0.15410086
-0.09243840
-0.11850778
-0.24406681
0.19539658
-0.06690509
0.07695487
0.00157509
-0.09106949
-0.00369997
0.03707722
-0.10468910
0.10975411
0.10963816
-0.00892031
0.05627819
-0.11163173
0.05238733
-0.01175403
0.14735063
-0.08767408
0.18426724
0.00183990
0.04081139
0.13278625
0.10103738
-0.08023476
-0.08384184
-0.08380361
0.09845407
-0.01243082
-0.04073839
0.00755909
0.09488305
-0.01455532
0.02833225
-0.21210605
-0.06115499
-0.09770609
-0.05855082
-0.06980116
-0.03866762
