0.04275772
-0.04941936
0.01000490
0.11721319
0.01178577
-0.10159387
-0.08398224
-0.01664493
-0.01878039
-0.08483587
0.01770216
0.12409929
-0.02461052
-0.02004455
-0.21571351
-0.07588975
-0.13651816
-0.03784474
0.05149895
0.14925573
0.17622334
-0.01145277
-0.03137404
0.08010336
0.04802767
0.07498222
0.07625875
-0.14504594
0.05294692
-0.00896934
-0.07449242
-0.06796112
0.12556211
-0.07934118
-0.12118818
0.02103580
0.19702308
0.00250392
0.03020835
-0.09193304
0.16404606
0.01224682
0.05194134
-0.09328727
0.08368237
0.03812998
-0.11326939
0.00389389
-0.04415137
0.01070453
-0.02455012
-0.01860729
-0.10120880
-0.03167737
0.07510722
0.17094973
-0.11371216
0.23294787
0.14953093
0.01651101
-0.02951336
-0.06845681
0.08159803
-0.06806007
-0.04525706
0.08658017
0.04271547
0.08786672
0.04945557
-0.03928143
-0.05034879
0.07803113
-0.06576577
0.11627337
0.07747599
0.02819205
0.00031611
0.03582457
0.34555733
-0.01101697
-0.15252101
0.18764902
0.05975504
-0.06348485
0.25645645
0.05398422
0.02882720
-0.07621610
-0.10434591
-0.17327595
-0.04143927
-0.10318699
0.06346953
-0.03112242
0.17333253
0.14801262
0.01607036
-0.02770627
0.11289360
-0.11233919
