-0.02199135
0.04699787
-0.03803934
0.12671998
0.07817610
-0.04675164
-0.02407987
-0.05423275
0.05902363
-0.20739239
0.07764206
-0.14563009
-0.18465813
-0.02424099
0.11400358
0.14638467
0.12011480
-0.12458302
0.08132950
-0.04752715
-0.22040058
0.09944662
-0.09691483
-0.11013096
-0.15036246
-0.02852735
0.11525440
-0.12687876
0.16233356
-0.04779274
-0.01850812
0.04382355
0.14054340
-0.07437770
0.16193702
0.04667998
-0.12183527
-0.13075538
-0.06533367
-0.05177974
0.16889779
-0.13186694
0.26248835
-0.24196028
-0.02422849
-0.03351492
0.02352966
0.03768652
-0.07807800
0.03643125
-0.15065475
-0.07498087
0.13276988
0.08185184
-0.09099552
0.13366211
-0.01595074
0.00372026
0.04168730
0.01508559
0.20282416
0.00598931
0.01206744
-0.02526234
-0.12557095
0.03395203
0.04870223
0.04798581
0.05438713
0.08793714
-0.06777216
0.04897867
0.05295966
-0.03885512
-0.00239702
-0.07127068
0.03410614
-0.02988405
0.16793715
0.04082911
-0.02675001
-0.06362857
-0.23343520
0.01963248
-0.06869245
0.02035319
-0.13180596
0.06856244
-0.05843632
0.03556770
-0.06703605
-0.00613287
0.10602347
0.00599110
0.02833575
0.10959430
-0.03888644
0.04026831
0.09343473
0.09990673
