0.27123929
0.07451864
-0.07551139
0.00539265
0.12895642
0.20099063
0.07607713
-0.08645778
0.07618033
0.06315483
0.05837005
-0.00596492
-0.02421003
0.01077328
-0.06654540
0.06604913
-0.00563243
0.14797780
0.08285768
0.02515113
0.14796060
0.09648907
0.03778711
-0.10118835
0.14808126
-0.01403806
-0.03907074
0.00334957
0.11871511
0.01317638
-0.12630120
-0.03120875
-0.08958843
-0.03020335
-0.13905084
0.03953442
-0.03831435
-0.09821683
-0.06459062
0.14117515
-0.13280032
0.05401090
0.01877409
-0.13263884
0.00445281
-0.10282695
0.09288538
0.06125962
-0.01300368
-0.10992349
-0.05776995
-0.05535402
0.03838172
0.13848549
0.08430718
-0.04946179
-0.20924299
-0.08177419
0.03918947
-0.11791523
-0.00057381
0.16364188
0.18062663
0.01953737
0.19666600
0.06332078
0.07877919
0.06184659
-0.05478835
0.02178208
0.05753297
0.13173937
-0.28573612
-0.09489797
0.15408977
0.07244398
0.02420325
0.05807129
0.13148955
-0.10504302
0.04567524
-0.20901625
0.01467769
0.01068627
0.14001317
-0.08164621
0.06060963
0.10621213
-0.07853132
0.03462900
0.00541859
-0.01931579
-0.05536761
-0.07359705
-0.12978784
-0.05148464
-0.10334862
-0.00512897
0.17391136
-0.03292237
