0.00766988
-0.11222594
-0.06485100
-0.07605620
0.06238651
0.18297825
-0.01507207
-0.00588837
-0.01768717
0.13893604
-0.03109813
0.03509801
-0.11157381
0.08186715
-0.13843476
0.05083489
-0.10424445
0.34720023
0.02776732
-0.09029807
-0.02230524
0.14186596
0.00174555
-0.17372482
0.08954813
-0.02209013
-0.10470735
0.15607105
0.02189045
-0.11858405
0.18384113
0.12351975
-0.14621172
0.02536954
0.08687184
-0.08446555
0.04517501
-0.01344620
-0.02371856
-0.11533607
0.14969771
0.05348254
-0.00450252
0.02228322
0.15798401
-0.02552908
-0.07677741
0.04476971
0.10073423
-0.04272373
-0.14275817
-0.19062395
-0.12592326
0.17074099
0.11008221
-0.13017992
-0.02095561
0.03455057
-0.07356820
0.03674728
-0.07974166
-0.12369986
-0.10677445
0.06807848
-0.04803983
-0.04269496
-0.00413616
-0.10852115
-0.05993872
0.07294412
0.11050780
-0.00336849
0.02555775
-0.08615019
-0.05351567
-0.04520666
0.05825008
-0.02754945
0.12741917
-0.11362651
0.03361917
-0.07185572
0.00293881
0.01345331
-0.23866809
-0.02313028
-0.07708207
0.21886767
0.11637884
-0.01838927
-0.06448992
-0.02415656
0.02670456
0.11358276
-0.01003758
0.09334558
-0.03307227
0.12846416
-0.04952241
-0.12338715
