0.15039911
0.14285233
0.00984926
-0.04421951
0.05288279
-0.06794253
-0.01294271
-0.05491803
0.01093112
0.11681558
0.07686708
0.11839467
-0.09469831
0.01861446
-0.10180379
0.03984044
0.03371874
0.13420410
0.11380076
0.06762671
-0.05228911
-0.04927857
-0.21239355
-0.04641196
-0.16059189
0.09626277
0.09337582
0.01431659
-0.03917571
0.01481112
0.16616605
0.13967095
-0.04642620
0.01743525
-0.11600251
0.04148677
0.07651350
0.09317961
-0.15852359
0.05224226
-0.08947020
-0.03898389
0.08158095
0.03087256
-0.01695182
0.06281366
0.16921598
-0.06454890
-0.13977284
-0.12032420
-0.09775910
-0.06948896
0.05970251
-0.21593509
0.02442881
-0.08058821
0.11383518
-0.08857465
0.00078242
-0.09706615
-0.07056034
-0.02693165
-0.02368667
-0.05433271
0.11681228
0.05695468
0.19205924
-0.02870812
0.11042589
-0.21732948
0.06610079
0.03845698
-0.03873794
0.07198785
0.09085893
0.10700687
0.04346005
0.06222735
-0.06977960
-0.11338137
-0.02770576
0.01931314
0.09844917
-0.08184063
-0.05067456
0.30794060
-0.06445486
0.19880465
0.09950559
-0.05774811
-0.01103142
-0.02227516
0.04901932
0.14138174
-0.16955814
0.20951210
0.08052278
-0.05682658
-0.01304567
0.03101489
