0.02220769
0.11263690
0.05278520
-0.01350224
-0.03255512
-0.13782935
-0.06406146
-0.01755752
-0.03632120
-0.18409321
-0.08548354
-0.11082123
0.03390423
-0.00785748
-0.05555875
-0.10585371
-0.10268939
-0.22896014
0.13812873
-0.09857182
-0.25102484
-0.03873850
0.05734095
-0.08914162
-0.02793620
0.00958362
0.00829155
0.11430224
-0.15185668
0.12573881
0.14713752
0.05507333
-0.09292169
-0.12286739
-0.04897758
-0.04354694
0.02930312
0.09445943
0.09710992
0.10248521
-0.00480971
-0.01499360
0.01567650
0.04546546
-0.10152333
0.06814301
-0.00535990
-0.17962972
-0.06182374
0.00770921
0.04448082
0.06258505
0.03603169
0.07742712
0.02288765
-0.04170740
0.10716439
0.00508420
-0.00808904
-0.11736496
0.08128554
-0.07741722
0.08721327
-0.12987672
0.02331831
-0.04052842
-0.00907147
-0.14139221
-0.05659803
0.09692249
0.23309204
0.07020826
-0.18729703
-0.04729276
0.04218854
-0.06968475
0.20836560
-0.00612108
0.12991806
0.02888012
0.00738844
0.18540088
-0.12165764
-0.05027839
-0.15877738
0.02800147
0.04351162
0.05392639
0.10746089
-0.13027554
0.14454944
-0.18673024
0.05478595
-0.19549599
0.08177900
0.02493360
0.12169843
0.06857906
0.13028301
-0.06011738
