-0.00265907
0.06022427
0.00146294
0.06746543
0.16791993
0.06793534
-0.01180640
-0.06913616
0.17991127
-0.03728988
0.10246828
0.08355154
0.06603021
0.03808559
-0.05554745
0.07515065
-0.01122808
0.00192518
-0.00316665
-0.04421523
-0.11634410
-0.04088196
0.12090113
0.19577794
-0.00390509
0.06184615
0.04232204
-0.16158972
0.01838210
-0.08907061
-0.15547085
-0.06849266
0.16423301
0.00891038
-0.10494728
0.06995641
0.04802947
-0.03022909
0.05463690
-0.02777453
-0.12450290
-0.12287199
-0.01334328
-0.09361376
-0.05120207
0.00517934
0.01414451
-0.15292114
0.03059388
-0.00909348
0.06292756
0.08355046
-0.12862454
0.06201025
0.01539380
0.12709124
0.01840322
-0.07216385
-0.19989030
-0.09953451
-0.11799268
0.01510990
-0.13154888
-0.13664958
0.01385885
0.18618391
-0.08475421
-0.15593303
-0.22663912
-0.08651386
0.05286052
-0.01690887
0.00212234
0.06623647
0.14302755
-0.18829476
-0.04209013
-0.07135621
-0.06640922
-0.25140451
-0.12756846
0.11733061
0.06710941
0.00890113
0.06968747
-0.13407089
-0.01523348
-0.03639551
0.07319846
0.14470662
-0.08536827
0.10602617
0.00550794
0.12494962
0.09625284
-0.09110952
0.18706577
-0.14057944
0.02098931
0.15452114
