0.03588033
0.04725775
-0.22489003
0.00216883
0.18756659
-0.01686633
-0.05765949
-0.09020182
-0.16209296
-0.04380814
0.02697989
-0.08806625
0.02268691
0.07052842
-0.05310394
0.04405551
0.05061465
-0.00383138
0.17511518
-0.11387057
0.02462025
-0.08294977
-0.06460249
0.03947010
0.09782134
0.01522536
0.11679275
-0.08325295
0.03026740
-0.04751854
-0.06778848
-0.23554215
0.06804136
0.16781159
0.04472116
0.12319008
0.00527914
-0.11013075
-0.07809203
-0.07184395
0.09867001
-0.04299555
0.00818469
-0.11932568
-0.01638553
-0.14552591
-0.06287159
0.06797962
0.15302538
0.04345022
0.00870347
0.09606402
0.06516259
-0.21919024
-0.16035715
-0.07459088
-0.07819378
-0.14323130
-0.06070822
-0.08334650
0.09847716
-0.05459686
-0.11421195
-0.03725860
-0.06130915
0.02346511
-0.02070161
-0.13296366
0.05194279
-0.03257607
-0.05370668
-0.07624143
0.07105826
-0.00974995
-0.13898711
0.19430056
-0.03058408
0.02426148
0.03175939
-0.11694276
0.10930039
0.02247668
0.01285795
0.12089128
0.01424008
-0.15415597
-0.00143746
0.10445368
0.10853872
0.02369027
-0.15157715
0.09813888
-0.00513629
0.01717568
0.11468241
0.03604942
-0.33316270
-0.14891549
-0.07411228
-0.11557933
