-0.04762418
0.17364541
-0.00646013
0.05104390
0.05215560
0.03377276
0.01741578
0.11302771
-0.10576632
0.14856763
0.06235447
-0.10443323
0.10086008
0.10743836
0.15511428
-0.03818652
0.14894085
0.02393666
-0.13296046
-0.07051674
0.08444590
0.16289391
-0.10749178
-0.01010056
-0.05966853
0.17077773
-0.08141080
0.12097004
-0.05674376
0.07056288
-0.12031118
0.13630323
-0.20013827
0.02930113
0.03824912
-0.07456239
-0.08780477
0.05536054
-0.09414195
-0.00256544
-0.25618163
-0.18906765
-0.00406591
0.10156852
-0.14986081
0.06165832
0.04491029
-0.05346358
-0.00217360
0.19908531
-0.12724568
0.04361803
0.01885641
0.02926207
-0.00053425
0.02556478
-0.02283469
-0.15385429
-0.05305908
0.02129961
0.02351126
0.05484343
0.20177929
-0.15028118
0.06181670
0.01234037
-0.00345124
-0.06297295
-0.01158591
0.06181228
0.03872248
-0.14587839
0.08233112
0.02266887
0.17209454
-0.10106190
-0.06559899
-0.15918979
0.00032819
0.09041091
-0.04351535
-0.04716143
-0.02677045
-0.01458629
0.09298855
0.00144407
-0.04385039
0.05766149
-0.12396201
0.05438630
-0.01876078
0.19436585
-0.05894607
0.03848423
0.01070831
-0.09819096
0.07954341
-0.20226228
-0.17680823
-0.11897938
