-0.08104963
0.05523199
-0.05708018
0.20180747
0.05560984
-0.01408016
0.06328932
-0.00057000
0.11304508
-0.01894876
-0.11449680
0.02516250
0.15938196
-0.12217512
-0.02474346
0.10259299
-0.19604491
0.06385804
0.07687729
0.02179669
-0.07864093
-0.00072845
0.00951435
0.09548918
0.06774520
-0.03575877
0.16538955
-0.00519006
-0.08297640
-0.04476269
0.08766411
0.01993155
0.09075286
0.00706755
0.25390455
-0.17006222
-0.04246626
-0.00859934
0.00911263
0.14867268
0.02240621
-0.01172897
0.00700431
0.07672765
-0.07039053
0.04602808
-0.15978907
-0.00804507
-0.09615699
-0.06665718
0.02884625
-0.11487061
-0.10097429
-0.15476923
-0.22753100
-0.01547037
0.11871624
-0.01857570
-0.02388666
-0.10687159
0.16165691
-0.02546512
0.13211939
0.03695819
-0.02685767
0.11048699
0.10030656
-0.01137843
0.13231662
0.18187029
-0.00669928
-0.02610503
0.04131357
0.03591438
0.08244691
-0.02609580
0.07301309
0.10706182
0.01812771
0.01565170
-0.12806657
-0.11974301
-0.14921326
-0.12704185
-0.01583565
-0.16488276
0.22932333
0.07548063
-0.21110667
-0.11787966
-0.01094429
-0.17488502
-0.04695525
0.11139115
-0.01673218
-0.00686525
-0.10226263
-0.05673305
-0.13799395
0.03718599
