0.08861047
0.01513346
-0.04771251
0.06054591
0.06041458
-0.22492605
-0.02151207
0.21205819
0.03706519
-0.07764436
-0.03118932
0.10042009
-0.03380164
0.05638513
-0.01169453
-0.00143009
-0.02841751
-0.03328332
-0.00937594
0.07161562
0.09468472
-0.06925867
-0.00959341
-0.03970626
-0.08137506
0.14637494
0.01555218
-0.00840845
0.19144222
0.02671919
-0.00136576
-0.01923726
-0.02381167
-0.10081076
0.02393841
0.17442904
-0.23144077
0.10071289
0.07859033
0.12435222
0.03709697
0.02068530
0.08518420
-0.07430740
-0.28671123
0.01308752
-0.04586975
0.11188215
-0.16545684
-0.11349911
-0.00286149
0.02901735
0.07825643
0.04355304
0.08555659
0.00513658
-0.00226915
0.07682262
-0.02819997
-0.17359058
0.18416423
0.08928614
0.02542610
-0.03460211
0.02390357
0.09512982
0.10670837
0.10179192
-0.09024462
0.05831998
-0.04811355
-0.06267360
-0.17336749
0.05948338
0.11994304
-0.20652539
-0.10988884
0.18167666
-0.04431665
0.11958819
-0.05737182
0.11191096
-0.05478077
0.05300091
-0.10252155
-0.10553396
0.08220993
-0.01569308
0.01585152
0.05236930
0.18330301
-0.08019576
-0.13451773
-0.06597237
0.12528818
-0.10349519
0.00982380
0.09011313
0.21551750
0.03262756
