-0.15655021
0.09642366
0.07343391
-0.09209581
-0.11518506
-0.02947731
-0.01454842
0.00738232
0.17318128
0.16499693
-0.08411466
0.08893606
0.10429901
0.10069706
0.07275201
0.05246002
-0.03940781
-0.07494100
0.03239666
0.07336689
0.07618605
-0.17212981
-0.05178425
0.05369170
-0.00054558
-0.04188169
-0.02682847
-0.10286793
0.12359647
-0.02882294
-0.12617414
0.01785629
-0.11214943
0.02447597
-0.02316112
0.10124134
-0.15838322
-0.01353285
0.02795747
-0.09044324
-0.00067782
0.06307444
-0.13263170
0.05914007
0.15678973
0.00415000
-0.20828083
-0.04322628
0.19311306
-0.08615925
0.11858792
-0.04106844
-0.09266089
0.00633244
-0.03819352
0.09167301
-0.03765552
-0.16438484
-0.04828261
-0.13761983
0.18019440
0.07878154
0.06424188
0.12213692
0.00599186
-0.04314054
-0.24264913
0.15702075
-0.04742779
0.05069091
-0.00548160
0.05237952
-0.02557367
-0.07838396
0.07900097
0.16481922
-0.14523763
0.19572858
0.21784621
0.08602185
0.11275251
-0.10351028
0.08508607
0.04545236
0.15101464
0.12781105
-0.00227212
0.06763731
0.08364396
-0.09991704
0.09117459
-0.01692767
0.00789507
0.10757592
0.05711852
0.14751376
-0.07154525
-0.06115176
-0.04040566
-0.02206165
