-0.17676184
-0.05378559
-0.10600365
-0.05184885
-0.07285225
0.05231546
-0.11385101
-0.08974798
0.01105962
0.11854526
-0.20281269
0.19682250
-0.09605977
0.07083661
0.11478133
0.14469462
-0.05657882
0.00265910
-0.01775658
-0.06623561
0.02971441
0.03922155
-0.03852948
0.01447499
0.29238519
-0.00082743
0.07767934
-0.05058370
-0.05772918
-0.03781557
0.06174052
-0.08765701
-0.20263985
0.00581975
-0.04772674
0.03062186
0.00925257
0.07973708
0.09850713
-0.14497294
-0.16672925
0.05494654
0.03350723
-0.10270739
0.13532336
0.00361021
0.01351354
0.02995824
0.08247622
0.16672035
-0.02864989
-0.18926903
0.11083332
-0.10145801
0.13600994
-0.06446699
0.16310972
-0.08814245
-0.12167478
0.10465173
-0.14906449
0.07442935
0.04788077
-0.01566786
-0.03735029
0.22504393
-0.04095947
-0.02080078
-0.10266058
-0.08896094
-0.06382505
0.18695516
-0.04269665
-0.07546614
-0.04901780
0.07812481
-0.14388950
0.06858261
-0.14559154
-0.01430967
-0.19979093
0.05860894
0.07577228
-0.07519103
0.03473036
0.01780858
0.12676191
0.01404063
0.11367603
-0.01277019
-0.07089830
-0.00415366
-0.02179833
0.09642017
-0.00613996
-0.09199860
-0.01693385
0.12998573
-0.04537462
-0.07202689
