0.08934381
-0.03353830
0.02590249
0.04911366
-0.23661958
-0.05902930
-0.03801857
-0.11005750
-0.21462160
0.08076185
-0.05900985
0.11269230
-0.09212597
0.09163425
0.06762990
0.05382874
-0.09979391
-0.01714340
-0.04518025
-0.09228425
-0.04278507
-0.15586089
-0.01513202
-0.01898379
-0.07992830
0.06127377
-0.10081308
-0.02386052
0.05046555
0.02049951
-0.23048567
-0.07426094
-0.03904308
-0.05319658
-0.13007519
-0.00414523
-0.01611615
0.12302106
0.01078883
0.06782552
-0.01253646
-0.17550155
-0.14164221
-0.07224055
-0.04169913
0.05541083
-0.08022525
-0.06045287
0.02459779
-0.05403588
-0.11810123
-0.05326592
-0.06540222
0.06644909
0.02133729
0.05248624
-0.04420043
0.20350238
0.01048910
-0.08843278
-0.12725250
0.00948430
-0.03909468
-0.12997192
-0.04516839
-0.15651820
0.06560811
0.18686962
0.07116704
-0.03107050
0.13071740
0.02797987
-0.21333585
-0.01390458
0.00756628
0.05405208
-0.01579360
0.11284072
-0.12771292
0.23643067
0.13000201
-0.02372497
0.02769014
-0.08389956
-0.08948357
0.00732164
0.09476254
0.08901112
0.20492402
-0.03132583
-0.02144069
-0.26287782
-0.02966407
0.01404697
0.00362765
-0.06226524
-0.12377230
-0.03951536
0.21156212
-0.08931930
