-0.00414338
-0.06121207
0.13069242
-0.14470606
-0.17327626
0.02041751
0.11863668
-0.07984059
-0.12586727
-0.01485097
-0.16274428
0.00172489
0.08238294
0.02165403
-0.18987400
-0.05338682
-0.03003705
0.18036036
0.09098181
-0.00567667
0.13021578
-0.10389876
-0.03463506
0.14047891
0.14941166
0.07263574
0.04880521
-0.05829012
0.07408011
-0.08235984
0.05713597
0.02802907
0.11330377
-0.04235247
0.06326398
0.07888139
-0.08934341
0.01553852
0.15884656
0.01118211
-0.03069268
0.04541470
-0.02735872
0.04407054
-0.01340236
-0.00182274
0.04582541
0.13548198
0.04493883
0.16393141
-0.20172017
-0.04467849
0.02346947
-0.08305777
-0.12689347
0.06136401
0.06093303
0.02877889
0.03931410
-0.08657729
-0.04949500
-0.01060849
-0.06840446
0.03300548
0.23522110
-0.04795774
0.06438859
-0.10287332
0.13321842
-0.09638080
0.02075672
-0.06151898
0.05091985
0.00112917
-0.00437466
0.29328663
-0.06265796
-0.00466215
0.26682632
-0.11403815
0.05499561
-0.10705356
0.10249689
0.03257277
0.06485367
-0.02773268
0.02438425
0.14644115
-0.22625837
-0.16243042
0.04131830
-0.06511662
-0.02947178
-0.14886827
-0.08998559
-0.04019577
-0.07218047
-0.08617175
-0.04195257
-0.09374797
