0.14578678
0.14237482
0.11911335
0.00999499
-0.04072753
0.10047640
0.00210100
0.02696702
0.10193109
-0.16982600
0.11078172
-0.04882149
-0.16450949
-0.02574008
-0.08810069
-0.08365688
-0.09164814
0.05884644
-0.07123526
-0.05468366
0.01381457
-0.13113335
0.08492576
-0.25297761
-0.03715449
-0.05756063
0.06793221
0.03889903
0.05688782
-0.04824798
0.17739161
-0.04541206
0.00033091
-0.06644229
0.12191779
-0.09132261
-0.13680543
-0.02985049
0.19668423
-0.02552993
-0.07186509
0.00102574
0.02156589
-0.02807069
0.04613881
-0.14738509
-0.13697390
-0.33995746
0.00772409
0.13795468
0.02276550
0.01173296
0.08081959
-0.03264933
-0.05809338
0.02587126
0.06938435
0.10136140
-0.10651754
-0.02291965
-0.17991287
-0.01848975
-0.07284800
0.04085208
0.04327877
0.09320599
0.12782002
0.14142513
-0.19090222
0.00346611
-0.12244059
0.07026575
-0.05801779
-0.06125358
-0.05478549
-0.08752763
-0.03518844
0.10401117
0.07259386
0.01003636
-0.02481760
-0.29746916
-0.05997941
0.03364877
0.03935959
0.02883807
-0.10221717
-0.00918276
-0.06933135
0.11494052
0.13315661
0.08474023
-0.01293381
0.06124012
-0.08446943
0.13399821
0.07386926
-0.03688862
0.06041044
-0.00678577
