-0.02216778
0.09230723
-0.01853759
0.12269589
0.01348141
-0.02317747
-0.15747026
0.21371777
0.06699103
-0.03860653
0.01894306
-0.02953915
-0.05834907
-0.07647115
-0.14504218
0.12786133
0.08069795
-0.01817294
-0.03571154
0.09356032
-0.17205024
-0.26587750
-0.07998811
-0.08961434
0.13078686
-0.07945212
-0.15957679
-0.14225396
-0.04595568
0.06496978
-0.23963522
-0.04876136
-0.07154230
0.10851031
0.19275243
0.05042535
0.06876836
-0.05946931
-0.09566750
-0.00812506
0.07016690
0.20610046
0.02499150
-0.09116751
-0.09071881
-0.10456727
0.05989440
0.03554202
0.01376274
0.04481182
-0.00870836
-0.05010747
0.04080393
0.05465304
-0.09576659
-0.21663912
-0.06107879
-0.10776143
-0.08384626
0.09091754
-0.07062816
-0.01031943
0.26738649
0.00214519
-0.09262236
0.02037763
-0.13425833
-0.07089326
-0.05084012
0.00110052
0.11238439
0.01460461
-0.01816048
0.02123948
-0.11179995
0.03824011
-0.05851066
0.04571474
-0.03312848
-0.08455508
-0.16042252
0.01492802
0.04320885
-0.05401277
-0.12709887
-0.10865188
0.09595177
-0.06885299
0.02636377
-0.00148616
0.09278472
-0.05135997
0.00183589
0.16142568
0.06873081
0.20394406
0.02183374
0.06434366
0.10319395
0.09104897
