0.07594901
0.04609282
-0.13170102
0.05539117
0.04842391
-0.12215604
-0.00740351
0.16524918
-0.05090473
-0.13899407
0.01637497
-0.05777776
-0.03699906
0.04230677
-0.00565583
-0.03934419
-0.10641860
-0.08460571
-0.10557113
-0.06242036
0.18159098
0.01522996
-0.05666376
-0.01318872
0.02530464
0.02847598
0.03287450
0.11248491
-0.03547008
0.03662886
-0.06380774
-0.19174340
-0.05899299
0.14625879
-0.03657507
0.10540290
0.06207533
-0.06160407
0.19735509
0.09009107
0.09309729
-0.09382514
-0.06674324
0.06667806
0.12374980
-0.00272100
0.17657938
-0.01318196
0.07406451
0.00034726
0.11283674
-0.03373695
-0.00323726
-0.15557678
0.03117634
0.00925589
0.05447095
0.03488395
-0.06903928
0.06849292
0.26922749
-0.06616449
0.09616157
-0.05959433
-0.09370057
-0.11581363
0.05934693
0.00342900
0.09011862
-0.01959916
-0.12123400
-0.02045886
-0.00760884
0.06316667
-0.12485142
-0.19011135
0.04732771
-0.08009768
-0.05062134
0.05676981
0.00189091
0.01701130
0.12215625
0.10994401
0.00037055
-0.05483985
-0.12313456
0.03256988
0.23858482
0.10800203
0.02320346
-0.11324305
-0.12644280
-0.05466995
-0.38599135
0.04305198
0.12826157
0.01140629
-0.03373740
0.13954591
