-0.11786000
-0.01132383
-0.03453313
-0.04087378
-0.03988713
-0.02828202
0.00096815
0.14190511
-0.04151023
-0.00058426
-0.18034706
0.02037564
0.00884263
-0.07084967
0.04053812
-0.03139144
-0.02972660
-0.12365932
0.09606781
-0.10099377
0.01180455
0.01302289
0.07867212
0.08093242
-0.14840659
0.14131756
0.06279188
-0.10398026
-0.10837515
-0.04484061
-0.05867627
0.10572649
0.11154574
0.02313787
0.11239090
0.01202623
0.14526958
0.13344438
-0.13893390
0.09157736
0.04029394
-0.02406492
0.09208077
-0.04928638
-0.06196255
0.06203042
-0.01160133
0.01046704
0.12563076
-0.05426448
0.02646817
0.08406438
-0.12760172
0.01126695
-0.01857506
0.05007341
0.02869643
0.00318950
-0.08994538
0.10111335
0.16347677
0.05391344
0.09256040
0.00528195
-0.04319145
0.01977791
-0.17002802
0.18169574
0.10189578
-0.20069715
-0.14375670
0.06300653
-0.01762886
-0.00333359
-0.17544064
0.01374257
0.01977043
0.06954714
-0.16126650
0.11172521
-0.11625036
0.00662953
0.16571534
0.14558685
0.04251057
0.11628506
-0.12620934
0.09023885
0.10004747
-0.11269767
0.01522221
0.31300213
0.10531984
0.13632020
0.06647469
-0.12678718
-0.20793843
-0.00878125
-0.11123133
-0.15818277
