-0.05108491
-0.06672322
0.11603371
-0.07550468
0.23166946
0.09378487
-0.06691304
-0.03933106
0.05495529
0.07507064
0.12303700
0.03579977
-0.10685436
0.00980853
-0.16176744
0.06067760
0.06024001
0.01544589
-0.09748171
0.13406587
0.10403130
-0.07496138
-0.14050648
0.10574941
0.06407816
0.00378296
0.02688920
0.07341346
-0.04540460
0.16363214
0.03650346
-0.08071339
-0.05196213
0.15843263
-0.06843204
-0.11167273
0.12159651
0.03361880
0.23203876
-0.02821146
0.06718925
-0.00203964
0.04551789
-0.16740495
0.02628901
0.08035790
-0.00060363
-0.03787652
0.00272782
-0.22000560
0.13077279
0.03602874
0.05797922
0.06894213
0.03020216
0.14935769
-0.11782718
-0.00786486
0.11416133
-0.00153212
0.06770216
-0.17057753
0.03672426
0.11408698
-0.23589195
-0.02481411
-0.13196304
-0.10848302
0.06242754
0.11480716
-0.02205697
-0.05467569
0.18978241
-0.00906926
0.04007952
-0.03663769
0.05342348
-0.12869824
0.00227079
-0.09326798
-0.02017851
0.07260814
0.20632407
-0.04760144
0.05615346
-0.04812943
0.00941897
0.29301542
0.01909455
-0.06286028
0.10553751
0.09738574
-0.16023783
-0.06740308
-0.04717747
-0.02671193
0.01104729
-0.05900793
0.04564282
0.04957218
