-0.02453089
-0.10906016
-0.18525028
-0.04193433
-0.01177859
0.05205318
-0.00956581
-0.17281610
0.06072226
-0.07399753
-0.12316503
0.13088593
0.04643100
0.00512712
0.01642821
0.16761367
-0.05127940
-0.05767348
-0.16174872
0.10801591
0.05290275
0.04566078
-0.10027465
-0.03717157
0.02071948
0.05388161
-0.03739113
-0.18885652
-0.09458081
0.02278513
-0.01870745
0.15414655
-0.17800588
-0.14356656
0.02838601
-0.13015075
0.10922038
0.06323856
-0.02025704
-0.12957046
0.01219064
0.06961012
0.03472053
-0.03687536
-0.01815195
0.12513003
0.10026846
0.05507898
-0.13229472
-0.25794154
-0.08855334
-0.09259550
-0.04553960
-0.06137475
0.06120700
-0.06719635
0.16499072
-0.01185463
0.00568587
-0.19718202
-0.08555469
-0.24574900
-0.04116594
0.06839790
0.13673151
-0.16110010
-0.20638689
0.03795187
0.01379258
-0.09700376
0.06076191
-0.01259859
0.03957292
-0.04128398
-0.08489805
0.09528160
0.10902263
0.14200982
-0.04465065
-0.04924629
0.03388358
-0.05882895
0.03952330
-0.07262369
-0.02016332
-0.13981383
-0.19039830
0.01709142
-0.03029976
-0.07869508
-0.01015096
-0.03584593
0.12818475
-0.04099342
0.12238317
-0.07501455
-0.08646431
-0.18466043
0.03996930
0.03633195
