0.18384557
0.01177439
0.10085994
-0.02185905
-0.01565369
0.06647219
0.05353564
-0.10791333
-0.14764318
-0.10575679
-0.13638039
0.00573839
-0.03961550
-0.03545020
-0.13110057
0.07509515
0.04232815
-0.00863327
0.09836952
-0.08418979
0.03994777
0.03356508
0.03364342
-0.07024785
0.03148428
-0.04959816
-0.08635399
-0.11590993
0.09997201
-0.08148918
-0.01665666
-0.11642855
-0.02862200
-0.31133980
-0.10470597
-0.13740753
-0.09772129
-0.02054387
-0.03134051
0.18730239
-0.05507849
-0.02408542
-0.15117099
-0.04598592
-0.12888630
0.00291868
0.08217721
0.03894144
-0.06749022
-0.15706898
0.14064198
0.19747909
0.01160773
-0.09535648
0.11538043
-0.05709013
-0.04525639
0.08538407
-0.13343719
-0.18849265
0.04052415
0.03860279
0.00916497
0.04784524
0.10425143
0.09348251
-0.05476988
0.07802401
0.01668879
-0.04869854
-0.11495026
0.06232223
-0.03406420
0.00447300
-0.07638404
-0.14935991
0.01652879
-0.00598582
0.11550146
0.07722756
0.10146405
-0.07213874
-0.09019563
-0.12225018
0.04797010
0.26867011
0.07008647
-0.07446869
0.08059231
-0.10869122
-0.13721814
0.06911068
-0.07493506
0.03043868
0.13549048
0.03864004
0.08955348
-0.15468573
0.06372529
0.20600033
