-0.06780830
0.11495550
0.03965948
-0.25953354
0.12156654
0.09400109
-0.12761393
-0.07480295
0.03787499
-0.14153717
-0.11283504
-0.10869678
0.05323861
0.00591862
-0.06726136
-0.12335463
-0.03630943
-0.09909582
0.14556571
-0.20609242
-0.06587865
-0.14229719
0.13653107
0.07361821
-0.08857173
-0.04435222
0.04805132
0.02566698
-0.28652295
-0.20903598
-0.05356685
0.12348482
0.04602909
-0.10869222
0.06181377
-0.07251788
-0.12370118
0.00953653
-0.04537605
-0.01824966
-0.10260382
0.00113972
-0.07628252
-0.11353557
0.10027402
-0.00116735
-0.13284146
0.14096080
-0.08236751
0.00979899
-0.11765398
0.20527529
0.20528235
-0.00199232
-0.07540077
0.10334601
0.03701561
-0.00827982
0.16897931
0.12712505
0.01826186
0.06369971
-0.00170669
0.04077799
0.08460100
0.12114892
-0.09142792
0.01228486
0.07084647
-0.13695157
-0.01144039
-0.06842214
-0.03063944
0.02781228
-0.07565468
0.08549857
0.01644158
0.16234556
-0.00783102
-0.02874823
0.02370964
0.05902587
0.11823441
-0.11366031
0.05765762
-0.14037498
0.07329608
-0.12135794
-0.00120917
0.16162187
0.01665435
-0.07061639
-0.05982833
0.00716324
0.05521117
-0.07799068
0.04558941
-0.07422972
0.00311246
0.02818961
