0.06418772
0.17199148
0.10479937
-0.07910484
0.00997560
0.03961848
0.05626734
-0.12623659
-0.07716976
-0.03746010
-0.01126646
0.18359561
0.04047052
-0.10364641
0.01138105
0.00236480
-0.01482337
0.14787604
0.20463732
0.01451443
0.02987164
-0.12617934
0.10661212
-0.08791957
0.02598786
0.02876508
-0.01578642
0.05029690
0.00723644
0.22528387
0.15656029
0.22558580
0.10196476
0.01170509
0.02039958
0.02102306
0.09524401
-0.03215109
0.03330250
-0.08296593
0.10582884
-0.05113498
-0.13768765
-0.02894563
-0.05471244
-0.08936338
-0.06041684
0.06594133
-0.00748411
-0.16348269
0.15018163
0.02275052
0.07929851
-0.11773719
-0.01630690
0.11931160
-0.11661312
0.04436893
0.16875361
-0.07367814
-0.21429254
-0.20946250
-0.00904746
0.14521195
-0.03457423
-0.02244401
-0.17668730
0.03438182
0.01466158
0.07068380
-0.07337316
0.15283053
-0.01575376
-0.17416089
-0.02155465
0.14464960
0.05025478
-0.18880461
0.18432295
0.05899781
0.00862938
-0.00273272
-0.02087481
-0.02545827
-0.10496942
0.12043875
-0.00986108
0.10404090
0.06470725
0.01218765
0.04557121
-0.09312131
0.05438332
0.17254687
0.12773673
0.03508314
0.05079214
-0.00185401
-0.10210778
-0.07318943
