0.16499815
0.03537684
-0.04033574
0.02980330
0.02928711
0.11649670
0.08670335
0.09956091
0.01640135
0.03650410
0.10626303
0.00889036
-0.15616335
0.01710276
-0.09424881
-0.00751837
-0.04826251
-0.06924682
0.11340267
-0.03840031
-0.00002417
0.00725571
-0.14310241
0.11689629
-0.01474338
0.08017783
0.02717156
0.11301244
-0.07422281
-0.17204927
-0.05145535
-0.06396912
-0.12156664
0.11417654
0.09390237
0.08243932
-0.18183650
-0.17361023
0.15589203
0.00812393
0.05240677
-0.03431160
-0.17161896
-0.00559926
-0.02661595
0.26841891
-0.11557521
-0.03836895
-0.09673307
0.19851286
0.07074482
-0.12184363
0.03218927
-0.12898690
-0.03194764
0.30406307
0.03385077
-0.10778979
0.02359511
-0.06736284
-0.10228695
-0.09303386
0.01164344
0.07756284
-0.00724403
-0.12941597
-0.07620536
0.17742123
-0.06565159
-0.04552853
0.12568778
-0.13295005
0.07058510
-0.04373494
-0.07252701
0.09652040
0.01408266
0.03304322
0.03367594
0.02168202
-0.08559888
-0.11595679
0.05241772
-0.05442011
0.16771306
-0.02965875
0.03812951
0.18791431
-0.00463859
0.03567707
-0.01923598
0.15325287
0.02559334
0.11654220
-0.03589043
-0.16141008
-0.00304841
0.12036819
0.07559098
-0.02244369
