0.08874815
-0.02986808
0.01970843
-0.05187473
0.13952714
-0.10834757
0.15509442
0.12410082
0.17580351
0.03416468
0.17234079
-0.00715062
-0.01888501
-0.05062807
0.05418938
-0.04943501
-0.00697795
-0.03016893
-0.02540679
-0.25348724
-0.02806860
-0.20356709
0.03840423
0.08817030
-0.08311015
0.08243078
0.05099247
0.00147652
0.20925470
0.09196173
-0.00370921
0.08357053
0.07744213
0.20072236
-0.16562389
0.08687978
0.02428432
-0.10774631
-0.19763643
-0.10617186
-0.01141367
0.04868173
0.08030408
-0.03781819
-0.02755485
0.08046065
0.09906069
0.14326563
-0.22619706
-0.14389253
0.03409855
0.12527829
-0.10674683
-0.03456673
-0.05432933
-0.00802071
-0.05395968
0.09027309
-0.18473904
0.24087522
-0.16251446
0.12021628
0.13793153
-0.01985001
0.02144300
-0.05348991
0.09355890
0.03819319
0.02752349
0.10245718
-0.01011819
0.14318256
-0.00277995
0.08265486
0.00914026
0.06137603
0.02158689
0.07016962
-0.05000443
0.14280302
-0.04023993
0.04382085
-0.13535450
0.16453042
0.10083144
-0.03573480
-0.10562617
-0.04501367
0.04552435
0.05113030
0.08045534
-0.06571680
0.00496197
-0.01997696
-0.07339781
0.09971657
0.04292037
-0.04047588
-0.04753280
-0.00335240
