-0.08014339
0.00434501
0.09475374
0.02708706
0.02633642
-0.01733431
-0.01286965
-0.00905931
-0.24601366
0.03456652
0.08703676
-0.11405412
-0.13377185
0.05458315
-0.13250216
-0.14760934
0.06934626
-0.05750748
0.10941948
-0.11358226
-0.05399788
0.02124355
0.04828448
0.04110224
0.01682792
-0.02019847
-0.05090967
0.04223140
-0.03400026
0.03705747
0.09560280
-0.19770273
0.15860294
-0.05555430
0.11570875
0.13637560
-0.12910818
0.01555182
0.30466337
-0.01886440
0.04274131
0.02908281
0.11144096
0.09584963
-0.08318731
-0.03854143
0.03016703
-0.00513331
0.22280901
0.03855429
0.03845517
-0.07362668
-0.11492161
0.06980036
-0.01733830
0.05705662
-0.07308158
0.07874897
-0.15939454
0.13770204
0.07440231
0.00968195
-0.10205383
-0.03494099
0.02235094
0.10615742
-0.09084208
0.11383560
0.24330135
-0.04353803
0.04120167
-0.05777244
-0.15091020
0.12924977
0.06101049
-0.04488719
0.00996607
-0.02019866
-0.12847752
-0.25333999
-0.00417212
-0.04064797
-0.05068370
-0.07435552
-0.15972406
-0.04585698
0.01418924
-0.09332678
0.03959569
-0.02397731
-0.00891723
-0.12560981
-0.06718699
0.03604862
-0.06943033
0.01420693
0.17384585
0.06989913
0.09117829
0.20745879
