-0.00835310
0.09393905
0.01920689
0.03040320
0.01180880
0.04599866
0.01062919
0.29142641
-0.12197923
-0.19387396
-0.11926251
-0.11431318
-0.04533549
-0.01761416
-0.02284851
0.05659856
0.04069925
0.07854382
0.18592336
0.12787580
-0.13416926
-0.24350097
0.09430034
-0.19192294
0.00697969
0.00370951
0.23285882
-0.00723661
-0.05304254
0.02465479
0.02569982
0.00732349
-0.06362939
-0.12782675
0.03309131
-0.14040204
-0.10791876
0.13918364
-0.04379791
-0.01467117
0.09407982
-0.03137774
0.10762407
-0.03607795
0.10589225
0.06579930
-0.02227153
-0.09051192
-0.10906091
-0.02823671
-0.04580933
-0.04272844
0.10283336
-0.03112536
0.11957594
-0.05558289
0.10168541
-0.05460326
0.01846187
0.10149430
-0.04328236
-0.04582283
0.20946204
0.09942996
-0.04516763
0.06784920
-0.03764733
0.07380294
0.14803236
-0.16775816
0.10757047
0.15243603
0.00496331
0.18257772
0.01624635
-0.12934553
-0.22933810
-0.03485897
0.07460364
0.03318618
0.04324453
-0.06033647
0.01505593
-0.17132868
-0.07947027
-0.08560791
0.05433961
-0.00148049
-0.12081495
-0.00099587
-0.07212229
-0.06970591
0.09035008
0.01185843
0.04165034
0.09242238
0.01884662
0.05759392
0.07140649
0.12239155
