0.09975346
0.02681395
-0.21817252
-0.07626209
-0.11870602
-0.00484350
-0.07288588
-0.24444121
-0.03713513
-0.15880320
-0.03164616
0.01433232
0.17246809
-0.13671447
-0.01592712
0.13880477
-0.02004577
0.14430322
-0.00034366
-0.10282670
-0.05556224
0.11326199
-0.04526982
0.14927247
-0.06246182
-0.03624801
0.01580481
0.08716782
0.11711488
-0.04728765
0.14588805
-0.05221392
0.11412444
-0.05101282
-0.01486004
-0.22509214
0.01680864
-0.03343038
0.06066595
0.12812399
0.03030700
-0.04214555
0.15243398
-0.16399820
-0.05739501
0.11637720
-0.07711603
0.08603248
-0.08998616
-0.02334006
-0.06472713
-0.07404520
-0.04775691
0.07590203
-0.17657002
0.02279901
-0.14547787
-0.03108078
-0.00938426
0.12374894
-0.11310385
-0.02662999
0.11338722
-0.12188342
-0.18526910
0.05543367
-0.04720889
0.17085554
-0.10420525
0.00321642
0.03752057
-0.00023363
-0.01612880
-0.11106349
-0.05646039
0.07143986
0.11163401
0.01488708
0.03708270
0.05682730
0.20519357
-0.05929717
-0.00895656
-0.12405350
-0.09258546
0.01419920
0.04967249
0.05554345
0.04528179
-0.09775772
0.06232502
-0.05035435
-0.03171973
-0.23255479
-0.10771054
-0.18842417
-0.03580715
-0.09507474
-0.04616875
0.02691823
