0.00641410
-0.09320726
0.16758453
0.00829635
-0.02674678
-0.12813390
0.03285657
-0.10571674
-0.11279182
-0.06832355
-0.06425691
-0.06009296
0.16040161
0.06260578
0.13100313
-0.25877515
-0.02671873
-0.01447359
-0.03118541
0.15923836
-0.04997599
-0.07826681
0.03071415
-0.12026467
0.15718138
0.09754592
0.22512658
0.05353821
0.01976005
0.11963980
0.01306516
-0.00187966
-0.09117919
-0.07478144
-0.00357804
0.06393643
0.09450737
-0.06326408
-0.04565058
-0.08539845
-0.12059715
0.02824376
-0.02882847
0.12904609
-0.04164979
0.08442210
-0.04942350
0.04362252
0.11885251
-0.01793142
0.02102989
-0.25434646
-0.04553636
0.01930990
0.01065672
0.16055719
0.03289725
-0.00015883
0.05043084
-0.12486213
-0.04519050
0.04796610
-0.02249939
-0.23122210
0.06984437
-0.13217892
-0.12196848
0.04111312
-0.02346990
-0.07528229
-0.15258062
-0.06011044
-0.21127376
0.03426539
-0.00727604
-0.12611936
-0.01906678
0.28369701
0.02156274
0.03848803
0.15553318
0.03730027
0.00093770
0.00700300
0.03083174
0.10343717
0.02905812
0.11322461
-0.01056865
0.07990536
-0.05021146
0.08239594
-0.11350776
-0.04389165
-0.04888630
0.17422313
-0.09782385
-0.11980260
0.02574817
-0.11665978
