-0.05518741
-0.13549958
-0.00595669
-0.02221344
0.02035116
0.10512727
0.06104707
0.13833419
-0.07726236
-0.09159268
-0.01005589
0.14653711
0.13811146
-0.01332849
-0.06323256
-0.16109664
0.07117462
0.00242011
-0.12477443
-0.03544507
-0.19381172
0.04555292
-0.01843279
0.17281314
-0.14401724
0.10281507
0.01521714
0.00875099
0.07592309
0.12643718
-0.11346785
0.13972395
-0.12818723
-0.11379128
-0.07125073
0.07802050
-0.11335119
0.03545958
0.04363467
0.01632743
0.05875099
-0.12425078
0.10674331
0.01202629
0.07734128
-0.10419283
0.00551220
0.09297251
0.10743768
-0.00893584
-0.19636236
-0.11619673
0.02316132
0.08414207
0.04906318
-0.06490177
0.23777078
0.00766448
0.09169223
-0.04403871
-0.11811608
0.07259536
0.10993067
0.19304433
-0.05604082
-0.17246612
0.17133635
0.02798254
-0.11940940
-0.05923886
-0.08568872
0.12299631
0.06272739
0.02571659
0.02547608
-0.08702941
0.10520988
0.03669691
-0.02766438
-0.01956841
-0.01077776
-0.09397298
0.07854118
0.14748992
0.26208397
0.05338499
-0.08713325
0.02129194
-0.10668672
-0.06495914
-0.06981031
-0.08827197
0.04006416
-0.11815893
0.07068727
0.08425723
0.10991145
-0.00216447
0.06557163
0.19101580
