-0.06034202
0.15848333
0.22295983
-0.06623344
-0.17298043
0.04480971
-0.06364629
-0.00698486
-0.00902526
0.02913948
-0.11824642
0.02143186
-0.03772430
-0.13464339
-0.01282561
-0.09453113
0.25884491
0.00453733
-0.00890930
-0.02079690
-0.01064175
0.10999563
-0.12531442
-0.06939295
0.09155321
0.04248407
-0.01744809
0.12232122
-0.00902832
0.08577723
-0.00028482
0.16177734
0.07491151
0.05889221
-0.07734855
-0.03979972
0.03477554
0.02612734
-0.12892640
0.02501681
0.03196026
-0.15963976
-0.10404439
0.13206821
-0.04918279
-0.10225937
-0.03256657
0.11282022
0.03875378
-0.20338092
-0.04981579
-0.14380336
-0.05523315
-0.17171419
0.06043826
0.09291517
0.07639743
0.09035087
0.11246272
-0.07362726
-0.04600081
-0.12525986
-0.17769094
-0.08453452
-0.11867082
0.00482944
-0.03388231
0.03941255
-0.08438585
0.03070960
0.01765733
-0.14819708
-0.17704122
-0.21090545
-0.05919846
0.00756612
0.04621872
-0.08989346
-0.03839320
-0.20523036
0.16108255
-0.07114399
0.03388320
-0.14488403
-0.04451423
0.08673071
-0.10952170
0.04507509
-0.10674793
0.05849512
0.04460823
-0.01116695
0.16214206
-0.14521661
0.04844678
0.16093273
0.02808583
0.06399078
-0.01678641
0.07967342
