-0.04802837
0.06261016
-0.11943734
0.12917106
0.21170661
-0.03602877
-0.00103152
0.06009272
0.14271948
0.06191729
0.04709422
-0.05726690
-0.02745822
0.07275452
0.19960537
0.06741800
-0.14304890
0.05136593
-0.01092658
-0.02894771
-0.02599829
-0.10435042
-0.03805107
-0.09304065
-0.04328874
0.01390963
0.02067869
-0.02557932
-0.01810147
0.00399581
0.05435752
0.15201616
0.07354979
-0.03400281
0.07093152
-0.02912299
-0.21121585
-0.27840949
-0.20325205
-0.02812601
-0.07349473
-0.08541928
0.00482241
-0.07816275
-0.07478631
0.07230853
0.09279390
0.28900685
0.03586899
0.00691740
-0.06809887
-0.02315443
-0.00599359
-0.20825505
-0.03052557
0.08890426
-0.06769919
0.05862175
0.11759621
0.12776117
0.09214235
-0.26804298
-0.06694155
0.10692722
0.04681304
0.00057579
0.05182356
0.13403958
0.01823897
-0.08998188
-0.02136941
-0.02464623
0.10636427
0.04890442
0.06494211
0.01753493
-0.04296904
0.00725206
0.02570376
-0.16583335
0.02121608
0.11002213
-0.01306837
0.18650442
0.06648061
-0.04985769
-0.01825969
-0.03264171
0.02859965
0.08951446
-0.03462386
0.05437688
0.20819736
0.11048547
0.09788583
-0.09664547
-0.06336274
0.02876941
-0.01193800
-0.19274938
