0.07297662
0.12851540
-0.05207143
-0.15087662
0.07760428
0.02368114
0.05301202
-0.00153950
-0.09971505
0.05686392
0.10992104
0.03436215
-0.02513764
-0.00479507
-0.02686159
-0.16269326
0.03122439
0.12511155
0.00689694
-0.06650958
0.07805985
0.14242813
0.05357768
0.05814239
0.02610677
-0.06769271
0.01558135
0.13295305
-0.00659746
0.08319767
-0.00713286
0.06953090
-0.07298934
-0.14021424
-0.28688340
0.08622979
0.04085428
0.08576819
0.06728225
-0.20939712
0.01217796
0.22792383
0.10963269
-0.01776822
-0.05515355
-0.04303054
0.03040808
0.02183527
-0.10537919
-0.05353094
-0.03333911
0.12916720
0.11989582
0.03564078
-0.14853647
0.02828964
0.09228848
-0.02273764
-0.15396495
-0.09018715
0.09218430
-0.00808841
0.04514265
0.03668612
0.08859188
0.11275658
0.05200888
0.06516022
0.04325453
-0.13484457
0.10925702
0.12342250
0.03876726
-0.02823344
-0.06689079
-0.18431005
0.00350076
0.07152516
0.11312157
-0.01478813
-0.05684571
0.20266320
0.20162811
0.28177049
-0.11040654
-0.15123571
0.01915375
0.04582752
0.08069176
-0.05793602
-0.02341868
-0.03631812
-0.23218243
-0.09684596
0.00793065
-0.04896075
0.09916342
0.06991474
0.03522305
0.07307403
