-0.02878857
0.00183210
-0.16669721
-0.11258087
-0.03771694
-0.01721422
-0.10780059
-0.11928480
0.06192522
0.01362223
0.13911355
0.05513798
-0.11776844
-0.22415054
0.01406759
-0.02294894
0.05602917
0.09234194
-0.02022526
0.01503249
-0.07288137
0.12137102
0.00524215
-0.05380943
-0.04621819
0.18370673
0.05132091
0.04247861
0.03404109
0.04590263
0.04771358
0.00064421
0.17292823
-0.02419039
-0.08521562
-0.04170177
0.11951937
0.07895988
0.11840759
-0.02163665
0.01524967
-0.18330633
0.09553708
-0.01085982
0.00566178
0.10239704
-0.02761983
0.04352947
-0.07252678
-0.05373367
0.05472614
-0.02139612
-0.15818338
-0.05434247
0.29395831
0.04979213
0.02173217
-0.04132425
-0.18382576
0.01369999
-0.31107887
-0.09329259
-0.14701632
-0.02154985
0.10847146
0.05212828
-0.04482519
-0.16433505
-0.05386792
-0.11978330
0.04339211
-0.05916738
0.14313881
-0.01185902
-0.15345598
0.00800551
0.07247827
-0.05010651
0.06241236
0.03428112
0.03884212
-0.03299248
-0.01289639
-0.01356552
-0.01298068
-0.14707809
-0.00184548
-0.12027417
0.01292691
-0.11785022
0.13768513
0.08294611
-0.05447665
0.20859533
0.11511340
0.08622182
-0.20941756
-0.12788374
-0.07095399
-0.03310809
