-0.26336798
0.03990596
0.05177621
-0.04346410
0.07299814
0.03641714
-0.15942428
-0.14124949
0.13536252
0.05267729
-0.03657661
-0.12025419
0.02974597
0.02823541
-0.21295377
0.10842595
0.00702595
0.03845084
-0.15187823
0.18939684
0.09611584
-0.09497283
-0.02346583
-0.07084293
0.04786210
0.09280901
0.04237589
0.05440278
0.06160862
-0.12423865
0.08196254
-0.10023315
0.07075368
-0.12582708
0.12646631
0.04831140
0.09111803
-0.07761571
0.09022702
-0.08652810
-0.04289914
-0.03112343
0.05878205
0.14714282
-0.02692109
-0.02375211
0.03545350
-0.07735279
0.16729352
0.12124932
0.10835191
-0.05332498
-0.18215194
-0.09941444
0.04893731
-0.07333101
0.03574506
-0.07757696
0.02319842
-0.02145158
0.04527596
-0.19162672
0.15146128
-0.02281605
0.04419980
0.21376558
0.00125770
0.13180250
-0.03770016
0.11798112
0.05349510
0.00099797
-0.03268826
0.06367914
-0.10773006
-0.10519663
0.11273546
0.07566756
0.06525555
-0.04475774
0.00122868
-0.16819260
-0.15003897
0.04765828
-0.12338408
0.01571928
-0.17915708
-0.05133181
-0.10793055
0.06396589
0.00108069
0.03131396
-0.13176963
-0.13663081
-0.14461999
0.12312277
0.06932943
0.02159774
-0.09070528
-0.12368477
