0.08483160
0.02148315
0.03589625
-0.10157208
-0.00133636
0.09618565
-0.17958727
-0.04728297
-0.15939204
0.16081716
0.05488523
0.15598113
-0.04468594
0.06703280
0.07249308
0.12368276
0.02970858
0.06352093
-0.19659647
0.14754816
-0.05946929
-0.08189908
-0.20008324
0.01182567
0.00937638
0.04216248
0.07699403
-0.03625085
0.12907441
-0.05444848
-0.14538314
-0.04955339
-0.08335492
0.01915123
0.05154761
-0.13557025
0.03538224
-0.06155219
0.10892484
-0.08787493
-0.01041541
-0.06099645
-0.03106245
0.06311198
-0.08851486
-0.16623737
-0.11802844
-0.16196610
0.05706901
0.02449975
0.08853870
-0.09398288
0.04155526
-0.06950251
0.07313963
0.06828993
0.02337640
0.23094959
-0.12783019
-0.02572048
0.00077154
0.02252196
0.08950733
0.17225932
-0.08008916
0.01970044
-0.24213761
-0.19831065
0.01609811
-0.00263677
-0.07539827
-0.18892843
-0.04570512
0.13182698
0.04314282
-0.10045906
-0.00492482
0.12991751
0.08251462
-0.27462665
0.02831767
0.09526307
-0.01935426
-0.13763267
0.01869066
0.05288712
-0.05671006
-0.03806070
-0.00129816
0.05315163
0.04282177
0.07661619
-0.03563750
-0.10425321
0.09707332
0.07995623
-0.10846710
0.05863483
0.07665767
-0.07853730
