0.10931704
-0.17719922
-0.04971641
0.06219478
-0.04677995
0.04738591
0.05763340
-0.06443153
0.07956655
0.02710288
0.00439832
0.09449076
-0.01836923
-0.10320841
0.06185966
0.07500533
-0.08044574
0.14802911
-0.11384791
-0.08774640
0.05455057
-0.22038641
-0.13508166
-0.03918793
0.11978059
0.14113194
-0.08457957
-0.06853265
0.03865474
0.09807997
0.26134761
0.03429498
0.08216404
-0.04335230
-0.10056589
0.01345962
0.02689014
-0.08184735
0.11933837
0.14441948
0.04096604
0.14029277
-0.05409912
-0.13659708
-0.13111028
0.04136643
-0.03518629
0.04535371
0.10991008
0.05504662
0.06152133
-0.17260101
-0.05341570
-0.02277442
0.15715725
0.01920869
-0.16003271
0.16718789
0.05037209
0.00160249
-0.04914364
0.12315443
-0.08587297
0.22290999
-0.01849421
-0.09880042
-0.13761996
-0.03183519
0.00493119
-0.03878799
-0.07241013
0.05772827
-0.07862142
0.02809809
-0.02701196
0.06453745
-0.15854606
0.09764281
-0.10480249
-0.08657311
0.10298585
0.17546456
-0.04282607
0.02153171
-0.12181674
-0.16379834
0.11944027
0.07619319
-0.00351706
-0.05264148
-0.12634439
-0.05665764
0.15204192
-0.02439163
0.05792977
0.00960346
-0.13584615
-0.17404499
0.10687609
0.02264916
