0.03253639
-0.05652189
0.08628782
-0.08523835
-0.08444925
-0.11714139
-0.01509805
-0.05829085
-0.06475864
0.10899661
0.15101897
-0.04099534
0.22333127
0.09895828
0.20198504
-0.11754116
-0.05888017
0.10929307
0.07796743
0.15740420
0.03986816
0.04241476
-0.03727084
-0.06408078
0.07529084
0.02186960
-0.00422735
0.05854500
-0.08780415
-0.11763697
0.07725813
0.03327399
-0.20535330
-0.08706133
-0.23364482
0.07995753
0.05446855
0.01786069
0.05656692
-0.07793338
-0.05550180
0.00574754
0.12507705
0.06412249
-0.00639396
0.13097812
-0.00540339
-0.06914449
0.10595218
0.03680688
-0.12839987
-0.12761834
-0.08542910
0.10554367
0.07032513
0.00648621
-0.02087042
0.02251332
0.15767645
0.08792801
-0.06263056
-0.02149834
0.06247703
-0.04419247
0.13139042
0.04106765
0.16750680
-0.02786375
-0.04711555
0.23338544
-0.18388552
-0.08760582
0.09757171
0.15164219
-0.13683913
0.09544807
0.09398070
0.15526302
0.09024161
0.04170180
-0.09428809
0.15220984
0.08623629
-0.10818817
0.07516395
-0.08629169
-0.15449995
-0.05097630
0.00586571
0.13816920
-0.02571258
0.01425080
0.04071878
-0.13638114
-0.03448528
-0.03885483
-0.08429707
-0.13929488
-0.12927242
-0.03943680
