1.80631881
2.08310733
9.68560369
2.36130197
6.69078554
3.31078046
3.41410349
3.47347811
3.36808621
3.95174750
4.66987484
3.07553133
1.91722725
1.73265563
2.94238277
1.59359659
11.78287077
3.32803084
0.85667263
2.11906716
2.85609018
4.22073461
-5.06193005
2.28725630
2.46431562
2.52777051
1.64881955
2.69647624
2.94867846
3.50376090
2.86358418
2.76361707
0.15888518
2.87334957
4.18853162
4.05636520
4.15301496
2.60106416
3.76446750
3.18209884
2.60562146
5.57477238
3.32794541
3.02482129
1.56390408
2.88418486
2.94856743
2.73622999
3.14041200
1.01015238
1.66089539
1.81264015
2.37655257
3.78644662
2.96824161
2.28724702
1.96181458
-0.07584445
2.97291870
0.93324117
0.91940742
2.39363537
2.22202863
2.85250482
2.86973568
3.27348276
4.09329924
4.17280523
2.21461698
3.17437202
3.22754872
1.27551987
1.24349047
3.36743770
4.06386976
6.67648241
3.13647660
4.50137287
3.68984512
1.63707714
2.25137689
0.93778238
3.47747217
3.22467050
2.68149269
2.77990442
3.27170534
4.10057420
2.65381827
3.48202003
6.50790055
3.85196950
2.74844847
1.30631714
0.79178814
2.67805939
1.82637887
3.13596923
2.33515805
3.88906876
