0.04521481
0.02374426
-0.04603325
-0.24882910
-0.12966738
-0.16177974
-0.05012007
-0.25783788
0.03653697
0.10164420
-0.15607236
-0.01258094
-0.05335733
-0.04964909
0.08380996
-0.02358072
-0.05991790
-0.11523724
0.01098106
0.03066093
0.01112321
0.03696171
0.07663384
0.10757654
-0.06166607
0.00919255
0.04781781
0.00556575
0.03590457
-0.10700681
0.06531588
-0.05066583
-0.01877276
0.20387069
-0.00861072
0.03186568
-0.25882462
0.09289107
0.16786239
-0.12095127
-0.02339483
-0.07764998
-0.20996211
-0.14214850
-0.00461322
0.00220184
0.07232000
-0.03583182
-0.03486029
0.16269270
-0.07633469
-0.08459121
0.05291274
0.05847250
-0.00353598
0.00189431
-0.07130737
0.12811029
0.02172079
0.07876468
0.11737840
0.07429170
-0.21692016
0.11286180
-0.05636543
0.01025260
0.01782370
-0.17915277
0.15894890
0.03237172
0.07315809
-0.01460196
0.05460940
-0.00347951
-0.02837569
0.11133340
-0.00686366
-0.11437624
0.05945955
-0.08078996
-0.06433124
-0.05760690
0.11676431
0.01478510
-0.11616637
-0.03406018
0.06214107
-0.01868995
-0.05088916
-0.22422093
-0.12509694
-0.00139672
-0.18927784
-0.05007064
-0.05374363
-0.07175731
-0.09852823
0.08825083
-0.17712413
0.07594051
