0.06563536
-0.04625159
0.03599480
-0.01670730
-0.03970678
0.04166129
0.02652252
-0.17982818
-0.03089208
-0.09827448
0.01019503
-0.06536963
-0.00129006
0.11421585
0.15504991
0.07275702
-0.14560771
0.13367924
0.09795180
0.02309122
0.22144491
-0.04199821
0.16342586
-0.10081524
-0.03619256
-0.10683365
0.05126085
0.03315950
-0.05933369
-0.12819181
-0.24578467
-0.08688624
-0.13070267
0.06023256
0.09816647
-0.18242082
-0.15920779
-0.04363787
0.08631369
0.11418126
0.13397758
-0.03611589
-0.05991643
-0.09418748
0.05019627
0.06968227
-0.13941444
-0.01273988
-0.04840845
0.05486380
0.10422190
0.10928983
0.04441620
-0.03815017
-0.04352011
-0.10699591
0.10608593
-0.08185108
-0.17742594
-0.07535063
0.13220841
0.02303596
-0.03341606
0.01861397
0.03539143
0.03990217
-0.01642584
0.20813806
0.09641762
-0.22567928
-0.08668507
-0.00296036
0.04529883
-0.02594421
-0.00417881
-0.02960365
-0.11993657
0.19404658
-0.01786911
0.21180395
-0.08110953
-0.02343261
-0.11925100
-0.07795568
0.08218636
0.06885917
-0.07976593
0.01375428
-0.04012522
0.07540839
-0.07009462
0.14174969
-0.14125544
0.02649042
-0.13785454
-0.06611566
-0.09800074
0.14111569
-0.01480759
0.02968615
