-0.00558351
0.05494489
-0.04972578
0.00821858
-0.20228052
0.11830708
-0.11701447
-0.03313329
0.02004976
0.10562599
-0.09454573
0.00316588
-0.06937422
-0.12830495
-0.00428865
-0.02013113
-0.00480584
-0.12162863
-0.06072386
0.03932164
0.08197506
-0.03191932
0.23489557
-0.11996603
-0.15823800
0.19295389
-0.10946500
-0.02231871
-0.11702482
-0.13850397
-0.09129386
-0.01922525
-0.05284737
0.10235773
-0.04939663
0.14979633
-0.09706710
-0.18407362
0.03480652
0.15583605
-0.02747357
0.14581232
-0.02873484
-0.07467774
-0.14617134
0.12637884
-0.15294579
-0.03850571
-0.09198167
-0.09126351
-0.03348381
0.01691717
0.02785955
-0.09967165
0.04022411
0.06078527
-0.01655261
-0.02682215
-0.14272538
0.03662973
0.19429799
0.08842236
-0.01357336
0.06804336
0.02184708
0.06761774
0.01454933
0.00112847
0.18764983
0.01453807
0.07535318
0.09183134
0.15662258
-0.01837082
0.07417977
0.00774218
-0.05700394
-0.01206838
0.07133004
-0.08818633
0.18687593
0.22234840
-0.08604919
-0.04094521
0.05448564
0.04755231
0.16347180
-0.00842739
0.18816919
-0.09855649
0.00948352
0.03818190
-0.11412392
0.00698610
-0.03129889
0.10123461
0.06440807
0.21880081
0.11757062
0.01214441
