-0.05565017
-0.05702055
-0.10718649
0.10946657
0.00937275
0.04522386
0.10325988
-0.11535374
-0.11323193
-0.01758890
0.06891266
-0.08670495
-0.07499189
0.05330247
0.03136158
0.05559141
0.06910378
0.10422704
-0.17329906
0.01443674
0.03674877
-0.16977230
0.00930089
0.10651370
-0.15175303
0.00421700
-0.05748133
0.07054286
-0.11198835
-0.11280963
0.12919044
0.04811867
0.13670352
0.08652112
0.06140836
0.01198551
-0.13189106
-0.00067942
0.02057762
0.05055442
-0.09104273
0.00911229
0.17144446
-0.05502334
0.01058767
0.01772151
-0.09155474
0.03613467
0.02111318
-0.23719557
0.22110199
0.13722995
0.12082492
0.08557041
-0.03415342
-0.11965606
-0.04687921
0.05014740
0.19065533
-0.09998862
0.18635725
-0.10500273
0.08019139
-0.00725108
-0.19477932
0.24942601
-0.12039560
-0.07058886
-0.04499612
-0.03746091
0.02124107
0.03285647
0.20875506
0.14187058
0.09611441
-0.06559818
0.10719403
-0.01984433
-0.02880942
0.05447028
-0.11927731
-0.23998977
-0.04126535
-0.08415369
0.08515099
-0.02619823
0.14364908
-0.05236476
0.06249494
0.04893153
0.03912871
-0.09671927
0.00600218
-0.01263046
-0.05759181
-0.03045174
-0.04822346
-0.03096182
-0.08596856
-0.12173895
