-0.02026942
-0.04951594
0.15518599
-0.15458384
-0.14387879
-0.03331435
0.09722373
0.12021756
-0.21362585
0.05907248
-0.08678786
-0.03166965
-0.20700578
-0.04196937
-0.09415007
-0.08211917
0.15229619
0.12165207
0.05589512
-0.12866813
-0.13104068
0.03066126
-0.20722332
-0.01036271
-0.08124582
0.03867530
-0.12777713
-0.01969882
-0.18972258
0.00701378
-0.02501443
-0.18432898
-0.02125423
0.01033452
-0.09503621
0.08498865
-0.07306336
-0.19919184
-0.04035904
-0.10358362
-0.07620613
-0.16150583
0.08554814
-0.14591797
-0.01469549
-0.03140436
0.05566643
-0.10461505
0.04168569
0.09488687
-0.02592691
-0.04621096
0.04661822
-0.01217663
0.19844589
0.01324249
-0.21847229
0.07257869
0.07033786
-0.11483901
-0.06974125
0.08484682
-0.10473678
-0.06127493
0.02298194
-0.12371236
0.02426082
-0.00624053
0.18361792
0.04554699
-0.06603693
0.09253674
-0.05284866
0.11086576
-0.16351736
0.10967375
0.04328004
0.06372608
-0.04456706
0.07775079
-0.00829982
0.03319084
-0.07019460
0.07910105
-0.00800962
0.08253048
0.07649562
-0.10148279
-0.13559532
-0.10783788
-0.09889316
-0.11514837
-0.08887977
-0.00782730
-0.07809522
0.10126404
0.03399521
0.11971462
0.04652368
0.06779721
