-0.16582864
-0.06811656
-0.10175287
-0.04879269
0.03435479
0.08215556
0.01541694
0.00829269
0.03710950
0.26282590
0.03295861
0.01394474
0.15630015
0.00887059
-0.06666569
0.09231326
-0.03545258
0.02002017
0.08680126
0.08003527
-0.15882607
-0.23398459
-0.06951033
0.16363735
0.02328629
-0.01503261
-0.01544231
0.10284048
0.03273769
0.04713335
-0.20708487
-0.01723987
0.00190078
-0.08519421
-0.00227337
-0.05966548
0.08617237
-0.05654462
0.12924140
-0.00422433
0.08871117
0.22633758
0.00661991
0.14805386
-0.10623818
0.18062031
-0.11970685
-0.00647768
-0.03237637
-0.11383474
-0.12957446
0.06403062
-0.13761434
-0.13280786
0.11182593
0.00016802
0.03761144
-0.08928581
-0.01949442
0.03040559
0.01658824
0.17712688
-0.06182154
-0.01485511
0.08243913
0.09391780
-0.19551822
-0.03881945
-0.06703494
-0.00158704
0.05103315
0.04406477
0.11301726
0.04434723
0.03124747
0.09367019
0.04246332
-0.13121541
0.01087891
-0.16391656
0.11002306
-0.20880454
-0.05446678
0.00933746
-0.00378605
0.18652257
0.00549393
-0.06081189
0.05814980
-0.11953645
0.05402038
0.02485713
-0.03890552
-0.06161940
-0.11792849
-0.18608069
-0.04200222
0.07699350
-0.07072143
0.15697422
