0.00538379
-0.00702599
-0.01493489
0.12632475
0.01427995
0.10738738
-0.00927390
-0.11137704
-0.14449274
0.14612981
-0.05066402
0.05894418
-0.00079322
-0.06379446
0.05609082
-0.10260548
0.11209147
0.15571065
0.22172080
0.08232507
0.11394178
0.09601001
-0.12279781
-0.01404719
0.05105158
-0.13921370
-0.02721946
-0.17251849
-0.03194799
0.02777383
0.04093928
0.08324414
0.11945202
-0.02625167
0.11707650
0.12605780
-0.01911158
0.01349237
0.11076745
-0.00804663
-0.08851887
-0.06192071
-0.07837286
-0.13204259
0.15016708
-0.25395405
-0.01122479
0.01578836
0.02512639
-0.02600190
-0.18598623
-0.06628573
-0.12518726
0.08374418
-0.04790131
0.05793506
-0.00772858
-0.06809184
-0.08957117
-0.16888994
-0.09733914
-0.07444636
-0.01342519
0.05045660
0.02802554
0.10438615
0.00587181
0.12464357
-0.02216668
-0.03533756
0.09929162
0.03925999
0.01685400
-0.05493320
-0.01864030
-0.10706223
-0.02347165
0.02373701
0.19425573
-0.05382858
-0.05139594
0.02750350
0.01783215
0.00118026
0.01310550
-0.24963240
0.16004850
0.07527714
-0.05106636
-0.07973242
-0.08405969
-0.20453448
-0.03022691
0.14535032
-0.19044278
-0.21256359
-0.00293473
-0.16420912
-0.03498157
-0.09150388
