0.06052900
-0.03271007
0.01887106
0.08005045
-0.06608116
0.07500522
-0.01840262
-0.02936156
0.03270619
-0.01722646
-0.05734268
0.16839350
0.00479898
0.00215608
-0.04001847
-0.14551778
0.12396074
-0.09534481
0.01124780
0.00559837
0.11368671
-0.02506531
-0.08105358
-0.05600984
0.01358752
-0.01888365
-0.14574852
0.10240497
-0.04743807
0.24980470
-0.00148014
-0.02520130
0.00848785
0.02191556
0.05423446
0.26017075
-0.19243771
-0.10025694
-0.06774870
0.03050492
-0.03720539
0.05570322
-0.13771259
0.11438341
0.02623825
0.03266846
-0.12181938
-0.05897166
0.01626326
-0.07581499
0.08078712
-0.06292886
-0.07810962
0.04627628
-0.08870805
0.09604734
-0.14993459
-0.07256449
0.20149181
-0.08411780
-0.04620613
0.02751454
0.03527228
0.29005313
0.13863396
-0.05021451
0.06579928
0.14077661
-0.00487857
-0.24047717
-0.03041187
-0.12866450
0.05791356
-0.01073740
0.10389657
-0.10049830
0.11424210
-0.11510517
0.14985110
0.01779475
0.11816995
-0.14135895
0.08551982
-0.05885778
-0.15239350
0.12498949
0.04068665
-0.01564848
0.02260075
-0.04795141
-0.13485793
-0.20916629
-0.16999097
-0.04650071
0.06656941
-0.01039694
0.01330243
-0.04501915
0.03096779
0.08063735
