0.00850822
-0.10095719
0.04379944
0.07205814
0.09129784
-0.07356762
0.04783217
0.01071151
0.08792765
0.05706906
0.09557207
-0.01404359
-0.01566826
0.10726833
-0.22604385
-0.05370864
-0.13524325
-0.04072268
0.06904602
0.08789116
-0.10803154
-0.05014112
0.01458505
-0.03106621
0.03212585
0.04256902
-0.09898597
-0.01882198
-0.22694212
0.12191336
-0.06696100
-0.12813890
-0.02703011
-0.15206649
-0.00222010
-0.05967770
0.23180478
0.12117931
-0.26577091
0.04697525
-0.14881909
-0.02714831
0.01749932
0.07958950
-0.02906337
0.16778284
-0.05119139
0.03486069
0.07075491
0.00906755
0.09376943
0.03440311
-0.08346524
-0.19216561
0.19783035
-0.06434674
0.01100170
0.05994401
0.01209137
-0.09629989
-0.04978397
-0.01329340
0.15742171
-0.09162602
0.08352084
0.03285013
-0.02489228
-0.11250516
-0.03024423
-0.00922739
-0.15640377
0.02045606
-0.08752566
-0.01003106
0.03578686
-0.09629221
-0.03068227
0.03726100
-0.19541054
0.11027023
0.25806188
0.10211948
-0.03361106
0.04562299
-0.11027118
0.19988174
0.10012945
0.08380581
-0.09322887
0.03405568
-0.05942536
-0.03314884
-0.06067238
-0.10918003
-0.09672772
-0.02234167
-0.18082866
0.06467357
-0.01253856
0.07441927
