0.05925595
0.08114339
-0.10487831
-0.04831222
0.12333761
0.05427831
0.18175202
-0.03156133
-0.01582070
-0.01829986
-0.01424925
0.10327132
0.09282640
0.36652208
0.12058549
-0.18983198
-0.05950986
0.02422893
-0.06343649
-0.02932763
-0.00810511
-0.03991556
-0.16233054
0.00213837
-0.08812285
0.02695023
-0.22492004
0.01288117
-0.01560829
0.03261732
-0.04775237
-0.09789215
-0.01464378
0.02035853
-0.08004498
-0.09811498
-0.03957845
-0.15262905
-0.16390511
-0.16898619
0.02871684
0.01548819
0.00529811
0.28932830
0.04037787
0.05697263
-0.01705489
-0.14541813
0.11732209
0.10439112
0.04050112
-0.18254712
0.06154013
0.03015240
0.19112544
0.00568083
-0.06197875
-0.08407809
-0.02723112
-0.03923340
0.09656978
0.20276040
-0.10988424
-0.01703137
-0.01907595
-0.16012532
0.01571823
-0.04520544
-0.05476963
0.10590025
0.05909163
-0.06516249
0.07773968
-0.03311715
-0.05548407
-0.00140584
-0.09096359
-0.03630370
-0.04630516
-0.02535207
-0.01082954
0.17685359
0.06913673
-0.04399483
0.08432303
0.07379153
0.08545645
0.00444139
-0.12034780
0.05560532
0.03266051
-0.08935024
0.16776236
-0.03104671
0.07479959
-0.09105154
0.12609424
-0.02417234
-0.04756816
0.07623356
