0.03490618
-0.04993616
-0.16508895
-0.07422180
-0.06950824
0.05852218
0.06636921
-0.02596235
0.02904239
-0.11108404
-0.01223599
-0.03808879
0.08633817
0.10771423
-0.06844082
-0.24064550
0.00757321
0.14573794
0.13894959
0.07819696
0.12372022
-0.11610361
-0.15670469
0.05725216
-0.01921556
-0.14784456
0.08800519
0.17208686
0.03251256
0.03492653
0.01547922
-0.08821145
0.00254885
0.10664560
-0.14247794
0.11890608
0.15661292
-0.01075938
-0.01432561
0.17092025
0.05907970
0.05542391
-0.01867089
-0.10175733
-0.05627128
0.05206826
-0.11440967
-0.00383355
-0.09176898
-0.16718799
0.20322678
0.10841161
-0.02571491
0.14303591
0.01035765
0.05887274
0.05352758
0.03766859
0.00163847
-0.00136825
-0.09018464
0.14691976
-0.03716204
-0.00520938
-0.13382794
0.00390390
0.18704596
-0.13870911
0.08991533
-0.18261769
0.06683429
0.19176187
0.01546968
-0.14401674
0.21430709
-0.13091679
-0.08390510
0.05462302
0.04676167
-0.00956796
0.03155491
0.05453728
-0.02105497
0.03312650
-0.04619325
-0.06485415
-0.06370494
0.00984316
-0.12592527
-0.08709161
-0.01502428
0.04458831
-0.02550299
-0.00030583
-0.07852231
-0.18968638
-0.07527507
-0.07386345
0.17833090
0.12771018
