0.18482879
0.14104076
0.11488464
-0.01221015
0.14308140
0.12887226
0.02730717
0.00276195
-0.05734379
-0.05342931
-0.14248178
0.18702876
0.08322640
0.03406354
-0.18336262
0.13287818
-0.01596067
0.03643302
0.11841828
0.08041495
0.16024863
-0.16483763
-0.26093431
-0.08164112
0.02726043
-0.11350656
-0.04568504
-0.03069333
0.07578269
-0.05366466
-0.02896950
0.01661547
0.04775206
-0.09296748
-0.06083869
-0.10397332
-0.15637648
0.05300527
-0.00912699
0.05967416
0.02026105
0.18770556
-0.06753080
-0.02542269
0.15710698
0.11327465
-0.25324056
0.09927633
0.16911013
0.01829247
-0.02831200
0.03561113
-0.12170614
0.05468358
-0.14140307
-0.02131749
0.07778524
0.04992125
-0.25088870
-0.01578648
-0.06619001
-0.04625269
-0.02177774
-0.07557299
-0.03743617
-0.06272946
-0.04501042
0.08537389
-0.00445348
-0.06579583
-0.03302758
0.06838176
0.07135221
0.07224705
0.06492144
-0.04508843
0.11327662
-0.25044804
-0.04001217
0.01926221
0.10946830
-0.01863315
-0.01048816
0.05091042
0.17119946
-0.06968892
-0.00790135
0.04063720
0.05590112
0.02389783
0.07417153
-0.13222105
-0.01838344
-0.05356598
0.10187418
0.01987231
-0.13711841
0.05644078
0.01136253
0.05453224
