0.04669021
0.15313077
-0.06248944
-0.09517094
0.00884995
0.01843595
0.05116026
0.04938219
-0.13947409
-0.01990281
-0.02354699
-0.22924698
-0.12867716
0.07553475
-0.10769300
0.02375129
-0.17211668
0.02883447
0.08625597
0.11172492
-0.04259077
-0.09590982
0.07673741
-0.00438378
0.00562586
0.12024666
0.17869717
-0.08562955
-0.04787999
0.00830621
0.06567654
0.13133076
0.05554844
-0.04193254
0.09807983
0.05689955
-0.01585407
0.05809606
0.01973777
0.17842671
-0.02454268
0.12397205
0.11608043
-0.05215906
0.06656587
0.08791092
0.16020517
-0.12686909
-0.07888430
0.01574220
-0.23152918
-0.14936483
-0.17694011
0.06847278
-0.06166894
0.29374359
0.07940573
0.07971970
-0.01564551
-0.03059741
0.07972453
0.11545711
0.14278736
0.13456594
0.10690759
-0.00242508
-0.00255690
-0.08602267
-0.01315455
0.03841126
-0.13613042
-0.03995984
-0.03988261
0.00917317
-0.03198942
-0.03161460
-0.12806415
-0.11338163
-0.12666358
0.03017310
0.04230695
-0.18327112
-0.10993200
-0.03613446
0.05315161
0.02046039
0.08420152
-0.13235809
-0.06419631
-0.13219679
0.00876749
-0.07971759
0.07458627
-0.16530407
0.00789461
-0.21157703
-0.08895865
-0.00769852
0.03895769
0.03249851
