0.08065537
0.05640092
0.13900416
-0.10498836
-0.02077894
-0.03411987
0.16292215
0.25665327
-0.03970466
0.04874458
-0.15470143
-0.01339801
-0.10293555
0.05104037
0.22341541
-0.00369151
0.04284306
0.10952659
-0.10449059
-0.17769239
-0.00395982
-0.09545114
0.14892601
0.15828323
-0.07478939
0.14214245
-0.14545267
0.04267820
0.00651123
-0.00300308
-0.06223364
-0.11409716
-0.03398351
0.05596268
0.03565458
0.11461430
-0.06993382
-0.10244916
0.01946992
-0.04907191
0.10457448
-0.16032483
-0.05713936
0.01022849
-0.06265111
-0.10902723
0.11857061
0.09858836
0.18740965
0.07065933
-0.06116494
-0.03046074
0.03970308
0.13015043
-0.02113576
-0.18551827
-0.11133901
0.07142033
0.00052425
0.10318744
0.04737963
-0.15655371
0.13849415
-0.13833309
-0.00911662
0.01451751
0.04653038
0.15950504
0.11575083
-0.10913300
-0.10614681
0.11299143
0.06949004
0.01991426
-0.00487802
0.06552267
-0.05165272
0.23765058
-0.00484718
-0.00351947
-0.04106695
0.02580975
0.01572522
-0.10014734
0.10287402
-0.07511484
-0.09783076
0.05226400
-0.05201559
-0.03241592
-0.16114049
-0.07050080
0.06902802
-0.02452493
-0.00543528
-0.11052382
-0.18631487
-0.09220265
-0.05935145
-0.04847233
