0.01827439
0.12629062
0.02171118
0.16463411
-0.08761652
-0.04462282
-0.02553028
0.04579420
0.03998380
0.09089577
0.05843491
0.03129907
0.06776278
0.12980182
0.07868666
-0.15811354
-0.08489499
-0.18665038
0.18257794
-0.03259395
-0.00809864
-0.17192858
-0.07488277
0.09172914
-0.10427926
0.16934285
-0.14390856
-0.12011757
0.04163168
-0.14734058
-0.23935972
0.04838059
-0.11612233
-0.04882677
-0.04701560
0.11996503
0.01481940
0.00547877
0.01771777
-0.19880027
-0.05933814
0.00628494
-0.03662846
-0.06799690
0.01110604
-0.24456301
-0.20313893
-0.02256564
-0.17206864
-0.05966792
-0.04849623
-0.03329896
0.02712284
0.00685470
0.07774226
-0.01558051
0.10521549
0.07920716
0.02095646
0.18763619
-0.00956654
0.04784073
0.01118212
0.12763828
-0.12570034
-0.08708282
-0.03025700
-0.01282246
-0.01803875
-0.04771159
-0.08265828
-0.14790050
-0.15707589
0.07555012
-0.20266940
0.02972694
0.00659134
0.04477263
-0.10389031
0.02324606
0.00069831
0.07972503
-0.05857659
0.18017083
0.10363125
0.01809750
0.00274644
-0.09166883
0.05887343
0.05285201
0.08248340
-0.00173463
0.08788617
-0.05890381
-0.15125047
-0.09867396
0.14323195
0.06255517
-0.12089192
-0.02388553
