0.02707709
-0.20493000
-0.09817727
0.10083593
-0.18699650
0.15175032
-0.05192274
0.05660606
-0.12616256
0.08095755
-0.00015129
0.13450525
-0.05864147
-0.07887104
-0.08109368
0.21179869
-0.03536344
-0.17257584
0.10173926
0.00267629
-0.03816934
0.05543163
0.09518725
-0.06834104
0.01189440
-0.03331952
-0.06200454
0.05100274
0.07737074
-0.14695506
0.11906754
0.01596392
-0.02531617
-0.17037370
-0.02758745
-0.00746068
0.01113304
-0.04681725
0.09932899
0.16818004
0.13338641
-0.02472773
0.03599543
0.04362319
-0.06669151
-0.00123207
-0.06325069
0.00737443
0.17268570
-0.02006051
-0.07837834
0.14773817
0.09364157
-0.05635234
-0.07904724
0.15132660
0.00336466
0.01986963
0.03746249
-0.06747007
0.11678894
0.25238739
-0.26683342
0.02123294
0.10139540
-0.08535800
0.00962476
0.01829710
-0.06432667
0.07578347
0.13029962
0.02394224
0.03964842
-0.05861538
0.11996443
-0.00968204
0.04726297
0.12599993
-0.03188071
-0.02082730
0.00971275
-0.02395187
-0.13609986
0.05174061
-0.15461275
-0.03265433
-0.15105803
0.13958778
0.00915862
0.05137046
-0.02819078
0.17019769
-0.04332938
0.12352674
0.12367927
-0.05637308
0.04605120
0.01357859
0.22684477
-0.10663574
