-0.04127345
0.15823451
0.02899689
0.05197656
0.12949103
-0.06361596
-0.01803084
0.08442439
-0.07735273
0.02319258
-0.11296313
0.04945279
0.21707421
-0.01578180
-0.03905861
0.16128524
-0.09107678
-0.03656569
-0.00318382
0.05893697
-0.10574202
-0.09396751
0.02956005
-0.01836493
-0.16273403
-0.16735510
-0.16818293
0.00192345
0.04399754
0.06476988
-0.10311507
-0.19524506
0.05750348
-0.00817602
-0.00172314
-0.03943033
-0.03025170
0.18465336
-0.01493824
0.04959566
-0.21082497
-0.14441535
-0.07590052
0.01425304
0.03511568
0.24369091
-0.17063058
-0.16779663
-0.02730164
-0.08441791
-0.10084277
0.09252247
-0.04142887
0.04549171
0.01975378
-0.15541765
0.07436229
-0.02488635
-0.06429280
-0.01487385
0.03819234
0.10728739
0.00991253
-0.16745995
0.08101003
-0.05306097
0.17916257
0.05923203
0.06351523
-0.03311243
-0.08187646
-0.07087060
-0.12589642
-0.07997603
0.11476075
-0.05808876
-0.00578419
0.15121636
-0.04842289
-0.01955978
0.06712630
0.01936204
0.04491692
-0.03673727
-0.01717573
0.15728636
0.19627933
-0.00333613
-0.07515865
-0.00881905
-0.05606575
-0.06976872
-0.19170493
-0.15050827
-0.00285224
-0.06283023
0.12838878
-0.17974524
-0.09017239
0.04881606
