-0.05622875
-0.15176802
0.04363343
-0.07136794
0.04003437
-0.08445212
-0.12745136
-0.14270514
0.02858327
0.19874362
0.02038116
0.04987592
0.01462295
0.02339687
0.24052886
-0.07944178
-0.01615636
-0.06850486
0.07260664
0.02594843
-0.03327705
0.07545976
-0.10226310
0.01214307
0.02038154
0.16003409
0.05476933
0.00336172
-0.13643291
-0.14956654
0.06005719
-0.07119685
-0.02452502
-0.08840502
0.01846598
0.02317153
0.17740855
0.18484709
0.10795013
0.11022300
-0.11893589
0.12972461
-0.09574201
-0.16263709
0.32195446
0.03240308
-0.06740946
0.00080593
0.00701709
-0.21048689
-0.07275936
0.05382285
0.00361385
-0.16908832
-0.04997647
-0.01525927
0.00827013
-0.17070326
0.02596337
0.15547869
-0.16195339
0.04461756
0.13662665
0.03867494
0.05989788
-0.04830336
-0.01883060
-0.11639822
-0.01235511
-0.05619191
-0.06691082
0.14716098
-0.01190276
0.06405373
0.03816240
-0.10319690
-0.19216666
-0.14578882
0.02805854
-0.03062777
0.07722862
-0.03863424
-0.13445587
0.00979529
0.11195798
0.02698861
-0.01890852
-0.04280179
0.12894660
0.09296959
-0.04368830
-0.13690551
-0.09289264
0.03389369
-0.11109782
-0.03934639
-0.01244959
-0.06708823
-0.06349881
-0.02301216
