0.11792918
0.07527844
0.04839597
0.07752488
-0.00566475
-0.00384920
0.10201990
0.10870191
-0.04707156
-0.17968420
-0.22947637
-0.16221834
-0.09998284
0.04470087
-0.07756520
-0.00853136
0.03693010
-0.13858733
-0.08500428
-0.07491991
-0.08015942
-0.04391424
0.07869878
-0.05073475
0.06941414
0.03402441
0.01918091
0.09747950
0.21396397
0.14669755
-0.15836481
0.05297828
-0.12465407
-0.20103066
-0.12104140
-0.21813808
-0.11309995
0.13539671
-0.04763710
0.26800691
0.03907219
0.10037528
-0.01459584
-0.02795103
-0.07831772
0.01607774
-0.14825742
-0.08498595
-0.10689642
0.01682973
0.15155326
0.21570035
-0.17552746
0.03466629
-0.06539422
-0.10812147
0.01033551
-0.04717495
0.00511064
0.07683186
-0.09352527
-0.01526734
-0.16999431
-0.03831592
0.09886110
-0.17452732
0.03907558
-0.13516708
0.02189409
-0.04501820
-0.02784608
-0.16034982
-0.09108467
-0.01929743
0.00716614
-0.01912668
-0.06410735
0.13282311
-0.01944161
-0.07757079
-0.07584624
-0.00755803
0.09287779
-0.04244641
0.08713533
0.02264693
-0.05631888
-0.08170232
0.01773009
-0.01033019
-0.09047702
-0.07941492
0.05389969
0.05215369
-0.03113246
0.08259265
-0.03498554
-0.01154746
0.12345210
-0.05397895
