0.02484005
-0.02618772
-0.08047554
0.01306474
-0.11723631
0.03368893
-0.15755784
-0.24283101
-0.02059617
-0.09717442
0.15152366
0.13584308
-0.06057683
-0.09567089
-0.02141507
-0.03128037
0.13709473
-0.03446824
0.11930060
0.12244094
0.24935861
-0.03755140
-0.04703385
0.16583428
-0.07307098
-0.17966705
0.00858287
0.04950683
-0.03592156
-0.03470543
-0.13487723
0.17049330
0.01992833
-0.05420056
0.03976443
0.08257397
-0.10374226
0.02229265
-0.04773660
0.16335922
0.01572772
-0.11130189
-0.01099114
0.04443929
0.20787937
0.00391570
0.05656436
0.11882708
0.05034944
-0.08607395
-0.01593938
-0.06510012
0.06994206
0.15243392
-0.00217140
0.10438205
-0.06895303
0.01576489
-0.01746396
0.16133483
0.02909146
0.07597496
-0.03376474
-0.06268323
0.03906087
-0.08099488
-0.13476043
-0.02989835
0.15825860
-0.03882515
0.02185378
-0.05875631
-0.20291239
0.00004227
0.16760913
-0.03280893
-0.11382139
-0.09803958
0.03604121
-0.04159711
0.09734184
-0.02729046
-0.20638904
-0.04349126
0.07045396
0.10158283
0.12716058
0.09903397
0.10622569
0.18743854
0.15185155
0.01737672
-0.04711789
-0.02768467
0.06953419
0.11956423
-0.02449913
0.14969793
-0.07174271
-0.04605042
