-0.02991163
0.02413945
0.05865742
-0.02021704
-0.06190315
0.06248817
-0.01197768
0.01057933
0.05805407
0.08772427
-0.02416015
-0.09472799
0.04147583
0.12756021
-0.06034424
0.04861087
0.13765562
-0.00708752
0.03217417
-0.01073382
-0.09000696
-0.07795050
-0.11978916
-0.01636303
0.17547518
0.02274740
0.15846146
-0.08740435
-0.04861514
0.16880147
-0.13226877
-0.12689742
0.19433281
0.09582850
0.02289311
0.00619594
0.10857988
0.06327183
0.07319918
0.13978541
0.12515298
0.02332092
-0.13133277
0.13337439
-0.09747979
-0.24267027
0.03700686
0.01450098
-0.05727416
0.01451936
0.13482796
0.03356715
-0.02798398
0.01019022
-0.16147064
-0.14491917
-0.10406374
-0.11137477
0.21485640
0.05556963
0.09618438
-0.02815778
-0.07123091
0.07757929
0.03985150
-0.04128513
-0.17448801
0.20326885
0.19664629
-0.10417890
0.12145395
-0.02868631
-0.06028186
-0.10106178
-0.04451864
0.01618683
-0.13965354
0.01116715
-0.14953576
-0.01670216
-0.09316029
0.12216172
-0.06837951
-0.02192751
0.04160923
-0.02021417
-0.05618938
-0.17187589
-0.03835592
0.11105477
0.04076439
-0.11284391
0.09302118
-0.01345678
0.07200597
0.01476982
-0.22580493
-0.10378978
0.15542675
-0.01850453
