0.00952457
-0.11532305
0.18719007
-0.06754801
0.07535028
0.09997826
0.05127252
0.01759405
0.05540750
-0.09928994
-0.10004019
-0.03142035
-0.22372333
-0.03884549
0.23830699
0.03366074
0.02788787
-0.02001474
-0.01020278
-0.07079151
0.13442605
-0.03581327
0.03109788
-0.08807220
-0.08652920
-0.05949026
-0.06469735
-0.14593705
-0.00596550
-0.14272744
0.00800908
0.04849073
0.06818094
0.08813688
0.17112480
-0.08190427
-0.08272806
0.11251504
0.13919232
-0.04358335
-0.06644337
-0.04990012
-0.14225069
0.02459424
0.06424034
0.22649438
-0.03578068
-0.01585917
0.03625803
0.02763157
0.22159349
0.03314020
0.19795012
0.08601480
0.14485250
-0.09625093
0.15046529
-0.08648964
0.12963387
-0.11415871
0.26868566
0.06846852
0.02336751
-0.01612456
0.00659917
0.01303047
0.01249183
0.03274354
-0.10376172
-0.04069061
0.04450809
0.00471457
-0.03846939
0.06924614
0.08856450
-0.03232847
-0.09717980
0.10395067
-0.02501511
-0.05858528
0.17227235
0.10554615
-0.08878194
0.16987246
-0.16443088
0.05749123
0.10273210
-0.02396283
-0.15759354
-0.06305220
-0.05443220
0.06321803
-0.00417471
0.00187033
0.09423422
-0.06344659
-0.07964223
-0.02739809
-0.13104556
-0.11538136
