-0.15124944
-0.03448731
0.04226841
-0.00987803
0.19748351
-0.03574499
-0.23009361
0.07104557
-0.13618291
0.12799320
0.03930901
-0.03350169
-0.09540102
0.18079696
0.03013097
-0.04761004
-0.06764105
-0.01755970
0.12228862
0.18599483
0.00264701
0.04157746
0.03147685
-0.16051318
0.01366072
-0.04848027
-0.04164011
-0.01468635
-0.28139606
-0.07150149
0.07361119
0.01175817
-0.05021908
-0.03317970
-0.10512816
-0.06788495
-0.05674983
-0.01811774
0.05723302
-0.00204820
-0.00776409
-0.08133034
0.09526044
0.02292180
0.05509999
0.02134606
0.07862388
0.14723176
-0.04201589
0.05281371
0.06612413
-0.00085339
0.18611141
-0.09526003
-0.04732059
0.00758271
0.00255045
-0.02168614
-0.04669530
0.08026664
-0.00587976
-0.07853168
0.16673036
0.08879095
0.14492622
-0.00260370
0.18648938
0.08952284
-0.17600321
-0.12316708
0.05681153
-0.01130992
-0.01399892
0.10461978
0.16569379
0.03808347
0.01239466
0.21910921
-0.00103941
-0.04385718
-0.05792307
-0.07161125
0.00795233
-0.08379719
-0.18090064
-0.12507294
0.04246061
0.10622721
0.11706321
0.22513783
-0.10551628
0.13282594
0.00795088
-0.04553467
-0.04150448
0.08659748
0.06324770
-0.17581630
0.09974558
0.08032942
