-0.02098390
-0.04368726
0.10610452
-0.03233360
0.03294097
0.05671983
-0.08891169
-0.03633952
0.19723212
0.01408885
0.09318606
0.13103818
0.05928460
0.01290921
0.13174576
-0.12935265
0.12410929
-0.21634541
-0.12987084
-0.04395169
-0.00878017
-0.16760405
0.07982368
-0.00784030
-0.11267689
-0.12246175
-0.09877300
-0.08596924
-0.01300905
-0.00555938
-0.06023623
-0.00870189
-0.06657930
0.01816065
0.15916424
0.08850351
-0.04205725
0.01495404
-0.01641071
-0.04390757
-0.03223045
0.11423231
-0.05607968
0.01955756
0.06332370
-0.10617632
-0.15480383
0.07914181
0.03964842
-0.05485481
0.11611718
0.03254848
-0.04185606
-0.04531566
-0.05155778
-0.11236868
0.28054214
-0.23340725
0.02805815
0.00058072
-0.13161501
-0.01496663
0.04004983
0.10541334
0.01158315
0.05971232
0.17987007
-0.01117934
-0.05881996
-0.14671413
0.08718396
-0.05226007
0.14603704
0.00741005
-0.01380225
-0.05780767
-0.05288816
-0.12950469
0.06153843
-0.04308388
0.06558788
-0.17338416
0.03533270
-0.09375866
-0.16042507
-0.02409945
0.06313666
0.10580987
0.12642337
-0.03879735
-0.09834919
0.31094437
-0.05632970
-0.07221943
0.04864264
-0.11007053
-0.06829499
-0.15635403
-0.02043750
-0.11525299
