-0.04746933
-0.06654157
-0.01031104
0.05549493
0.03586685
-0.04425910
0.16115854
-0.14018415
-0.14719023
0.26329858
0.03638818
0.11124825
-0.08986660
-0.01609277
0.18528588
-0.00825518
-0.05525897
0.00666621
-0.23526387
0.09507490
-0.06022704
-0.10644046
-0.05167702
-0.03434568
-0.07359544
-0.21239895
-0.08524348
-0.00762339
-0.10347231
-0.06110213
-0.03665281
0.01586057
0.00762365
-0.06494671
-0.12511692
-0.13027716
0.04126794
-0.05058189
0.06412830
0.05722730
0.09882280
0.06621290
-0.03104600
0.00671472
0.03095961
-0.00904157
-0.10656437
-0.04981557
0.19128175
-0.04579237
-0.12304954
0.01378330
-0.04089466
0.16941853
0.06258238
0.05202259
-0.06854109
0.10507824
-0.08366420
0.12989511
-0.23300234
0.15744317
-0.07448454
-0.01954066
-0.01521693
0.03300742
0.03086003
0.17120199
-0.00870504
0.02669076
0.05944376
0.02765102
-0.02587414
0.06351782
-0.09783729
-0.04079512
0.05362359
0.00320606
0.06797108
-0.05367625
-0.08700616
0.00349748
-0.02182183
-0.15328932
-0.00298407
-0.00831620
-0.16362223
-0.22055601
-0.05566129
0.17256465
0.04470476
0.21174517
-0.10427412
0.00845692
-0.11884797
0.18031641
-0.12896625
0.01882391
0.05147617
-0.11159430
