-0.08332769
0.01335930
-0.16488100
-0.18144994
0.02126237
-0.14216648
-0.04407385
0.08546978
0.10164514
0.17024841
-0.11128027
0.09443154
0.03585512
0.13805164
0.02426726
0.08985608
0.12559425
-0.04538136
-0.05082148
-0.14649606
-0.00964482
0.03917948
-0.08191340
0.00793967
-0.03928501
-0.04758377
0.08590243
0.08998040
0.12657326
-0.11959108
-0.01500425
0.07220831
-0.14257337
0.21237734
0.02571047
-0.06007577
0.11384306
0.04157035
0.01204281
-0.07497461
-0.19459260
-0.10621047
-0.07116567
0.04988044
0.06773384
-0.08656075
0.09128676
0.07356688
-0.01383349
-0.10485040
0.09832623
-0.01429872
-0.11171267
0.02780865
0.05771285
-0.16110997
0.20572691
-0.23688197
-0.18024602
0.13491905
0.03584271
-0.04727748
0.00127819
0.08061050
-0.09567890
0.10230756
0.07686262
-0.00497675
0.02107649
-0.06930619
-0.09442127
-0.04284635
0.11336864
-0.02642347
-0.04978069
-0.10794096
-0.12493565
0.00243830
0.11466171
0.13574188
0.06174648
-0.03406418
-0.04051962
0.04030240
0.10333036
0.10738724
-0.23356106
-0.00512163
-0.10656464
-0.05194402
0.19126763
-0.08570424
-0.18559869
0.01951304
-0.01372069
-0.04580506
0.09693939
0.06240218
0.04143592
-0.03052758
