-0.20758556
-0.07796458
0.13552684
0.17296491
0.16175866
-0.11288621
-0.07900949
-0.01428304
0.00435364
-0.01008883
0.08035606
0.00117781
0.10728044
0.03882877
0.02806572
-0.04881168
0.04717585
0.09259513
0.14078989
0.05912417
-0.16125215
0.19148923
-0.05750841
0.07296199
-0.29396436
0.25493582
-0.12070016
-0.07283082
-0.03494423
0.03167468
-0.10959852
0.10248302
-0.20968018
-0.00288058
0.01094201
-0.03193851
-0.18830398
0.03379200
-0.09888631
0.06792315
-0.02456441
0.08422828
0.07414010
0.02687609
0.02519130
-0.02531970
0.07225222
-0.09303439
-0.01483616
-0.01207678
-0.04425071
-0.04260569
-0.05755133
0.05578259
0.15073404
0.11477378
-0.13588712
0.01361578
0.04079381
-0.08906446
-0.01645938
0.07006940
-0.10018741
-0.00326487
0.09498989
-0.01021871
0.10966351
0.04804456
-0.06966920
0.15275976
0.01963102
-0.14316293
-0.08122443
-0.10519144
-0.23975382
-0.01152626
0.02317725
0.05106599
0.04843068
0.04670451
-0.07949662
-0.11446530
0.03400580
-0.06767346
0.01285675
-0.05993702
-0.02458946
0.11022378
-0.06315123
-0.26241654
-0.04012726
0.01857768
0.11551757
-0.03352064
-0.00138386
0.05419610
0.06382257
0.11328028
-0.09154872
0.05681313
