0.10196844
-0.17064730
-0.03139833
-0.00384217
0.06165599
0.04079468
-0.13271353
-0.21010719
0.04401105
-0.05148608
0.01711935
0.12531934
-0.00655843
0.02017005
0.13724286
0.10747212
0.07573684
-0.09584353
-0.01773451
-0.06292167
0.04800681
0.08695513
-0.15293006
-0.03204845
0.02823211
0.03490172
0.00792106
-0.19996144
-0.03508730
0.08788363
0.22755193
0.08694449
-0.18047751
0.04632595
0.11915057
0.06384356
-0.11007313
-0.06188463
0.04119933
0.15278199
-0.00905412
-0.00141579
0.13245563
0.13280405
0.04172980
-0.13378466
-0.06027924
0.07273750
0.11087188
0.06231606
-0.05084926
0.02844968
-0.15818812
0.09528888
-0.06678565
0.20430247
-0.04963606
-0.04130788
-0.05163676
0.23217499
0.05623917
-0.17875839
-0.15038344
0.12655828
0.03060287
0.07722716
-0.13642873
-0.07950853
0.03879351
-0.20366363
0.00104256
0.05193170
-0.11407998
-0.03897247
0.13429449
0.16860374
-0.12132865
0.04435527
0.01688050
-0.12748726
0.10834962
-0.06067263
0.07170418
-0.14409100
-0.00249892
0.07989097
0.05620318
-0.05772267
0.06257399
-0.08632834
-0.12961602
0.03648879
0.08551867
0.04879881
-0.11213652
0.06912288
0.01765343
0.00335886
-0.03347731
-0.02998695
