-0.07087710
-0.19656245
-0.09536361
0.02689614
-0.07129213
0.08865124
-0.05218508
0.02164601
-0.05578342
0.05909593
-0.15335420
0.15355165
-0.02045266
-0.01290136
-0.13334653
-0.00015232
-0.00657413
-0.11273848
0.05578664
0.18819814
0.11135364
-0.00588617
0.05216357
0.02003639
0.03933057
-0.19305912
-0.08477148
-0.02658532
0.05930254
0.03412997
-0.00954628
-0.20196903
-0.13328972
0.12521196
0.01286488
0.00163078
-0.03154502
0.27168648
-0.06401674
-0.01326715
0.05020823
0.12377963
-0.01221188
0.09040845
0.09305873
0.02449553
-0.12285811
0.07515648
0.00972403
0.14507198
-0.07844761
-0.00032466
-0.04706781
-0.17195048
-0.09808698
-0.18292042
0.15813425
0.02261243
0.05616650
0.01926945
0.10467850
0.14162888
-0.03784944
-0.09003885
0.10333284
0.20998755
-0.02049140
-0.07092677
0.03117099
-0.08798356
-0.07267721
0.06322583
-0.02049893
0.04926570
-0.04695074
0.05474267
0.03206270
0.04841818
0.10970525
0.08156305
-0.14389288
0.17043349
-0.11605534
-0.16476475
0.08938639
-0.07293884
-0.17700684
-0.00403344
0.17179798
0.08366336
0.06476817
-0.09976350
-0.07529154
0.08616501
0.12387493
0.10401387
0.05197531
-0.09527898
-0.01727920
0.11505850
