0.17819643
0.08455702
0.05580699
0.00065277
-0.05894834
0.11550424
0.11118225
-0.17316479
-0.11320492
-0.03619663
0.14586427
0.03843781
0.12851893
-0.05672635
0.04689044
-0.06108470
-0.18429318
0.03024989
0.00383748
-0.07486201
-0.05404680
-0.07660510
0.05115223
-0.10229214
0.05816975
-0.02865993
-0.02321230
-0.08617172
-0.08224411
-0.06613856
-0.09038961
-0.06942867
-0.06310229
-0.14936308
-0.17154105
-0.30751566
0.05363138
-0.09579834
0.02172136
-0.03874491
0.08234482
0.03728866
0.14541809
0.02340834
0.05297239
-0.03722244
-0.08989641
-0.16946056
-0.13476983
0.17304962
-0.12759442
0.05032265
0.00670855
0.06775810
-0.02199366
-0.02690277
0.06192293
-0.03112911
0.02375012
0.13925294
0.06084550
-0.05845332
-0.02714638
0.13922651
-0.17537812
0.03127947
0.15202067
0.00111890
0.01953644
0.09495176
0.22680541
0.09387596
-0.05560606
0.00055467
-0.06741581
0.00106558
-0.23971510
-0.09889657
0.05501862
0.04698173
-0.13080346
0.05033205
0.01973342
0.10270195
0.01965193
-0.09264011
-0.08813335
-0.12161426
0.02344887
0.08311317
-0.04180822
-0.03180391
-0.05392386
-0.21626490
-0.12414385
-0.04092254
0.03212427
-0.08295704
-0.11933747
-0.10871793
