-0.07670292
-0.09625938
0.18778091
-0.08618268
-0.02066435
-0.09350883
0.09567335
-0.00128845
0.00764910
0.09868487
0.07093309
0.08256531
-0.22404255
0.02310342
0.10150745
0.03676658
0.09473491
0.22282900
0.13116294
-0.11798969
-0.08719971
-0.01279275
-0.06750363
-0.00829363
0.12901218
-0.05581952
-0.03005506
-0.02390978
0.07085807
0.10891914
-0.01570091
-0.03330912
0.09807331
0.07598036
0.05128339
0.34311133
0.00333014
0.03585063
-0.00877486
0.06475450
-0.05515071
0.10585872
0.19214560
0.00895944
-0.00717745
-0.05919155
-0.04974854
-0.17895482
-0.00564324
-0.09258443
0.13193030
0.01637102
0.00577063
0.14691672
-0.18653032
0.03462987
-0.11113177
-0.06758537
0.02714898
0.09367171
-0.08788646
0.05810774
0.15320463
-0.08982564
-0.10422162
-0.00122901
0.06585643
0.00015749
-0.08575441
0.01209615
0.02175238
-0.04670083
-0.11770647
0.04573398
0.00179515
-0.03813132
-0.06631095
-0.05255870
-0.09109789
-0.10926088
0.13293247
-0.02536494
-0.18163325
-0.05128928
0.11139245
-0.05653261
0.18670778
-0.08188777
-0.07909905
-0.10852976
0.12226022
-0.06093964
0.04383725
-0.17313410
-0.06015906
0.06925175
-0.13450507
0.00526549
0.05760925
0.18682428
