0.02057431
-0.02913241
-0.15195750
-0.12982243
-0.08546685
-0.02807441
-0.18493059
-0.02041265
0.06905747
-0.04224900
-0.07829389
0.03411135
0.12350068
-0.05009299
-0.05234795
-0.16104628
-0.10966379
0.06795909
-0.01274786
0.08575569
0.07513786
0.04214911
0.08599025
0.17087752
0.06469846
0.04777851
-0.00481528
-0.13933623
-0.05663701
0.03654853
-0.12466083
0.05251306
0.03618530
0.01121873
0.03380988
0.00267214
-0.00247373
-0.00098232
0.10425069
-0.01014318
-0.29623944
-0.05452815
0.02198059
0.10764554
0.15482164
-0.10559760
0.08534142
0.02668593
-0.02337184
0.00277483
-0.00315079
0.01574313
0.02664843
-0.07532307
-0.11721057
0.10832350
-0.02464860
0.15865891
-0.10365976
-0.06664075
0.15941484
0.15788182
-0.11541605
0.02316308
0.15042337
0.14948179
-0.14411794
0.18152226
0.07421210
0.02549991
-0.02530135
-0.10834894
0.01065751
-0.02879595
0.25911179
0.02131771
-0.01944955
-0.00157352
-0.06872671
0.23237977
0.07145068
0.00840035
0.12598927
-0.00371574
-0.01096370
-0.06243228
-0.06903635
0.17997187
0.08619693
0.00975074
0.19116642
0.00265085
0.03253214
-0.15926048
0.05330822
-0.16233597
-0.11084867
0.10648547
0.03939441
-0.09783792
