0.02876090
-0.09219672
-0.08769033
0.06728500
-0.04680202
0.13069402
0.08793177
-0.08312725
0.03210575
0.06291799
0.01684488
-0.05100210
0.09012529
0.26938367
0.00612669
0.04520558
0.14012756
-0.03958107
-0.07366704
0.01358033
-0.18814226
-0.07364676
-0.07839446
0.08820266
-0.04444943
-0.07824254
-0.04445205
-0.04818190
0.10645248
-0.03117532
-0.08480933
0.06269531
0.03463003
0.06648142
-0.05194772
-0.11838840
0.02367821
-0.00476004
-0.00456036
-0.04095501
0.03072360
0.00814823
-0.01581651
-0.03106630
-0.21054232
0.10647760
0.06597534
-0.00511542
0.20039709
0.10566849
-0.04629056
-0.13784100
-0.09347533
-0.09999732
0.04547811
0.00720888
0.12724193
-0.10322579
0.02598693
0.01762545
-0.03539165
-0.10864190
0.08968522
0.17592472
0.07663736
0.05815951
-0.10471755
0.05280432
0.13003223
0.07590879
0.01294287
-0.02499859
0.05065373
-0.08802309
-0.12064023
-0.14672057
-0.02558712
-0.07318124
0.10422529
-0.01463677
0.07210786
-0.19321225
-0.05428809
-0.08279650
0.06946450
0.04276275
0.25035436
0.17198272
0.12766694
-0.03565533
-0.23513947
0.05109944
-0.00574518
-0.02471016
0.14675182
-0.26455255
-0.04357600
-0.17964953
-0.11032167
0.03524795
