0.07746796
-0.08844091
0.03549287
0.14908617
-0.09295816
0.12299846
-0.11895197
-0.11644797
0.07375547
-0.03649562
0.15381713
0.05041610
0.08769796
-0.08482534
-0.05964962
0.18895947
0.05562297
-0.13564676
-0.13580368
-0.15357277
-0.02302487
0.23929615
-0.16568148
0.01263919
0.17306090
0.08801540
0.19753107
-0.15776646
-0.00691396
-0.06065674
-0.04780150
0.11648744
-0.05342320
0.02574431
0.10859416
0.04752241
0.12754789
-0.05623313
0.08275959
-0.13642433
0.04653210
0.03757486
-0.03613127
0.05501734
-0.21383656
0.16534478
-0.08463831
0.03877766
0.05527709
-0.14715453
-0.04273325
-0.14871366
0.07022853
0.00707411
0.10953572
-0.08945481
0.08072717
0.02260522
-0.01389332
0.10090484
-0.13743901
-0.05015094
-0.03662281
-0.08044718
-0.04486270
0.20526995
0.05083747
0.02411430
0.01747726
-0.02370404
0.00976329
0.06204220
-0.01187879
-0.13368873
0.05682046
-0.13155983
0.02343986
0.06543942
-0.04292718
0.04249918
0.15678774
0.01012815
-0.01135059
0.11199718
-0.05442449
0.14996697
0.17139445
0.02013801
0.05493684
-0.09043887
-0.00744763
0.15703571
0.02716063
-0.01322261
0.16825382
-0.03873043
-0.00554676
-0.00194272
0.13814299
0.06418766
