-0.16912627
0.04147434
0.05036822
0.00833850
0.01584072
-0.05299806
0.07258520
-0.08532228
-0.07994584
0.07281377
0.16930552
-0.03878858
-0.05070282
0.04096492
0.10764959
0.09717197
0.02711884
-0.06368556
0.06321943
-0.00795396
0.13822647
-0.14136488
0.01417769
0.12946982
-0.04968470
-0.06272370
-0.09372385
-0.02798009
-0.02012991
0.01372690
-0.08867589
0.00828566
-0.06062061
-0.03701517
-0.08414061
-0.02835655
0.35836489
0.34206868
0.11513454
0.07902967
-0.12830715
-0.05868499
-0.06217968
0.05373675
0.04848516
0.01088938
-0.03415984
-0.09294226
0.00053422
0.11435471
0.04290110
0.01817310
0.06600179
0.05865010
-0.16226914
0.00188468
-0.04276051
-0.20418794
-0.13336813
-0.03211205
0.08286170
-0.02301780
0.02632632
-0.09014461
-0.21656308
0.00942793
-0.09548534
0.11771166
0.17417940
-0.03731309
0.11974691
0.09573295
-0.14205072
-0.00334851
0.02621258
0.05250135
0.06793995
0.06769991
0.06810179
-0.03137864
0.03807078
-0.22615953
-0.11728610
0.12066057
-0.06632893
0.03288235
0.15139491
-0.08923405
-0.09629879
-0.04946214
0.04427592
-0.02055547
-0.09815817
-0.15790188
-0.03716909
-0.02219992
-0.05372790
-0.02629835
-0.10996437
0.05513538
