0.05618223
-0.07709972
0.02868290
0.23680646
-0.08152012
0.00693695
0.03875512
0.04146433
0.08136061
-0.01926004
-0.06930925
-0.00585759
-0.17950965
-0.02029417
0.20683222
-0.05229903
0.03437141
0.04797169
0.03780931
0.00730066
-0.06006503
0.03393339
0.02365196
0.01620589
0.05775862
-0.01576688
-0.11050734
-0.07138432
0.06609126
0.09734694
-0.05891054
-0.12511340
-0.09573138
0.09556606
0.08684291
0.07442780
0.09202782
-0.00269700
0.01494907
0.06803026
0.08726742
0.24129261
-0.09111522
0.01062985
0.04161045
-0.10945905
-0.14037223
0.01541752
-0.06674388
-0.00000705
-0.09025398
-0.00922721
0.00958607
-0.20995417
0.07179853
-0.19078365
0.02416791
0.00205661
0.02194473
0.14431318
-0.14588337
-0.06507138
-0.07219094
0.14686248
0.12462739
0.06701612
-0.14747076
-0.04360932
0.04977743
0.03340075
-0.06150597
0.14284223
-0.05464170
0.03669373
0.18946899
0.16428390
-0.01858178
0.07157317
0.15939711
-0.09008755
0.09133779
0.17689828
0.09560667
0.11730729
0.00013572
-0.12171458
-0.06881729
0.14684533
0.00683168
0.07844460
-0.09617966
-0.16817766
-0.19434178
0.02645973
-0.20193397
0.13485997
0.10801973
0.02853862
0.09703609
-0.00990739
