0.23692749
0.07686011
-0.21272642
-0.00908923
0.08900959
-0.06924806
0.08004652
-0.10439362
0.00987849
0.15328140
0.03764646
0.12463965
0.00659210
-0.06843650
0.05166194
0.00540105
0.21428209
-0.08244889
0.00995787
-0.14704492
0.16367013
0.06643765
0.14255560
-0.02547410
0.04531096
0.13091268
-0.02950666
0.05726109
-0.14140699
-0.02948839
-0.01202589
-0.07042001
-0.15864213
0.02892989
0.02416347
0.06261572
0.09742952
-0.08797456
0.02638496
0.01458812
0.12046922
0.09302544
-0.07885214
-0.18258933
-0.08166900
0.09948280
-0.00074266
-0.02049338
-0.07008984
-0.06287518
0.04659664
0.07626513
0.05094200
0.01810912
0.11759921
-0.01814735
-0.00163825
-0.09853627
0.02018052
-0.01483556
-0.10259590
0.05585597
0.02716061
0.20737749
0.05198092
0.05209087
-0.01774572
-0.10989343
-0.11933922
0.03403855
0.15429053
0.03800509
0.09589149
-0.04930666
0.03154321
-0.02653782
-0.07969068
0.07485331
-0.02822292
-0.32361233
0.19463080
-0.03005396
0.03852653
-0.04570974
0.01573923
-0.02628222
-0.00618144
-0.04374889
-0.11102478
-0.04615183
0.02959273
-0.01959382
0.16072008
0.31139030
-0.07603032
-0.08775594
-0.10592706
-0.09814180
-0.01127767
0.03474827
