0.16425495
-0.04409815
-0.08266745
-0.16264570
0.12943203
0.08933738
-0.06862566
0.09840536
-0.06051203
-0.05768664
-0.04061028
-0.13461140
-0.09081164
-0.00067276
-0.03814302
-0.02684171
0.04416015
0.07333946
0.04209165
-0.09289740
0.08692100
0.06045639
0.02498098
0.22520446
0.26278571
0.14750106
-0.11645444
0.05218204
0.09704717
0.09090804
-0.01006662
0.25792227
-0.08795696
-0.02570864
-0.11019328
-0.07049145
-0.03790853
-0.04123252
0.10125717
-0.00615387
0.00900341
0.00014287
0.14941759
0.11689405
-0.11080019
0.05507405
0.08207315
-0.04955199
-0.11538145
-0.01071361
-0.02159103
-0.00630451
-0.00995914
-0.04305843
-0.17487406
-0.08889578
-0.04476134
-0.07106674
-0.15655331
-0.02477663
0.26866924
0.04140264
-0.08739245
-0.03837823
0.08082904
0.05167494
0.08607888
0.20763767
-0.12708104
0.01461052
-0.05905743
-0.03131372
-0.06451265
-0.06488167
-0.05557522
-0.23539874
-0.04732989
-0.10937126
0.01165714
0.01863043
0.05162250
0.00263131
-0.04416528
-0.00886912
-0.05692887
0.05915412
0.11903981
-0.07816184
-0.01029977
-0.05385078
-0.02357405
-0.03142072
0.17021158
0.09947809
-0.08415543
0.12940008
0.05725445
-0.09934025
0.11051602
-0.18517143
