-0.21875795
-0.01508323
-0.11533695
-0.02194728
0.23766055
0.00326272
0.14534508
-0.10694530
0.12281869
-0.16114418
-0.02695274
0.02799524
0.05970668
-0.01196462
-0.10420207
-0.11724412
-0.06953302
-0.09813055
-0.05575739
-0.09152131
0.11959167
0.02598887
0.02729367
-0.08078169
0.02665284
0.03110127
-0.09012762
-0.11449976
-0.18630553
0.08403702
-0.09745484
0.00450016
0.00800235
0.00878277
-0.06144961
-0.02179428
-0.02955133
0.12994362
-0.11132329
-0.01982628
0.10267869
0.04054259
-0.10477839
0.07636870
-0.26014665
-0.04742908
0.15095074
0.04799436
0.07622012
-0.00895000
-0.03660919
0.06700640
0.22309841
-0.02584285
0.13836374
-0.05192682
-0.04140953
0.06265614
-0.08685426
0.09072714
-0.16207355
-0.23308209
-0.01530174
0.03166644
0.12280241
0.01152228
0.09189734
0.02316238
0.06542542
-0.09327817
-0.00735687
-0.05755828
-0.02281855
0.22113329
-0.13519937
0.00329075
-0.03089797
0.03652892
0.17260834
0.08784234
-0.06325103
-0.13805040
0.08164914
-0.09552621
-0.06886920
0.04480629
-0.14658915
0.14984349
0.00990016
-0.02253933
0.07778152
0.07762634
-0.02399146
0.10613829
0.03536662
0.10591392
0.02536871
-0.01839940
0.16837823
-0.07541110
