0.06009448
-0.06647231
-0.07980084
-0.06255257
-0.04797330
0.04628888
0.08252310
-0.19585163
-0.04828102
-0.14254615
0.11165122
0.15028706
-0.06611501
0.07974881
0.04961520
0.03403636
0.08528510
0.06909150
0.01976219
-0.07291688
0.14278476
-0.09834134
-0.01018414
-0.03485007
0.09498057
0.11301790
0.12352234
0.13454934
-0.13648337
0.03458477
0.00084324
-0.06055892
0.01745288
-0.03028104
-0.11893279
-0.07736599
-0.09272261
-0.08639233
-0.01288110
0.01888504
-0.09440998
-0.14906815
-0.10138091
0.05806660
0.08264413
-0.13674784
0.03337310
-0.04375835
-0.08978068
0.02681892
-0.13372834
-0.13255676
-0.03711408
-0.22302499
-0.07836623
-0.12921197
-0.17170119
-0.08567683
0.00324101
-0.03095331
0.21013046
-0.01724437
-0.08605251
0.06718970
0.05859507
-0.09134234
-0.01205171
-0.11356225
-0.03653864
-0.03167064
0.20107017
0.06432151
-0.11415751
-0.13942277
-0.06934826
0.03223620
0.17898350
-0.05966742
-0.01730245
-0.15297756
0.11520367
0.05615669
0.08394197
0.06992599
-0.20058884
0.10729684
-0.00669422
-0.05936901
-0.04449706
0.10406632
0.18230968
0.09722265
0.17354132
-0.05235404
-0.14670320
-0.03788973
-0.10394324
-0.10665987
-0.03644411
-0.14413128
