0.15459395
-0.01286643
-0.08113600
0.02862442
-0.11225076
0.08744064
-0.09368099
-0.06167179
-0.19754400
-0.09444888
0.02559264
0.11888019
0.11002711
-0.16000214
-0.03538332
-0.00085489
-0.00144994
0.02153854
0.01787778
-0.05164349
-0.02377033
-0.06875811
-0.06795402
0.09252900
-0.11990745
-0.03579565
-0.11730982
0.06396027
-0.10802951
-0.16851564
-0.12802416
0.05413484
0.21186057
-0.05723355
0.08187185
0.16004554
0.12063878
0.16012562
-0.05952345
0.10319245
-0.02424904
-0.14734220
-0.03533857
0.03517437
0.18205249
0.08906534
0.02503239
0.09763118
-0.05105261
-0.13003765
-0.06819263
-0.11761691
0.09746855
-0.01342853
-0.11807086
-0.02056841
-0.08389845
-0.03118307
0.14131122
0.14797818
-0.07382141
-0.03714414
0.04207814
0.01132209
-0.05070903
0.10143208
-0.14080557
0.25267102
-0.03551487
0.03981716
-0.07006574
-0.10126601
0.11250692
0.00382431
0.02291021
0.01247476
0.06908259
0.17258340
0.06601600
0.06821407
0.12292537
0.08916164
-0.11410799
-0.02621090
-0.16124370
0.05770818
0.18875748
0.15677044
0.09138070
-0.09305481
-0.07314058
0.01783711
-0.01307968
0.08611213
0.13040854
-0.02491505
-0.00711968
0.10866209
0.04854438
-0.16669792
