0.08381533
-0.08856839
0.00998282
-0.05430890
0.03027182
-0.05987391
0.04886697
0.07374080
0.17073611
-0.01936102
-0.21327008
-0.08373686
0.13510124
-0.10693202
0.09584128
0.01237218
0.14328976
-0.19557148
-0.01971755
-0.12046516
0.29003184
0.08230368
0.13753256
-0.10553821
-0.04673764
-0.02717489
0.10955201
-0.02771372
0.06996864
-0.20463907
-0.03529143
-0.08214087
-0.15728868
0.05066314
0.02812384
0.00333914
-0.13301513
0.11245109
0.03492534
-0.02982752
0.00228293
-0.02613026
-0.17455843
-0.02848956
-0.08291681
-0.09766170
-0.11533438
-0.05321462
-0.19973402
0.09616797
0.05186849
-0.00199749
-0.00346791
-0.07960530
0.10159916
-0.01328652
-0.07126407
0.13478123
-0.02241767
-0.05874715
-0.02929768
-0.08456841
-0.11171664
0.25193202
0.16511200
0.03067219
-0.12537942
-0.08631795
-0.01760673
0.07893233
-0.13284822
-0.23237063
-0.14452655
0.03326289
0.03903188
0.04504851
-0.01299401
0.01832034
-0.04748939
0.08597422
-0.13580938
0.04538263
-0.08464652
-0.03340014
0.05513216
0.10363430
-0.11146833
0.12573252
0.06583975
-0.00676861
-0.01947050
-0.02170309
-0.03023061
0.00229847
0.00511547
0.08238784
0.15229389
0.04656798
-0.02091588
0.06235372
