0.11531156
0.02535624
0.05689107
0.06569850
0.07550562
-0.13512181
-0.06913623
-0.03604842
-0.16318151
-0.14320620
0.03653443
0.03666355
0.09445020
0.03734676
-0.07832881
-0.00160620
-0.07319354
0.08858244
-0.15434753
0.08779475
0.05088191
0.07897353
-0.05910736
0.02013750
-0.00419176
-0.15433720
0.04952196
0.04521224
-0.07591012
0.12667221
-0.18031188
-0.04198413
-0.03992432
-0.07290801
-0.06782368
0.04934451
-0.08926049
0.00703632
-0.04342733
-0.01311256
0.19739447
-0.05535217
0.09045831
0.00386839
0.00321572
-0.19435660
0.10427466
0.01578499
-0.04433589
0.00382330
-0.01113541
0.18714595
-0.11306723
-0.05736207
0.02684632
0.18940766
0.02628757
0.11350553
0.07688203
0.07344217
0.13152547
0.23405508
0.01507620
-0.02962631
0.01912442
-0.03097080
-0.23610986
-0.01184469
0.01714522
-0.03741838
-0.02215421
0.12628488
0.00842964
-0.00305414
-0.06755822
-0.05692391
-0.01030752
0.01306806
0.03969745
0.16704428
0.13857663
-0.12229676
0.17944013
-0.10067126
0.26265596
0.02035769
-0.04481719
-0.20648142
-0.04065477
0.15753405
-0.04215434
-0.04605250
-0.13412740
-0.11991911
-0.05911431
0.03677803
-0.21066774
0.06817202
-0.04914698
0.08216422
