0.10416097
-0.01988596
0.00567316
0.20032056
0.15383501
0.03497665
0.02085550
0.17264533
0.07306739
0.00496832
0.02058551
0.06010934
-0.06504606
-0.04671419
-0.08593994
0.03882409
-0.01993534
0.05269288
-0.13457605
-0.08088299
0.10725424
0.03358614
0.16204948
0.11732752
-0.00073768
0.05838361
-0.00821118
-0.03360895
-0.10589468
0.07026538
0.07922389
-0.02405634
-0.01557411
0.02357596
0.09141151
-0.14021122
-0.01242020
0.06100890
0.06247428
0.08778309
0.03352501
-0.03328586
-0.06334819
0.14773350
0.07292283
0.10469084
0.15450046
0.01412287
-0.03436652
0.02669125
0.06971250
-0.19568152
0.09604225
-0.18686568
-0.01224050
-0.02530910
-0.21573275
-0.05044561
0.05520710
0.09244504
-0.10694902
-0.14484756
0.15043229
0.00927987
-0.06911641
-0.03488063
-0.06901554
0.03122090
0.07383045
-0.18290390
-0.21733086
-0.00496212
-0.04346701
0.15549796
-0.02461952
-0.03155138
-0.11587045
0.16231283
0.12325312
-0.03683033
-0.04091996
0.08119739
-0.13228494
-0.04964195
-0.06110462
-0.01315627
0.27858491
-0.14040895
-0.16702308
0.18112480
-0.00604651
0.06940679
-0.12025241
-0.08199160
0.01827094
-0.04948915
0.17171680
0.06062351
-0.05057581
-0.07459547
