170.37380682
15.02983932
0.00013893
28.14270174
0.01142661
19.63186192
10.02839558
0.47242221
15.75497160
0.86799907
0.01123990
72.25375965
24.35075796
31.94837290
3.39095745
1.67997800
0.00006071
10.56444287
0.04705638
0.96316330
3.03051942
0.11546933
0.00576924
9.71967253
3.10875891
7.67520563
2.33206609
2.60595572
1.77128207
5.03461519
2.24374617
13.38561071
0.03984710
149.07957236
2.31699928
1.86420110
2.10563806
4.14557712
2.55947299
3.81357994
0.65411828
0.01036053
5.81988200
8.48896581
8.08557284
16.91516651
5.08701069
24.59012139
1.68536572
11.12101222
30.94313227
36.11251615
6.71924733
2.95528755
9.08416350
3.15149324
0.84031865
0.05233911
0.85871343
0.06355702
1.41078696
4.98759043
102.76847168
2.23086062
10.07854882
9.78606230
0.19367039
0.42797690
4.68521501
1.48686656
3.55281312
2.24696927
0.23971192
5.13607694
22.34545843
0.05370722
2.56833326
0.03178934
32.02666984
2.23272365
43.23563237
0.12098573
1.48140416
60.04868159
2.25968770
2.24695071
1.66609130
0.56020499
1.96166542
2.31248927
0.00647526
10.86497634
9.53912798
47.89087344
0.08416556
3.64579443
1.22968065
11.56371409
3.27650135
0.59969952
