0.100000
0.467651
0.614905
0.984521
1.090181
1.100000
1.100000
1.100000
1.100000
1.100000
1.483675
1.584194
1.838728
1.862768
1.906326
2.011193
2.080008
2.233322
2.300377
2.443343
2.512493
2.662483
2.698747
2.743971
2.787136
3.000806
3.099922
3.100000
3.100000
3.346971
3.408110
3.696813
3.840711
4.144176
4.227097
4.488577
4.555277
4.847193
4.913055
5.100000
5.377578
5.706462
5.767285
6.145585
6.237632
6.334334
6.559485
6.983420
7.100000
7.100000
7.246075
7.281455
7.462963
7.655392
7.703899
7.726122
7.887034
8.065422
8.178820
8.347662
8.431475
8.963183
9.212466
9.574423
9.726092
9.900906
10.123484
10.278613
10.830119
10.869519
11.249885
11.388776
11.600095
11.774662
12.463077
12.713423
13.272563
13.626644
13.912000
14.197401
15.534678
15.690848
16.428312
16.818500
18.069273
18.100000
18.472571
18.589553
19.424481
19.565748
20.860662
21.019964
21.505509
22.067060
22.357982
22.502487
23.853559
25.744244
29.490787
58.153621