0.100000
0.795548
1.009973
1.329873
1.589454
1.855440
2.126325
2.365658
2.549155
2.782907
2.918357
3.136694
3.311573
3.466113
3.621697
3.773458
3.904102
4.059733
4.193532
4.311276
4.474629
4.650986
4.687049
4.896690
4.992471
5.155187
5.277814
5.377653
5.576411
5.676632
5.811180
5.961868
6.149334
6.212652
6.366446
6.570704
6.572623
6.787725
6.957426
7.024144
7.192456
7.359299
7.426802
7.655211
7.655211
7.897884
7.971562
8.130164
8.290186
8.373859
8.539157
8.665797
8.798751
8.921713
9.063794
9.244981
9.284152
9.499114
9.585535
9.765140
9.858492
10.068579
10.138330
10.320465
10.464914
10.600968
10.753015
10.861768
11.085935
11.197635
11.386184
11.489568
11.725397
11.796093
12.030890
12.184329
12.362027
12.559322
12.729045
12.811935
13.105336
13.300788
13.503988
13.632945
13.928561
14.218370
14.364752
14.561347
14.828260
15.105789
15.487728
15.609336
16.030575
16.341319
16.729482
17.328132
17.717036
18.450051
28.416858
43.213197