0.0627789118638366
-0.083907183664924
-0.0837209262044114
0.0916494938394682
-0.0732261188835553
0.147818887728093
0.116747142114333
0.0281202302586679
0.274089604745055
-0.00704718304400736
-0.00117769537249514
-0.0579565185872958
0.0882441264936148
0.0652730599633964
0.197429647303099
0.134202967447359
-0.0233765478962301
-0.0914772442042893
-0.00573502152284173
0.0441732296164288
-0.0448975751911249
-0.15505663880357
-0.0908084449495589
-0.0395207435636148
-0.0929020067548647
0.09948114057204
-0.0043723614428382
0.0984153452149399
-0.0924318742443065
0.0172023458908872
-0.0636731595916477
0.121987845100626
-0.119600041523786
0.0085123129576737
-0.0308106461663603
-0.0806137204033281
-0.0762456979762818
0.0413842012559575
0.132989050241837
-0.147396749590875
-0.14537390039025
0.102293588081339
-0.0799328369855707
0.0356927915674824
0.0800876121606656
0.116814878645219
-0.124332006234353
-0.0947912110330366
0.094372677151253
0.103483442297832
0.020945029768945
0.0273018606726639
0.0838414055861745
-0.14389933867655
0.0996930655113095
0.111239369308963
0.0110714062629177
-0.079496381989798
-0.197219377806786
-0.00961349949338108
0.0540414015879077
-0.060772153568292
0.0324588866815622
-0.121076129601363
-0.00225082415903194
-0.13340844869109
0.173934204368887
0.0436671489502393
0.0092376714831992
-0.045161706767188
0.0569890036331246
-0.0389992265452858
-0.221401276008226
0.0458630289540125
0.123268800654458
0.0300720775488143
-0.149819032105826
-0.0143430357547596
0.174261714161162
0.160156568901135
-0.0291318329007905
-0.0159958811364608
0.109904341498398
-0.040261765287134
0.0072831965484044
-0.219772419517586
0.0360179083885534
-0.0788385486329236
-0.0497944979276224
0.11806972582353
0.0247938236558088
-0.00368614588308486
0.0564275493114201
-0.13540167935832
-0.0840941980069045
0.0937019744595675
0.0238087825708986
-0.134880965906848
-0.207352154411902
-0.0301885552665605
