0.115934421025469
0.211281999817321
-0.0986047305667809
-0.0657891969419999
0.0205090641501833
0.146613954870466
-0.023349091384107
-0.0834795526765853
0.0960196297720502
-0.0703486527838556
0.0700529498612824
0.0360513413151674
0.231675740433253
0.0432069813100431
0.159979074930841
0.0891988932359572
0.108634625642778
0.101041613211668
0.0652838153263327
-0.0165245606113598
0.00902307526042602
0.0680755406132598
-0.168642649210141
0.11901176915153
0.0334788027584515
0.0785888473197101
0.00595460118987777
-0.0565174210132554
-0.0358779749862924
-0.10942651128244
-0.104385191762501
-0.134447726965815
-0.168786551924607
-0.133024911024047
-0.173738415573005
-0.00223446715278387
-0.090447954034835
-0.180108663240914
0.0620798600631859
-0.0638769853244044
0.0192456729282637
-0.0565808026291229
-0.0545978038156912
0.0146434448810168
0.117065271234923
-0.110539368289931
0.112777838747276
-0.182033251847411
-0.117668629823707
0.0514670871900412
0.0448831394757252
-0.106827411990303
-0.0656413829614768
-0.0310504480102852
0.0248776843341677
0.194752939896841
0.166603857702751
0.110958199235791
-0.0564108886814727
-0.0574769643810839
0.0528607740020876
-0.0719388197193545
-0.0178698719122101
-0.0887897644013296
-0.0356146486005922
-0.0621349723223549
0.044359288232627
-0.0587937509569572
-0.0721340962693599
0.0482758704695492
0.0955117396747823
0.120217842837257
-0.0332919400980338
0.0102225517691732
-0.13488925687136
0.127508405580372
-0.080005765708477
0.256376239536838
0.09712899113604
-0.13547421620139
-0.0942984454915821
0.00307621775051312
-0.102591038054935
-0.125729838792684
-0.0212954441838186
-0.163981788874638
-0.050707900538227
-0.0712935825217186
0.048725246258435
-0.184183877715734
0.00656824286086222
-0.00752388981406288
-0.135520446420026
0.0234422334745399
-0.0368199240545684
0.0873119962500597
0.0836862233316144
0.0283514323427717
-0.00936330743455048
0.0523254475346074
