-0.0107820356506619
0.112815266491166
0.0962468768714851
-0.135664972149974
-0.118429081889726
0.0389212494212076
0.0596156460466866
-0.0756483759371121
0.0983287356025061
-0.115184079875645
0.0800857309318103
-0.165035796233106
0.0625507141102606
0.146574204743618
0.0830363342486116
-0.056040870229495
-0.0422371985377387
-0.0403388757253143
-0.155439734298106
0.0638942814437713
-0.0583443848950971
-0.142842093681142
0.0156229765780485
-0.186411346391699
-0.176038796732679
-0.0848981420992479
0.108935975119695
0.175615933565041
-0.118408358414468
-0.0604033521988859
0.0412964102412753
-0.138015953146864
0.0935689179314269
-0.0432277140471142
-0.0876287586611474
0.056872506011091
-0.0691114451054433
-0.238103016690816
-0.0970253483162415
-0.0118402458610457
-0.156896207397162
0.0482212440682787
0.0845546498369263
-0.0460850669158746
0.112023940609786
-0.0219271081361668
-0.0533078952645324
0.00102952137179975
0.11799097910818
0.0521240050327704
0.0472677633676384
-0.00381752618386823
0.0935947322885162
0.0792479658039624
0.196272849301949
0.0727588983897505
0.0508487861705913
-0.0858843894690305
0.112828869080152
-0.118695278469707
0.0753728425452279
-0.0844846706458081
-0.0398342931883899
0.0382861459723299
0.0511687157109777
0.104205762927649
0.0199698270526852
0.281800694656651
0.115770678186593
0.108752368756644
0.0186930433551964
0.0764409110075921
0.150287330308797
-0.0580028009702645
-0.0156683428321927
0.0118743742044448
-0.0484774821956289
0.0302767980769185
0.0157157181624796
-0.0374433366614983
0.00773259480753031
0.104382654324391
-0.143373549096291
0.1088499077715
-0.0567980166120575
0.0600824401386339
0.0919132965700353
-0.0772296280826271
0.0486928074076726
-0.0651856679859419
0.0892786977044139
-0.131935040713618
0.108093646261239
-0.128748513211289
0.0814815589159425
0.199640518557462
-0.0735384372848087
0.155080814076493
0.018573817569299
0.026356780162619
