-0.105787945217946
0.0248444223449301
0.230327298751732
-0.157360342612062
0.131737432770375
0.0718103436807982
0.103439903962126
-0.013183300782436
-0.0175279254018565
0.0465458058121974
0.115749971086284
0.0380100832617734
0.10423593239708
-0.0988847947590721
-0.010714769153821
0.0101069020483139
0.0385254858379364
-0.0873993553210443
-0.086835407859262
-0.0669866345297406
-0.106518352262465
-0.116764369980788
0.146000989211226
0.116728193448649
0.135351392372032
0.0310719932218572
0.0859942553540819
-0.100689420585789
-0.0670064791025882
0.0868527350788356
-0.0720184875329714
0.0851261709486417
-0.129363665546367
-0.139291003882989
-0.0181186400026496
-0.104521295264824
0.0552371080685846
0.131646258339956
-0.0837308031444158
0.0376297028105136
0.113213919562481
0.0646429538682507
0.197339929130373
0.0678773295303987
-0.103286694722775
-0.00634376499506635
-0.0913310963705188
-0.190375034389437
-0.037083277890456
0.0196009063178138
-0.0126981463927167
-0.199583253551019
0.112138386195518
0.0535666265209759
0.00867116014793051
-0.0265767952374945
-0.199591653865345
0.00190848957044687
0.0450242692698356
-0.00499125198974457
0.0565473431905582
-0.0982473987077497
-0.110041320200281
-0.0481364849016806
0.078000842283962
0.00839712449179878
-0.10316892650897
0.0295113256146221
0.00737530440460059
0.0462485402875468
-0.108604019949045
-0.232563899706222
0.0923556794067386
-0.101588150567173
-0.153315692144807
0.133137460777928
0.0358366076255204
-0.0985825954275584
-0.136784789895793
0.0020533257369138
0.0266175926474093
-0.0634553892338319
-0.0685785942243926
0.157254184474343
0.0951473218976489
0.0897448429381819
0.0452099639288196
-0.00135873685500209
-0.0469223558050814
0.0459672909553328
0.093998614186337
-0.0369578910109854
0.16399094171119
-0.0510702255355772
0.00736546948702217
-0.0548750158398242
0.207203171840416
0.123777470322803
-0.150605251003716
-0.14280147333413
