-0.0450339942566779
0.0121646723867304
0.118680622386033
-0.172520763301916
-0.00778827592797266
-0.114941740167317
0.10719551080848
-0.0973215443499395
0.0286693906140212
0.0138576094113466
-0.00555809095877107
0.13861105960216
0.175050211858198
-0.162324430394453
-0.0148653351166874
-0.0921226159376729
0.0554249943111157
0.0236798344081501
-0.119545841735521
-0.0432544223047946
-0.145841552269107
0.0509331115798043
0.156505960775741
-0.0315964432379726
-0.0251513894330689
0.103159910080113
-0.133035952084938
-0.0496035825604605
-0.013121911008842
-0.0244530272071672
0.0276104428243635
-0.0372030045251822
-0.020088787397777
0.104629027047296
0.0505051873459767
0.126233256112142
0.104501790134244
0.0713759252882188
0.0852639534272258
-0.18805456726987
-0.0295097106149104
0.0268347591137011
-0.15454466871276
0.00597127076991474
0.0932510218162932
-0.104609056033666
0.170328634038596
0.106435725882573
-0.127957678755138
-0.0413369857481433
-0.00350095476784216
-0.0409191679772571
0.0425303173036304
-0.0570515670346819
0.0608523049320025
0.000496360872885356
-0.103607547649038
0.036949484301778
-0.0630895398166748
0.011552685318013
-0.157992590481871
-0.0509328393057686
0.00720923323022214
0.0379076065403735
-0.192307389762158
0.0975732434558126
-0.0219651972986397
0.173794822935945
0.126131375351034
0.117948083020025
0.203387601751342
0.0834340484257181
-0.0915570609570008
-0.120079264461363
0.0475235020744218
-0.0583236718488324
0.109721423825063
-0.121906932173167
-0.00353047900925215
-0.00425245206967649
-0.357134868919176
0.0678672213118401
0.125855837522632
-0.0973066575781803
0.16143759710788
-0.130352371987598
0.0230989685587258
0.125055477673143
-0.0406722187562066
0.0759176515767273
0.0225236355817198
-0.0412674449974353
0.0115080541192705
-0.174610367301348
-0.0631683975863945
0.0251838778814709
0.0814795420118815
-0.0264552166638235
-0.00986802026687808
0.0527815842486613
