-0.129614978040328
0.0450278354525291
0.0597506757343218
-0.0225558703877768
-0.324704719447486
-0.0767438072476396
0.110203608397914
0.113963900277395
0.00780555531342069
-0.111256853055528
-0.117883050880088
0.0563305590127614
0.0913211730978057
0.103183795435713
0.0351597537861327
-0.00175003872776483
0.00814591379177982
0.00133280226750531
-0.0487704392374036
-0.00371765646979666
-0.0295677666962513
0.0320258473340701
-0.0855590346524895
0.145099963268759
0.0534671071238957
-0.129437763368059
-0.0788711721055606
-0.0683229573878512
0.0120515668714275
0.0600391589474432
0.228714083085145
0.0533103491540874
0.0715483515959021
0.0596904623461525
0.0298749921852409
-0.123337036191023
-0.0780309274930827
-0.0262939477295366
0.0732579241431526
0.197822434795431
-0.114179340486021
0.0443881018680755
0.0689179738567999
0.0651873965492909
-0.0720711101800167
0.047359775324239
-0.111650878328152
0.0234162785734801
-0.000845346957510627
-0.149966886657521
0.048870034299978
0.108487804892271
0.13212608141821
0.0276350432821109
0.105037429917905
-0.0281356753695041
0.0358225660910818
-0.205193079410023
-0.0218420420313881
-0.0889769329393708
0.0217272282794069
0.0322284969327862
-0.132233623840588
-0.0650860389625493
0.0680596928247623
-0.0647855496417985
-0.100044521338617
0.16295133572442
0.053022610953736
0.0360297047081943
-0.169795237186142
-0.0496362623181514
-0.00913428148162596
-0.0869849619594938
0.193910813785383
-0.0592790134250084
0.0694025991139673
0.0251763752959037
0.111670948604077
0.0838995732788652
-0.177359884872925
-0.108697269596624
0.0338156833915259
-0.060380200171669
0.044313261278521
-0.0459070216400095
-0.141525134372766
0.152183641681305
0.0102092454695397
0.0427174126789608
0.0563969989537846
-0.0458032122170708
-0.157636018559149
-0.109414828234654
-0.0309429114544107
-0.0528832821116371
0.0717103973292979
0.261714907584134
-0.187803898591996
-0.000915072379487359
