-0.0636280477722564
0.012284583157696
-0.0208214958433944
-0.114285825762562
-0.00233307666714109
-0.120156745208921
0.0349922926444782
-0.0127578964774444
-0.147336302731861
-0.0764310767574587
0.110875429760082
-0.214312264730946
-0.111078470269794
-0.0516398441895861
-0.149426121607551
-0.00237376354508987
0.0265387855662619
-0.025838901695097
0.0817639559899786
0.165299715796355
-0.137748593240911
0.0609088445085649
0.0855321021813609
-0.200445529831285
0.00501164095705764
-0.0165543768235039
0.109648892690767
0.00410792899794769
-0.0287082213134098
0.18486186549833
0.128398143460939
-0.0613646959036164
-0.290966603720972
-0.0109072497350396
-0.139201396438764
0.0113001857553403
0.121291512991949
0.129028726418473
-0.152711281187753
-0.0676677152886661
-0.154001954571763
-0.037005292214406
-0.130501866893455
0.0464034213535866
-0.0837190076786224
-0.0217461123201682
0.0926564097532108
-0.1519211158721
0.0654488778912059
0.200753899798932
0.0696794510803465
0.113399984424312
-0.14902349758842
0.211109956694338
-0.10495575352215
-0.0621065596313339
0.101736916335094
-0.0205395644607967
0.0266147225412264
-0.0747884617773249
0.128734009541827
0.111165848412958
0.111382581650613
-0.0129150656266003
0.0272808585833436
0.205540764474143
0.0321633213437905
0.0460815234159986
-0.0585324853890015
0.0255686793170988
-0.0154591388656664
-0.0413191767521528
-0.087309492923011
-0.0792890427296006
-0.0381995827287019
-0.0189888559969623
-0.0751236974692895
-0.13967929444662
0.0108783928129541
0.139360100429774
0.107451294980513
0.145085127946844
0.00680371124331741
0.0795724074691227
0.00189773697824991
0.120002312127242
0.0272445098854222
-0.00580676072394123
-0.0505559874855812
0.0169979970289298
-0.0693077434818304
0.107657846448515
0.043383046866461
0.129929974744735
0.0862639230564457
-0.010206336549751
-0.0291055271496435
-0.0171785831326752
0.0561990235743876
0.0642382568047803
