-0.151845926876614
-0.080178105211152
0.150469692992201
0.00605856094766991
0.147648560951179
-0.110198071830605
-0.0140984845673543
-0.00438582055583035
0.0264445963583993
0.0291091954603134
0.164110910657136
-0.071696840675926
-0.114555779782964
-0.125890676306814
0.0657796662577717
-0.0820272932406819
0.0340763031589767
0.0755031072198261
0.00200417454233286
0.183313422464586
-0.0959584100230222
0.0433154769049791
-0.00493324278964022
-0.0493970793089934
0.151238677306994
0.181728102252109
-0.0997947360828364
0.0715028166109928
-0.0182439986432464
-0.164427528939938
-0.0490847200068716
0.0244461755385049
-0.108257650888038
0.211702108038685
-0.105626303743477
0.0877495921137718
-0.0763619751898911
-0.0124237750977417
-0.181790683914223
-0.123759140795735
0.00684065607127032
0.0141077756589906
0.141669858664927
0.0468799801886556
-0.0543587800379088
0.0785600404413578
-0.104248214048567
0.0243299563723641
-0.0829368614311889
0.0499273279682329
-0.167536831436631
0.0654954159820925
-0.0734813000801282
0.142881380442981
-0.139945850440155
-0.0701241104351835
0.0327088115754781
0.0421194963072686
-0.124633444094395
-0.195132107978667
0.034544178364564
0.0788985325643032
0.0088720776171587
0.0485345779603432
0.0711488925306875
-0.105877490732655
-0.112120286773646
-0.162952828385626
-0.0623873128762761
-0.0552705260401742
-0.115614441580932
-0.109900754885685
0.0171029588614619
0.0657513767613393
0.174997031168905
0.0356712945211139
-0.0242561967895216
-0.0498273521572956
-0.065931256135312
-0.0866781564778232
0.0351710382345302
0.106130802072754
0.0257992462104069
0.183595330189363
-0.108053479388602
-0.10337769401492
-0.127019075500354
0.019672030254202
0.0207105204065994
-0.0293554243387152
-0.0522184943827404
0.131954813580564
-0.0754511582939396
0.0859763901442298
0.207554154880451
-0.13095592654373
0.0377254149753341
0.00324557459371057
-0.139718673436516
0.113050046882067
