-0.0853908975006912
-0.00481605217512399
-0.00120777883119417
-0.262125709314398
-0.0539093993985822
0.123928966588009
0.13878891848679
-0.035958997254712
-0.141097952648053
-0.0932804489621023
-0.00390639277999759
-0.0871118848185342
-0.000196487875333106
-0.0425337976020835
0.00867413023822971
0.105225524205795
0.0939137209565632
-0.0279200050250933
-0.0139032407324149
-0.00171562975587661
0.0134123531460791
0.110535328037365
0.107229934953135
-0.0544892880615298
0.0878353988390038
-0.054535609347374
0.00466857766319017
-0.231243219634086
0.0293908406681981
-0.00852588883053917
-0.0934519629050068
0.00184516203520764
-0.10220816928821
0.0729430793946852
-0.0791224958388947
-0.0623250172273728
0.0677257058933644
-0.179062922267878
0.0188160185515299
-0.0970639665136836
0.237973270152203
-0.149387639465957
-0.0797802122163103
0.00401187769137583
0.0309710173964842
0.0414670116312152
-0.0444520438147028
-0.0174282723592016
0.171346689030787
0.196746756191024
0.0628132050324366
-0.15240793576834
0.0965809663829803
-0.203894756363946
0.0557189442762981
-0.0762741464776356
-0.140576679238719
0.0612231136837415
0.0398243910449779
-0.0476592662459891
-0.038860234616218
-0.0655384837636489
0.222673549303471
-0.0251594315289737
-0.0138611165987233
0.0347883742147839
0.118216486289298
-0.146763963910661
0.0352219245937473
-0.100374574581226
0.110314245216505
0.0765071217818424
-0.113447548201877
0.0433814802294611
-0.0894451210133143
0.000689270227002545
-0.00860381274820609
-0.121545154704523
0.112871796246692
-0.248303042469185
0.180304656299981
0.0383205925528002
0.0476660095965662
-0.0179491867277853
-0.0173387672266318
0.0796431759015329
-0.107966674727704
0.0325342867756913
0.0743828277210325
0.0160043119130421
-0.0592434746136573
-0.0493042523841767
0.143750034002721
-0.0120759480772598
-0.192294881348019
0.00983186731309603
0.000324625984919212
-0.0963400492440866
-0.0728772081881731
0.0774384392930578
