0.0977350720782961
-0.157130542298086
0.0814514754706044
-0.0775220357566952
-0.095549028845144
-0.136660610254848
0.0101258597660857
0.0757630859654663
0.0806129772275777
-0.157268161178954
-0.0721394950464742
-0.0182371314169639
-0.0401690331807975
-0.0301682010195882
-0.0912272481199858
-0.106136408436565
-0.0284559726097668
0.0797954248174955
0.0426283700268499
0.177667705480094
-0.00842170856685636
-0.119619523944804
0.0333996068456636
-0.0964335943751542
0.0918638873706613
-0.0662194710013155
0.0127872833224349
-0.0467622643821988
0.155634563025433
0.0649765838638135
0.0356909308646036
0.156288417611993
0.105259847005809
0.0719050094082245
-0.016995082483188
-0.0777012755046536
0.0504727518306054
-0.159309529674442
-0.0549581329301745
-0.0472459948746377
-0.0829343970948763
-0.00715529172478987
0.00397386413276404
0.155025499227146
0.253533094957412
0.0161663789372914
0.0118903525223725
0.0186965306965911
0.098703893044032
0.154484278389991
-0.0488797982498419
-0.180181997143762
0.0039994251492343
-0.153518618088838
7.88495481648042e-05
-0.0214986639834192
0.0226676035509253
0.00160820347915101
-0.192396764853476
0.0561318725963353
-0.0489816912405346
-0.105611208201656
0.0283815145126951
-0.24444709283759
-0.130926131370591
-0.0299284040762978
0.0733538943032975
0.00649705183079425
-0.167413540835744
-0.0748052231616687
0.0771409784765833
-0.0286804342627711
-0.208718202812137
0.123395046472792
0.0554297863044189
0.0578049026362512
-0.164765639594325
0.144548373707245
-0.0832773918332769
0.0656052743687804
0.112812896832645
0.140357906576713
-0.118155436995732
-0.0726001561616595
-0.0281820776178116
-0.241969464491119
-0.101807921603588
0.00790579005404517
0.0487023058611313
0.0330648292123227
0.030904688009932
0.0990971799841282
-0.0919612223829263
0.0291614983614945
0.0441733870931356
0.0612736713337968
-0.0427325621679147
-0.106024795767728
0.0109138951063228
0.120961816841827
