-0.0529808549561476
-0.176059997038515
-0.0376240806702341
-0.0325024774526639
0.0289088601982007
0.140474637517916
0.0141888227871522
0.171952481223138
0.169291351490899
-0.0562562529759493
-0.0527669723501917
0.0519846552175229
0.117263654788798
0.065713438122727
0.15553759210692
0.0498271856823847
-0.143684917597404
-0.116936746215888
-0.0718460862681813
0.0920098510476059
0.0397291338212479
0.0138270250684663
-0.104073531091245
0.125855388041906
0.151893877369121
-0.0866171412007146
0.0239708154231087
-0.0828289922913641
0.0959114607691766
-0.123848645964067
-0.00289771242264214
-0.139940078404464
-0.283344787326364
0.0826298758051874
-0.14722443976166
-0.0839368610160601
0.181544473831482
-0.0748184327110841
0.0508763670351554
-0.067918289551852
0.0159040375663229
-0.0306350492697013
0.0294542903260576
-0.00904198554375261
-0.209638179950698
0.0898790019123556
0.0572362837797418
-0.0813454735270889
-0.0197174425059185
0.0815345748090159
0.106400526130111
-0.00450089609846852
0.0346997183708014
-0.135866329073983
0.00856471993411664
0.0155311832029249
-0.0713393992772395
-0.0122441133039706
-0.020389313517227
0.00459623773336907
0.0582289087801495
0.124570191983197
-0.191313514598173
0.00713885119333881
0.0292808793273464
-0.0607895566766562
0.00888023134227575
0.0243736982994039
-0.0554090971945842
0.0239772731117486
0.172432360981226
0.0180467797093191
-0.076002676768734
0.13443802074747
0.0171205590831704
-0.00543453756079322
-0.0165226842840905
-0.154197765581918
-0.0515069475219389
-0.119156119763033
0.0929392705395092
0.0673768338269286
-0.0483328182811681
0.106813484237109
-0.0602148818944063
-0.0429318092175244
0.141145593419096
0.0892614070436688
-0.182706038036909
-0.198945245409693
0.0593065336209603
0.135328982851143
-0.0590241068268846
-0.0756217882896417
-0.18000699827582
-0.0784245275243195
0.044696972659417
-0.149395037607761
0.127113165438415
0.0160076961335036
