0.135835065859257
0.031887585417751
0.0762432118906107
0.0100592073128973
-0.0710772343594406
0.046286935872
-0.262628886192775
-0.0453296288331494
-0.294052063013881
-0.144218408849754
0.0522042666555078
0.0103356694767261
-0.0384024382590615
0.0838205495069075
0.0323810620506596
0.0434196659805485
-0.055973894387088
0.0967961558044227
-0.0471468735241434
0.0105275568049059
0.0196970984444916
-0.0962019371108233
0.0459450981376182
-0.199966024417527
-0.183284955061268
0.0733434871068767
-0.0201861661349944
0.0988018531408113
-0.0254626562228246
0.177409544890754
-0.0783156403896439
-0.00685884104207679
0.072135729083549
-0.0111155445138857
0.128511869809612
0.0374489133864692
-0.11319374041612
0.0809632212238723
0.0878904395958687
0.065503434055077
-0.0170684002757246
0.0282911859160511
0.0381216609630003
0.0476861724624628
0.0667065969242084
0.0357096058176796
0.0958934307634388
0.125077001411962
-0.0494005194019507
-0.0458381564544416
0.153293887868428
-0.0877020781216443
-0.066726150443336
0.00341164800803315
0.0749779548115399
0.0785252402391692
0.0464516102454051
0.00611364183030188
-0.121855535298474
0.101263269666949
-0.0903624897687431
0.163150977086258
-0.240677899067736
-0.0830365715053681
0.0160139508363941
0.231320257235339
0.00989111402318684
0.192639861837829
0.0117677445815245
-0.080850092673991
-0.0688464174344294
-0.026356953463787
-0.0175189866530696
0.0751455039623181
0.0251966003026718
0.0285775162634995
0.181066704170596
0.186517981843238
-0.163265430803191
0.115041532958802
-0.0925448785566371
0.00570187243292149
-0.0533514247640889
0.028276586519413
0.060896337540904
0.0485679443834452
0.0201524830652456
-0.0942606410767358
0.113160104041737
0.000167488520142448
0.156587265687431
-0.100942678885848
0.0380089478369704
-0.118999331522891
-0.110239473717002
-0.0498499579219388
-0.0484099731290943
0.154645139387215
0.0256636364191
0.0413970380112903
