-0.0574765018142184
0.164468128062497
0.0541098254909093
-0.0871517350214233
-0.0627282815798749
-0.205850655849438
-0.0558793547514541
0.0912475554992501
0.0520819496853719
-0.0315469261697256
0.0715740855191207
0.160053245349586
0.172823687185587
0.103018987968974
-0.056859855286256
-0.0306813826829138
0.233677775470763
-0.0872674806423356
0.0418145060193604
-0.0276698525177883
0.139866748980539
0.078534705334168
-0.00992163962064532
-0.0807317020062857
-0.0545239100516
0.00582436123100039
-0.198545297302695
-0.0529044244279697
-0.0738954520056925
-0.0912219812134219
0.19005396907848
0.191522551460543
-0.106000949376655
0.0400508925251426
-0.0190556705472579
0.127916771922112
0.0814555488201944
0.147619650181701
0.0189787993446261
0.071563355806687
0.0915276537731439
-0.0567303049612866
-0.120865149338822
-0.187114736293688
0.132925356999949
-0.0216033147078599
0.204630389202201
-0.10147873886553
-0.00674991896403457
0.119013199237845
0.0264392359145267
-0.130396015177263
-0.0489908595536352
-0.0379132712341484
-0.0679979625111891
-0.0689854768694355
0.0587445733763236
0.174105771849457
-0.0173394909687774
-0.016523266067028
-0.0412051067909705
-0.0748589226523359
-0.0380208635637255
-0.0175385898714431
-0.0184877400386664
-0.0191003129899092
-0.170393987349942
-0.0531327658739939
0.0733740876159393
-0.103442564720228
0.103957041994351
-0.0122729881357987
0.158442974222177
0.069202743362127
0.0963711378023538
0.0673164234278979
-0.216211702751007
0.101556834554406
-0.0766164718978195
0.0146750247646446
0.0563555468520866
-0.107975579550757
0.00502054273215187
-0.208165212734976
-0.036272119778264
-0.123409833345261
-0.0323142969383199
0.0847064953643802
0.0751039729253427
0.0235278567902941
-0.0769227726219441
-0.0232741769361433
-0.0914631712245125
-0.0642381058220277
0.0908995580220468
0.0127216866533069
-0.0655529626961499
-0.0264734172979339
-0.0956118989528202
0.112776009064335
