-0.123573720637728
0.196662149053678
0.214082505752029
0.075112266735271
-0.0399386726998156
0.009686221927574
0.175771361341925
-0.136808180744307
-0.0241822340886
-0.0859917196913157
0.0442551847327241
0.00901478008680428
-0.0657884437453496
-0.00756257082710391
0.0469529839088574
0.203824255123988
-0.078555978316615
0.0394437915645616
0.176692021426961
0.00480260526275966
0.0443686302550164
0.031942094941179
0.136812403402501
0.0979057264057629
0.0283919538524453
0.0314006080619987
0.0462335579391351
-0.062031519266721
0.0731314970405731
0.0147268633655586
-0.115459924933525
0.0560791490467465
-0.0198951461727378
0.00718595548664226
-0.086474841227651
0.0909414079955405
-0.0766542280200763
0.142529746741737
-0.123773828134566
0.0741860907489303
-0.0455434498965266
0.0144403479201705
-0.0808311401262407
-0.0995363410685068
0.0666137878956716
-0.0590154231086633
0.12722019935181
-0.200027199431737
0.257028405038118
0.171740769835046
-0.0101952596347485
0.0428923610530329
0.0283684695427001
-0.0762178139533201
-0.15618647091683
0.0237270099376689
0.0160203723299014
-0.0859838037414874
0.194173895562607
0.0538503579016663
0.218041716781058
-0.036880655867965
0.0893720070911532
0.10101609451419
-0.0557899581336539
0.0842275187178438
0.127789477144841
0.0349489939239568
0.178141749964437
0.0371473412791015
-0.0922270384084476
-0.03955657180241
0.0527258894441276
-0.0256204257154483
0.103106434253056
0.130441188971205
0.0392704337223404
-0.0396005791614812
0.0683237875059709
0.0448029347328828
0.0248306412279691
0.00246114235397739
-0.0788294728134401
0.149302118027343
0.0226355310254521
0.0533804975365951
-0.100325551359103
-0.00352007349555225
-0.067376679794671
0.0520514207989271
0.206987838562227
0.110750488243719
0.101325799027191
0.136352572574406
0.0849851588883812
0.0501570534052248
-0.0612560009602969
-0.0906937236905758
-0.16208429800257
0.0314923597786963
