0.0387964679004376
-0.0483748718816159
-0.11713099555132
0.0223152941878811
0.181959820937415
0.208953363272394
0.042121238371761
0.043794567522768
0.050877279704542
-0.0653864347872034
0.0881404385736323
0.185022249525025
-0.129417296921931
-0.0091803015162855
0.0443106510078718
0.0477790170537169
-0.208729993360701
-0.0281522466194795
-0.00437732605799466
0.145949441358732
0.0767939262767232
-0.106577486272499
-0.087832727331438
0.20325248954852
-0.145499161778175
-0.0651044052844717
-0.0600191719233366
0.0127334271560996
-0.0854443116609022
-0.0259468906739512
-0.132396388622802
0.000373241383376575
0.0179542681058976
0.107454620878506
0.0234708842147327
-0.0314116136025875
0.125819504553036
0.0725556918499478
0.0748460091383766
-0.104491922078322
0.117624561553668
0.0777549999018715
-0.0204977297846361
0.0573826494000892
-0.0536723578407574
0.0668272081324464
-0.08444219879806
0.114587158138783
0.124847848628077
-0.149783163724379
-0.0439357540633029
-0.0417264931269386
0.0704949207595052
0.0294682307372295
0.101197690266138
-0.228013168492306
0.198356305835596
0.0230023806748177
-0.0768664808838062
-0.0212269132670143
-0.0498995370751762
0.0122008521966088
-0.101602720175836
0.0846305597303131
-0.137781357224706
-0.144144932404734
-0.0787037291146782
-0.120253895507303
0.00828466477367842
-0.100590880274642
0.070939271553105
-0.183174068534226
-0.117924236650026
-0.0822517901688208
0.0161848344416552
0.0582971181017674
0.123869418954814
0.0659151687176962
-0.0515768888822461
0.0543382397078427
-0.0207912148701751
-0.120615663263507
-0.221126871830521
0.057913751732155
-0.00886901367256183
0.0446580164341582
0.206929437898251
0.144419966156598
0.0229882504104294
0.00971256738560159
0.0944407546994582
-0.00426253316673131
0.151197945029251
-0.0078810643883302
-0.0688696041449799
0.0192401932607831
-0.132324286099841
0.138170770588548
0.021029130795808
-0.010155923219276
