-0.11268083659601
-0.025946371591384
0.00525128429473976
0.184388377946151
-0.140776848439104
-0.0609022580166433
0.0197728127853632
0.0389194752514198
0.0185189074408496
-0.206013727371305
-0.0289661671588
0.0720442669021829
-0.0670062756207721
-0.147378778998587
0.217522659767638
-0.0366747697011175
0.0464586832965507
-0.0506211314005809
0.0107493241310556
0.184529741302748
-0.00112488571319144
-0.0894702789015629
0.119644220892633
0.0562135624283389
-0.136912341102292
0.0383710599668066
0.048246775860214
-0.0504360374529588
0.0556582051388197
-0.120701366076776
0.00652728700126816
-0.0882002115958127
-0.015371779631902
-0.0515153210795674
0.153074971018801
-0.152445180123233
-0.0330564795160238
0.095082800575175
-0.160941148089625
-0.0219457984065449
0.0827138839171257
-0.152607268932273
0.198542041148383
0.104093529068163
-0.0713050848520966
-0.0199495740237955
0.0373843387316562
-0.0732338471440361
-0.00896626502748959
0.0689939774654743
-0.0916127473798308
0.0872156775570173
0.0743032355628487
0.100705577701753
-0.0939718003082169
0.0875017257830358
-0.0921912659234128
0.107442411414236
0.178522590115635
0.018625672940514
0.0651886098813517
-0.196531647301358
-0.144964530205661
-0.0165681035966329
0.131269507596461
-0.0977649639285253
-0.0192661304862669
-0.159906864550286
-0.0587030900362697
-0.0393592133968441
0.14808861129716
0.0251491526927973
0.167314793765649
0.105510942865223
-0.0120230270170122
0.00340119722497259
0.0304900282000065
0.0879277432517232
0.112251978302433
0.121981305999349
0.113745781560419
0.0555882194565914
-0.064464243124365
-0.010155078444042
0.0406883178966224
-0.0799285120604622
-0.095153512869375
0.00639980167339914
0.0171637768279103
-0.0305922880663932
0.0484769427151682
-0.0988152057238253
-0.172792002732722
0.0416320655608974
-0.0133194450588007
-0.069678948768469
0.086246653216373
-0.175244569325877
0.0435209791726973
0.239307813445349
