-0.0629509033217525
-0.0491175699102679
-0.0716552951331673
0.0573058583874525
-0.0250342980514099
0.0498191868683071
0.101410072415127
0.00310483910630074
0.0744136870751363
0.0967033478380183
0.0515934120945823
-0.204771671583232
-0.0207899373336097
0.0630685155510273
-0.0852657020901197
0.0793894119243331
-0.0191547647200875
0.000377831513827488
-0.106142150109182
-0.0418869794457893
0.0601757752329779
-0.0372262140651075
-0.00960424971039246
-0.0157267705236831
-0.10552812003163
0.00592364513380503
-0.0988904858370709
0.0193353864577478
-0.00781575191922232
-0.063453448237016
-0.105062048862133
-0.0687529444575236
0.00928041908668138
-0.00432577827756931
-0.0918078515072741
-0.221369893025878
-0.126381793788474
0.122025953943882
0.0886645457690983
-0.0502039235883292
-0.0210160723793936
-0.0459133793067788
0.0648413606269003
-0.0223082581667584
0.0595664563332139
0.145786290149666
0.0225384836699812
0.117178769577566
-0.202346563651149
-0.394286678895785
0.0660367051144961
-0.0208976097362202
0.0369901174537236
0.133956782795973
-0.0207291898058509
0.0341456441015817
0.0955896037808761
-0.00905233543555229
0.0474542766959938
0.0385824563130066
-0.0590124835614497
-0.0855258018739827
0.0431842776199437
-0.0379766403871951
0.0545681099054802
-0.136157226333841
0.0173790969154915
-0.0445060737780133
0.0686591840069166
0.0525018101508572
0.119132855126316
0.109011370667304
-0.211050799423258
-0.0571083570805314
0.00326351524124822
-0.0257631210632721
-0.0665193004211762
0.221410143442474
-0.0553904934051573
0.00659349548928624
0.00656219820213595
0.13615660609539
0.213989939993385
-0.153284421011404
0.0174032994587409
-0.044993754764775
0.0515057767359883
0.0501392766627133
-0.248174659434544
0.0295119629880564
0.132378707475781
0.133436803683578
0.105558926281773
0.134910256666922
0.040112253554533
0.0824954677458644
0.0412841054929662
0.00670336072224735
0.150350822627617
0.150087540858893
