0.156386969620601
-0.116914481056588
-0.118973836763751
0.143080454112996
-0.00134487341256057
-0.0536686639458672
0.026310233110775
-0.0209880886966976
-0.0762527584135341
-0.0549566716860115
0.123110237148788
0.097171379396494
-0.0261484324201721
0.000565138571889771
-0.202025919872676
0.0440685949449603
-0.0996256868614792
0.0526146362302819
0.0806822978206877
0.0675389943548722
0.080215009484786
0.00978011099302544
-0.117159307612333
0.136526068790656
0.0854702969546427
0.0198502872949595
0.168980152748749
-0.0263008219228589
0.119466734002651
0.0380210687513831
-0.0322159133644178
-0.0312151885761231
0.0696162876841806
-0.0450099760421341
0.0789972044644027
0.0282252032683682
0.245451267816596
-0.0792201707734337
0.0234688454585179
-0.0867153028850176
0.0459430493503391
-0.204991218621472
0.0294405139126605
0.0626126114905634
-0.0770523074402376
0.0265680847580855
-0.0399385361080237
0.023662737140943
-0.0327421255511871
-0.107126311060101
-0.0829993741855058
0.0766606318408081
-0.0227208061042795
0.0362267834113062
0.0431649670747929
0.163177112806715
-0.0946374278669881
-0.117117486045245
-0.00695309284711285
-0.17252369144511
0.0525008361706789
0.208402374118115
0.133096216942722
-0.198331001765629
-0.0413887176022562
0.0554007997197151
-0.0430040557282261
-0.156404636049186
-0.0576017801755769
0.037156546413306
-0.0947666892068187
0.0358542316861718
-0.0555125261025004
0.147533441217623
0.0750801682558686
-0.0341511942815803
0.141042963963687
0.142170184310039
0.0274118090565471
-0.0274275021278259
-0.100758324571932
0.0615304989925754
0.184539635474665
0.024409280844576
0.145474640379266
0.231736894042306
-0.178451818489356
-0.0720039872612282
0.146128550780647
-0.0273005533153724
0.136987029927093
-0.0909209460619962
-0.0100060836145733
-0.132687218526343
-0.0163179415951458
0.0164975980769266
-0.00682215932520504
-0.110272744582499
0.0429927857857635
0.101069816291946
