-0.145284738199425
0.00716511486762153
0.073526510419496
0.163643001112876
0.0265162289346684
-0.146786078936865
-0.105610336451385
-0.171682544603238
-0.0631249166425695
-0.0129059759186604
0.0159295262157076
0.0529795739888749
-0.0163997126521934
-0.0393921501064967
-0.00809150092279728
0.186537557517236
0.111146094213855
0.0238281739919626
-0.145844795648411
-0.0176033353472477
-0.0988426059515187
-0.0972286948547783
-0.157720587418357
-0.00444288573862028
0.0307936746279184
0.168200303831302
-0.24958496310436
-0.0409638782785367
0.0357411649092332
0.0883393987249566
-0.0164541599085333
0.140458963013984
0.0310817162946258
0.227757858821642
0.103719362338012
-0.119721823748782
0.0674470691733201
0.0480200649627496
0.157304138088393
0.00597232432253167
-0.0659077731720586
-0.0413796961094669
0.0524889121346971
-0.0817666336574161
0.037522988591517
-0.135552635531696
-0.121758485810478
0.14029692779989
0.0295025873519063
0.0786619879065405
-0.116702242734714
0.0716972907108903
-0.108975931592533
-0.101633280857083
0.0939181220633702
-0.00485105555540089
0.00882376207835363
0.0536113812952064
0.0722198285749674
-0.0335295381619012
0.0336590212391368
-0.0231786884727818
-0.0830865939857143
0.0195537542410342
-0.135192422557242
-0.0850657011471318
-0.0572287252218004
-0.201421347019613
-0.0132510204701777
-0.0379373172894428
0.113615510910519
-0.140258844881327
0.166045453854768
0.141825112237568
-0.0484798340425193
-0.218023412065551
-0.0299768542694986
0.062863141228521
-0.0922091292961645
-0.0693586873513398
0.045678123189831
-0.00701997442643764
0.00153459332541242
0.137231420262261
0.00542450536776386
-0.0270750188692595
-0.101769654644127
0.200562347257597
-0.0309326602475598
0.0168755935521682
-0.145082003927466
0.205547189207668
-0.0039159971855392
-0.00384651870136053
0.0111554480620036
-0.0562308850226356
-0.0297795940375303
-0.00597971678907301
0.0738250459615389
-0.136639322160005
