-0.056880200839197
-0.111520064055275
0.0759197976032066
0.0364391645985236
0.001640132659383
-0.099945181790232
-0.102511072029336
0.0712158583140723
0.276604555215225
0.215236317969758
0.0349742463288345
-0.0449914836720667
0.0513224054664758
-0.0828896001000683
-0.12558350469904
0.147092888453457
0.108857985015171
0.131463629569272
-0.141571101048757
-0.0319806784109413
-0.0592003882104731
0.0581328710061005
0.035545645311989
-0.12158615329309
-0.178326787418715
-0.0348645918231656
-0.0740755035972235
0.0454259466297454
0.195657031477527
0.18957914679989
0.0170716541689134
-0.0578766142391764
0.203696704179053
-0.00618891880833864
0.0115596924584756
-0.11592892685188
-0.0440612311026262
0.0198851459148336
-0.0133717623247758
0.0947703660904248
-0.00621210307719533
-0.125038806954699
-0.0882080977431119
0.00667598638255541
0.116335774457515
0.0287079404232287
0.0184932000547447
0.00672832551325327
0.0228748719654712
0.251515633778889
-0.0154123515390059
0.123123364075947
0.0092097047993968
-0.00559146022811403
-0.108010232839811
-0.0561325436518201
0.0787415100726769
0.148982887766043
0.123939942672107
0.0729220833225228
-0.0168582954088047
0.0187749328559548
0.116441773383276
0.0276392176234445
-0.0590071621440928
0.151335831196407
0.0976714613368498
0.0227609127967804
0.0549576742223075
-0.0278703106927704
-0.0414420832836665
0.193174375813058
0.000491800618482792
-0.0163152621440815
0.0514288444635628
-0.0341775846246306
0.181162088289299
0.0217241743495455
-0.13115720232699
0.0533557513177481
0.127233854558686
0.065847740019703
0.0790341105656006
-0.0650969998146121
-0.0551144084757877
-0.103195120309069
0.0186591172739032
0.0412042473730248
0.0385817499680261
0.249983243861576
-0.0353194612629477
-0.126250744544855
-0.0128890234543718
-0.0262765508485778
-0.0376761760505658
0.13101149318604
-0.124080851085801
0.00584894575421298
0.155068834483264
0.0244776540704691
