-0.0741995413814844
-0.143316475327295
-0.0225707745699044
0.183783304525418
0.0214122229608348
0.0277823730143567
0.0182938467900278
-0.063053162732229
-0.0573491815001948
0.00313012466428426
0.160552187397389
0.117324532970682
0.0314984556795923
0.0362126613505199
0.0890017821150549
0.0682396788669877
-0.023941567489864
-0.104828624278289
0.130678145142493
-0.00822390320260946
0.0243813582832887
0.112544853694455
-0.012852309920641
0.0211747548479684
0.0148658910363566
-0.0674129532688922
0.0174880684162964
-0.0324496191569215
0.159958338473001
-0.204327177075664
-0.147838432845692
0.073356333859279
0.0922172216980045
0.0404207262032572
-0.0500529892843685
0.0748926309013681
-0.115331236436264
-0.0515008546209712
0.000662810269101185
-0.0023643096169929
0.224829088746739
0.0576944410087961
0.000997838187124668
-0.13521272294479
0.0120752829320132
-0.0284102591827068
-0.319495210527101
0.112577321648291
0.0303712908036645
0.189672284118198
0.000210700716113158
-0.113934552652082
0.111505413741428
-0.0326958781069507
-0.015087769531993
0.0999905916526442
-0.0529909870128654
-0.0703812414569148
0.0331742224148558
0.0581214244980204
0.0626381831448063
-0.00109356503568809
0.0419102075243872
0.0892115861371787
-0.129103512495375
0.0967367319183559
-0.0506151468251708
0.312851518811634
0.0782107612875016
0.264484012450178
0.0177733280261887
0.0553404840182083
0.0770018747554479
0.0137711520814104
0.0824489141874214
-0.0816981339991387
-0.0517049213877039
0.140407586855518
0.0284292057855197
0.152425445013964
0.0379402739703735
-0.14493031674742
0.0852903027112606
-0.0233567176765761
0.0656238778679302
-0.0650657946406472
0.037768411022909
0.118325217981647
-0.00565917274851403
0.0308241305256179
-0.0287390008377787
0.0111007242809953
0.00413999553424881
0.0319111803779205
-0.155286038146769
-0.125794321042427
0.0551638519078328
-0.0780374591757905
0.157541304986893
0.0924329333770095
