-0.178757373984714
0.147304314004809
-0.103783893346478
-0.129184289165235
0.010823422213561
-0.0365991102496325
-0.199185122956215
-0.147052954785418
0.0542354432658609
-0.0458844052615795
-0.0101408100358558
-0.024666512842166
0.0764213832587507
-0.0698307978630553
-0.0503077971050961
0.145826688755235
-0.0234464219603567
-0.0133483190528327
-0.00814674065050939
-0.0264071119029192
-0.0397162821750328
-0.241876899823105
-0.0428187723306469
0.181455457444744
-0.0944046505881775
-0.0576241963560753
0.00106384212752453
-0.0162374309938734
-0.0735528606136611
-0.0942630511896442
-0.149326402066463
0.0748933983444496
-0.0194984665808526
-0.0483088805673819
-0.0689075700916614
0.173663033452577
-0.026926322738944
-0.0135984568345711
0.171460606634076
0.0318165445683399
-0.0959529035555641
-0.155137755463975
0.0915961342151803
-0.0876691334140233
0.0093539319616852
-0.0954850662475584
-0.0102622441818887
0.0446109536576232
-0.0577656610075266
-0.0657893059213813
0.0386567381826445
0.0406375629092579
-0.170624222580884
0.0821940818491629
0.159949108708689
0.0188317008367333
0.0862940295092161
-0.0884595223639714
-0.097280308733846
0.0138652876925092
-0.0665349480855977
0.0297721800253092
-0.203111972065669
-0.000898202215147582
0.0505160660619705
0.0864450260789639
-0.268790303035444
0.140225169454427
-0.0145224132543275
-0.0331612923054542
0.114038829158918
-0.0358838413375059
0.0422083633400874
-0.137279606722662
0.0889121119111046
0.128170611544706
-0.0417639458057046
0.0751804230474788
0.0379697764887724
-0.0713842988345203
-0.0597349614664956
0.0518389444333106
-0.114729781719859
0.0281489153227633
0.155444950730261
-0.00866960709454304
-0.110214300991047
0.0491477208639063
-0.0217221411179136
0.252059363757834
-0.0283904741040087
-0.0500150209561425
0.0541897600333965
0.123993254039874
0.0846692549544236
-0.0136587059896881
-0.131411245289977
0.100595167837244
0.0775879197069696
-0.171137385928905
