-0.120330665209804
-0.0609342911300197
0.0176768135722139
-0.205894625339196
0.13892587174469
0.000418183979232057
0.138563572790547
-0.129720134956039
-0.0328208105505904
0.13448658353737
0.0476496186757597
0.0219675862810073
-0.110052803107932
-0.0609789803658705
0.0856175316517837
-0.00990913807327212
0.034068254823155
0.0328278907831077
0.182734238797542
-0.118236059162909
0.0177549972547541
0.0284863654402438
0.0279861948950054
-0.0215830006302473
0.201283525072228
0.176630777688418
-0.261960760376558
-0.0241343068902406
-0.128003545334139
0.0810585997423008
-0.0622206236471672
-0.02050287906417
0.0833444563634295
-0.207086611261819
-0.0559663965706716
-0.0763246298883558
0.05278927169152
0.125139187405855
-0.0307140740599266
-0.075377511577812
0.0908217103931717
0.0275064007826441
-0.150007133240817
-0.277947819087846
0.142071388220203
-0.0724587262386779
0.0223681363609114
0.0185628042662938
-0.0339057922133748
-0.278856515049998
-0.0867000395044433
0.0516700972753574
0.0989903329145976
0.0247129281890183
0.0376439890993233
0.0276890451704115
0.0804823714782613
-0.00413346780234374
0.157677226568289
0.0442210272709564
-0.0438238024895749
-0.0088780904024677
-0.0961315735658408
0.0185496181466114
0.0860550563237297
0.000261669293404459
0.187278416263017
-0.0148082404038061
0.0493013851269252
0.0551255457143452
-0.0432966737612176
-0.0586707485552134
-0.0953907054598754
0.0821053115785908
-0.12469052579995
-0.0781714072434266
0.0346586206599084
0.127228754156785
0.00896360608864055
-0.0194156113162826
0.0481391623523166
-0.0415720617010101
0.0767811795336594
-0.123086685208788
-0.033051016008129
-0.115466111365166
0.0734593917302019
0.0325003723470068
0.0289662711868435
-0.183240953589519
0.00618328094675637
0.0585699689668212
0.0450464315463775
-0.0277486805040101
-0.0679695458068331
0.0632510250828933
0.0711403154745844
-0.185667211380007
-0.0615682951223663
0.0743682525696352
