0.202777727303398
-0.0095895436494265
0.154957424970333
-0.017120182204464
-0.0420454323049456
-0.140819984894885
-0.166645263119448
-0.0708684623594118
-0.102334691258043
0.0204298873437132
0.0920020664379116
-0.0468762149380287
-0.000256966659793809
0.0047470371113256
0.0657354764796226
0.0332418045455118
-0.123402530427206
-0.127210851211661
-0.124945093223395
-0.0295548971938286
0.0231361739332945
0.0315863410957081
-0.128312083290453
0.0259651172603939
-0.0733651672450389
0.117296222326096
0.198399097776526
0.0743256248412352
-0.152492554329494
-0.0401304212136052
-0.0787188836266601
-0.0822416455883734
-0.0153300358459739
0.0171196254150978
-0.08971212683284
-0.0962875787836546
0.0721939855861377
0.154758275830318
-0.00578442696254107
-0.0570462762426773
0.0415246244155683
-0.0845703531670135
0.0904286705481224
-0.035773475278814
-0.159787781792296
-0.00765735020040499
-0.0639368185015123
-0.180299584634949
-0.133533802846262
-0.0994054114096944
0.143186764611497
-0.0831039341562207
0.0948777971148975
-0.0589791853787275
0.0555528525376039
0.0910057838296701
0.0801045522463895
-0.0126833239248817
0.220520730906946
-0.162122232764305
0.106556010214987
0.145651943715481
-0.135501807242007
-0.0343992130471094
0.107403224118811
-0.0699566833077214
0.0710213721604405
-0.105331454852079
-0.150753737425775
-0.0272487010315936
-0.0118569170588819
0.0256075126991446
0.0639593583319153
-0.099765171472124
-0.0757176601409507
-0.125806827584753
-0.0592916696535071
0.15207478321346
0.139323349441126
-0.0252380681776629
-0.0402740863634467
0.126553906833835
0.169715253945414
0.177318335116305
-0.112106750511269
-0.0465033314569157
-0.165262903499167
-0.04503090552654
-0.0389022447956507
-0.0938697199831796
0.0443153797561421
0.173203589654397
0.0459107633803357
0.0561324795042678
0.0263511471677203
-0.00870000245078799
0.00840113811659604
-0.0329123444316346
0.00258873878790216
0.175283830714389
