-0.00713088734437388
0.0611858359747943
-0.106606144481627
0.0244637008945919
0.109141581996814
0.0463799342779768
-0.0393646134299629
0.0571773845493972
0.0669536782377513
-0.0730144904844023
0.0584434266754154
0.012670006549693
0.100346407323325
0.0407573371657542
0.00830115732341455
0.198306425969404
-0.0631778870672011
0.00371799121083626
-0.0438682836368437
0.0821252183526744
-0.0983994239315479
-0.10005575835539
-0.13943320719927
-0.0231926866488379
0.304133165851062
-0.116418855497096
-0.121446666705467
0.0420952660674631
-0.193568781026648
0.0662950685675968
0.180632013838288
-0.0263011347391494
0.0315109369732834
0.0855156618206229
-0.0296142229745978
0.0741684873906976
-0.102716799613299
-0.00503909319901342
-0.0421651661839606
-0.218734129493545
-0.0923653011839597
0.104663924783484
-0.20084203437471
-0.118495249194377
-0.0414600042757935
0.00878449414291759
-0.0335252683980681
-0.110376494756868
-0.0885078263002662
-0.0491934595234721
-0.0746503763723267
-0.0366938696246349
-0.0068364277946741
0.0644456717966565
0.181018629756953
-0.145004364412409
0.107005394083227
0.0540986793585887
0.180299508607371
-0.0672974742664657
-0.0677488812511646
0.0566862251752951
0.0949258655065669
-0.0647917632071283
0.00943823664554234
0.0653962510416647
-0.0725771553035443
0.12126711738496
-0.0305896376251032
0.0156179555270123
0.145137455592792
0.191647741118949
0.0390556677980275
0.155490992486426
0.0335205884138963
-0.0107265171854135
0.101407736366187
-0.0936235418440509
0.0377263405429202
0.0348866378327476
-0.0515571773671785
0.0871399755640595
-0.0370665753339658
0.0239977443258122
-0.000506591287568472
-0.0719802929399371
0.143721329683339
0.106797501111391
0.0903017790137912
0.200690434568522
0.165073530663512
-0.0948582810769705
0.106113437510811
0.0305343101107047
-0.00917125864229892
-0.0719016463927653
-0.0134107515704224
-0.039934644899392
-0.0138001067281647
-0.231997757239649
