0.17406366812478
0.0856889032681988
0.110549620687688
-0.099059169245227
-0.126883071881207
0.131910977655812
-0.025177411243928
-0.0207866324519093
0.0181922651636391
-0.0256500235459248
0.107212305536704
-0.0251149153773638
0.00295779557791349
-0.0421274940898709
0.0924904709537932
0.259985329222195
-0.082384931756196
0.00979707415006467
-0.0653468640246279
-0.150327887000101
-0.0273543666533916
-0.00520239810236755
-0.0120686395385179
-0.122021201876512
0.0623336165040399
0.0869998595869669
-0.0127259266908521
0.117784841916682
0.0506804849317915
0.157708005545202
0.0839712787761616
-0.0306115364879335
-0.0203670349451682
0.0803494477088197
0.0103252549812965
-0.0417913687972974
0.0787631300140881
0.137022908539356
-0.0917856008000315
0.0745822763267281
0.00300737837382409
-0.02386744518388
-0.0144696207469268
-0.116187355963073
-0.232377361552952
-0.00105715781543054
0.0318555421638956
-0.141837895568559
0.167299199303888
0.234610495580078
0.117095006927923
-0.0288925030528423
-0.147592887219683
-0.0514088597089488
0.037876993005564
0.0452617644251861
0.0350209351544595
0.112266736464558
0.0459348576484626
-0.0309164798582477
0.162100536814134
-0.006415452373483
0.0173413615606884
-0.00624611939104349
-0.134621098552328
0.0689067197109141
0.0484791450864749
-0.0137873235411765
0.149939017020293
-0.100093821464163
0.109690602733967
0.0629297045356769
-0.0734231034209058
0.168342414431927
0.208962122218705
-0.206902896539834
-0.0281314841009457
-0.0459617852356442
0.0217883259825071
-0.139948029594558
0.15194660322707
-0.00632239137793807
0.132059496666085
-0.0775950221219051
-0.0197248630231589
-0.0305663567322964
-0.0870877421307471
0.00923177079775099
0.125190290965248
-0.0247162744770463
0.00366122998850995
-0.0209361489510364
-0.193222940062456
-0.0229719563365479
-0.194289925557907
-0.0996835501625039
-0.128841026912389
0.0642216743013339
0.0430572721836442
0.0238383214804126
