9.81193642949222e-05
-0.0384078439683496
0.0382800641317212
-0.0481566558915563
0.0751372578561242
0.1859996279523
-0.125579828424301
0.109612619788946
0.137050626284366
0.0135460448450446
-0.00713923091394188
0.0376570691544805
0.0362083609992632
-0.0891514993805644
0.107518846722712
-0.0041163253507687
0.160493345150351
-0.0907652495448022
-0.0919065557552894
-0.0637003466330263
-0.0357065522522178
0.0393387646348962
-0.201508094414435
0.0185059081442761
0.0439881224719429
-0.0308862887706712
-0.076300802433078
-0.0743810714087945
0.0235477439767772
0.00949848289376714
-0.13088531987251
-0.138003026260323
-0.0755803536230367
-0.0826246033843828
0.174416574631727
-0.0176451118014975
0.0505874986037196
0.13287438657309
0.10170332663481
0.037030907849775
0.233469487449672
0.12450676924561
0.0208173551625891
0.174617705148167
-0.0371974843675911
0.0650989184443425
0.0649414822141923
-0.0739736045099343
-0.0187250892869463
0.0451307627054197
0.136735237590455
0.020796605926353
0.0754330851153333
0.12806443257462
-0.247404469530228
-0.0484888030086618
0.075595822407751
-0.0449132392817361
0.207452355109031
0.0980037114586674
-0.0912591789647407
-0.0292200074778728
0.140764533584904
-0.0800820139772939
-0.0125726755500764
-0.122422257546341
0.0273387497865722
0.00889920210690384
-0.0505462009734534
0.00646899897064457
-0.0537096306081909
0.15810713650779
0.158988810274659
0.0936047825978384
0.19941773105987
-0.0274269522036609
-0.179015512222007
0.0894651283004512
-0.0240559288237676
-0.0604777720308387
-0.104511607901098
-0.0145157869628765
0.0225211340423334
0.0926774988082504
-0.0808736287137818
-0.061388536919719
-0.193541779115133
0.125315372894436
-0.00819806093081627
-0.00558885200457809
0.0662623970861887
-0.0224856831101365
0.0444168695985306
0.0278280718030355
-0.134686726967132
-0.081333835596479
0.0103052843950011
0.178095770701854
0.0199709848390023
-0.189711951691631
