0.0967743095502451
-0.241075631436548
-0.0610092535454256
0.129721594099443
0.0359246746517077
0.0857665389955368
-0.00199634982043665
-0.0945228390406429
-0.0032310871235442
-0.00676679934675712
-0.0415518387574472
-0.0503417914890769
-0.00591646430891525
-0.160240704945993
-0.0017548377379732
0.133577201398209
-0.0485988882852484
0.139421832897897
0.101730652805895
0.128962209835984
0.0961787907192497
-0.0983445357499972
-0.226863656909425
-0.0292523288815266
0.0290595063824414
-0.120535058512375
0.014979237510882
0.199215330848809
0.0344400033795814
-0.0595781192996495
-0.110908684504491
-0.151576130876823
0.077232609840762
-0.0728833813723093
-0.16121294717411
0.0874902378343531
0.0474079444838283
-0.118369175187089
-0.142379516578918
0.0291476334980006
-0.0111608562403149
-0.0624301370317577
0.080124190572213
-0.0186399140448356
-0.16523555666353
0.04069875814622
-0.0515983292365528
-0.0740534131564772
0.128632613299379
0.0428302701429616
0.00863892249088782
0.0305642624804725
0.0799928773602609
0.0211686026613488
0.0302385070369525
-0.0899931066974218
-0.0234093654630314
0.0977966274684164
0.0406111228475231
0.0141992791688695
0.0125647123157095
-0.0378162054063634
0.0642196324887786
0.00259056155255779
-0.0358969772632088
0.167972526360655
0.0614734094060533
-0.214656600162399
0.0260665174849976
-0.119611831289875
0.0097261302395731
0.174448565514452
0.210781886427573
-0.139449416063649
-0.133501960121621
-0.215189607675379
-0.118258194732398
-0.0470113823881226
-0.170528320565031
0.0259724639392227
-0.0453378561767419
0.112587014934327
0.131681484085384
0.0942765934190761
-0.105953426335097
0.0573164175152378
0.0847088125063207
-0.0636053551551442
0.078725862781339
0.0129291276958284
0.0294376495141873
-0.038852145764007
0.0492293208734829
-0.0454975083912105
0.155553848837763
0.0433558984693173
0.0859937476086261
0.0385037922265712
-0.166393064412121
-0.0816302387365042
