0.102477877992128
0.029600371332064
-0.0693833866553532
0.00222176883220763
0.123197233028355
-0.00573704789745676
0.22341395978579
-0.153184028487499
0.0423896769751136
-0.0637666523654396
-0.230177942682879
-0.078886402815382
-0.304220694659652
-0.00614563386534424
0.129811492566271
0.0606485831594929
0.130146560464272
-0.101114942605995
0.180799628823415
0.0272147204350759
0.0818713849091456
0.13296921104418
0.00241923792946187
0.00379050798322887
-0.146671911778314
0.0736443090941254
-0.0744553577811943
0.0188758001590175
0.0707587154443282
0.0898229984616336
-0.160504279573744
-0.0856672659783277
0.0574467882690851
0.0789336223922373
-0.0737471549249325
0.14422959304717
0.189281174937024
-0.0232562831818076
0.101114151057731
0.0364686193243219
-0.0917141882309941
-0.17334271794036
-0.0320912697181763
-0.0888976809830973
-0.111340071500196
-0.0852201732636199
-0.0388648132973133
0.071582922890628
-0.0346980273262684
0.0407951333468879
0.00145351798875727
0.0473606817818954
-0.108868899093545
0.0353213015008642
0.0351691147426015
-0.116069074286115
0.264697326642507
-0.0864236358474259
0.100123786186072
0.0129515132931698
0.129017635045974
0.0300884529746906
-0.0402585323425413
-0.00620352942464157
0.0675014236160642
0.156251942425402
-0.0323620546083795
0.0928103007968945
-0.0414929559115436
0.0637030304003693
0.016740419193886
0.0330668883041151
0.0461467252327766
0.0394953230018075
0.0621718863410785
0.0930237419071571
0.0692312656753507
-0.249654397976702
-0.0911261639317702
-0.0205094037158375
-0.0484363298840962
0.004691004960835
0.0224900020066379
-0.040693744778423
-0.0496829026600943
-0.02251875700731
0.0421942371809827
-0.0614896762370734
-0.111212672963423
0.0756730911812266
-0.130322137787296
0.0033791486329675
-0.0903188244495411
0.029517414764804
0.0854265837623203
0.129834451537262
0.0311163306119461
0.0585271542835201
-0.166858523888435
-0.0661003852967012
