-0.0548113225679646
-0.0600571561151159
0.00580445256753154
0.0326292601130717
-0.0581197288718281
0.0915617982526542
-0.0897169491213491
0.00678738546151137
0.301048611451984
0.0347219528543692
0.0805771180593966
-0.0561044913492013
0.126583992635232
0.0229595082258333
-0.162558452107275
-0.00724235328052893
-0.0236572974564852
-0.0288514963832226
-0.0763933592084855
-0.038116936889134
0.0654376209958652
-0.235986908409307
-0.00726722029458362
0.0048568847926195
-0.188255544400702
0.0400193875056529
-0.00569386396823727
0.0514800282948315
0.0757584080336171
0.263628022385662
-0.0574098278271813
-0.0594050940247223
0.0150468282845056
-0.116688752895451
-0.143252558789728
-0.0372727594107871
0.0361356999819847
-0.212207635908411
-0.0544971820079672
0.0610518738336236
0.0265896356661902
0.056473719260714
0.0146046276677144
0.0604060144210348
0.100414131856991
0.135848076442815
-0.222958889240785
-0.00900993945620636
-0.138180540221716
-0.123260502230627
-0.0283241360688565
0.129777612132258
0.0451331111221356
0.0224545239923731
-0.173686620070045
0.0296797755182029
0.0344265265680071
0.067645369425225
0.0403248875761943
0.0386569165987365
0.0488535419215705
0.0693455501950967
0.0234031051325318
-0.0606004583065375
0.144176205362557
-0.0868862208903469
-0.0476187971830643
0.037254164776984
-0.190428739207102
0.101268419190581
0.0891149903281089
0.133114269869664
0.146027905034125
0.0886987453051032
-0.000397673672410314
0.012662194269331
0.0414574741843424
0.0464390545768715
-0.032078777561077
0.0138741009781532
0.270595403279701
-0.0349542070160699
0.0507469943117913
0.0429934760110293
0.0232543208620731
0.100542990024837
-0.00708029815723136
-0.0319970781771006
-0.11012608464555
0.0656109214465583
0.0472740160043259
0.111092712438317
0.156923773475663
0.0991496483030982
-0.0802951578924002
-0.029090568618013
-0.0334158873507244
0.226424627311576
0.0218993109027778
0.0434096742841018
