-0.0958568058138332
0.264872691480052
0.0207681418683775
-0.0083595639083429
0.183082037218054
-0.0480606047173068
-0.0465489855469129
0.0478019742144271
-0.153746962524204
-0.14970319664857
0.0658211553510905
0.154864330867296
0.0636918846744349
0.152571596169446
-0.042218069866705
-0.128803672947866
0.0757329401524437
0.0614626538829248
-0.091295308816671
0.0306441789085401
0.0656577722361232
0.0272937752033453
-0.0994540102825271
0.0487906410361582
-0.0407337833189769
0.085777002524345
-0.147846779010786
0.0780491368518163
0.229300871723976
-0.00508954076962276
0.069072656067954
0.0172910889861114
0.283744827391715
0.00632020506051747
-0.0971239190911654
0.0679191165764567
0.120062443287298
-0.118046898149099
0.174205755021059
0.0305455424241727
0.0102815621253318
0.0498138578302583
-0.0439697001664895
0.0419122396230194
0.0844341568309317
-0.0550622764470008
0.0615621315355132
0.195973663303978
-0.136269613615777
-0.149054334360101
0.0584388784840461
0.00864296104730275
-0.0342646701485162
-0.05746733194433
0.01090797762409
0.162201407135328
-0.122068573731068
-0.100703159824873
0.272783370746653
-0.0542055131500454
0.0395069237227844
-0.116110983470923
-0.0371731636619316
-0.0221990228350937
0.0273073392349218
0.0528506344225895
-0.0707628736167136
-0.0604176050175587
-0.0184779613087823
-0.131880627522197
-0.0604152747740206
0.037036086729605
-0.0117172674742403
-0.137806064390621
0.0701622851945871
0.113040711919072
-0.017985046369648
0.0808842202753465
0.0456005934012992
-0.0477198355184621
0.0977794157636201
-0.0283422796683322
-0.158342120144765
0.158174418164009
0.0260109751617158
-0.0922998442081699
-0.05143411354518
0.132085755320194
0.172815810657597
-0.0598025586712915
0.0232489045446861
-0.0590620452462491
-0.0164403170564325
-0.0546953506007081
0.00691156469291386
-0.0397547739436398
0.00299549117833774
0.0132839346269454
-0.0631203998779378
0.0491494418042408
