-0.117338500769633
-0.0547447074456041
-0.0884206455427151
-0.0452643504753241
0.0530625796348296
-0.0278070043106737
0.0179307429681049
-0.0951401222652125
-0.137036500142369
-0.0108523352505066
-0.195475455541253
-0.173851900222131
-0.0333466246534108
-0.168333141036386
0.022496618154491
0.0844872899735955
-0.0964192515403929
0.00297842305578979
0.243198967673126
-0.0624439633972993
0.0570370629537294
-0.0701142625794122
0.0556605433933052
0.00659894382077258
-0.0358697272344391
-0.0307237219022566
-0.139012399162512
-0.149214845545245
-0.076108433682797
-0.0503312643682059
0.00357167900069222
0.017845018911548
0.0467823879627175
0.00383405380729269
0.0517381655909537
-0.0462153401129903
0.231223020148313
0.0535133107635038
-0.00972130826965719
0.0108232072067999
0.0942355842171193
-0.127520779649166
-0.0579267734258283
-0.0632333802986407
0.157581786445958
-0.13553804997061
0.0286554612451905
-0.0064747472951317
-0.114747085654298
-0.05491463509871
0.198334678613137
-0.0641042241119364
0.063687141966225
0.100444122763136
-0.0682116958957727
0.0721669498664775
-0.20344349410379
0.195516135017648
-0.163991058400741
-0.0107978557605141
-0.00772025380969349
0.105402693493895
-0.0301828912540317
-0.100818694120667
0.146320676418094
-0.0886194706218304
0.00350240838645191
-0.133640241926
0.0741616547230445
-0.17280496062822
0.0710646359884767
-0.074290252766135
-0.246238667556923
0.0166133760340712
-0.0554046884689161
0.0275084195301774
-0.116635306929128
0.0840259459632082
-0.192656319481039
0.234567054975001
-0.100181248463169
0.109518195444486
0.0316427859158815
0.0452181766449796
-0.0448203907741526
0.0237168549528094
0.00572967406557859
0.0595899211255195
0.0516742064474341
-0.0693722350638859
-0.117740929422445
0.0548727167800939
0.00322240231501484
-0.0143084751212538
-0.0305933961996158
-0.0500191893859383
0.0792863675585087
-0.0203578235039138
0.0800655264426327
-0.0653055102210274
