0.199322156082823
0.103834625155351
0.0518984694151506
0.0504939159125146
0.0105285917231135
-0.19789254496495
-0.108677218143206
0.151240962328763
-0.0297373434370968
-0.086069639146362
-0.0169825942257294
0.104197482003043
-0.00968057763999771
-0.156863761760602
0.0427625655089478
-0.0717888109724194
-0.0273682852795957
0.0467249169753367
-0.124217297754178
-0.0843110619198137
-0.127485864823998
0.0193287081232731
-0.198290157476894
-0.15944728789483
0.0726674561862952
0.0486216031067985
-0.00642643202493455
0.0190423734836778
0.0369427031968036
-0.0835139616905136
0.132011079953458
-0.076279738529271
0.113801558176315
-0.0987759195421602
-0.157419017015714
-0.123494730919181
-0.022351299434568
-0.0446654654820751
0.0801745753141905
-0.0620441994038727
0.165026339975539
-0.0658051252766003
0.03124368515072
0.116762983876392
0.115966373079656
-0.0243565878699772
-0.0583553419366966
-0.0861858696694665
-0.0564154021989304
-0.133872742878306
0.066524421544778
0.167574240875864
0.0304365206050652
0.0955618521558617
-0.184702867594122
0.11985083825374
0.0365720983753636
-0.210565566970283
0.00743171828734159
-0.0784490276593016
-0.0403321539556863
-0.145032554613869
0.0190273537108683
-0.0929538754273492
0.0896857305808747
0.0377234246578119
-0.0787466248765206
-0.0988027223641718
-0.0488968323586427
0.0223891414126843
-0.00142884392224214
0.151181210539721
0.229409161690311
0.0144523299912913
0.120583978960041
0.165391738581559
-0.153313050978741
-0.019311553159748
0.0479564390095225
-0.145256826459438
-0.0178090466203428
0.127940716855866
0.0373353462078213
0.190512555561801
0.0249663762351527
0.00674116690444563
-0.0223703943112395
-0.0416334948837979
0.1582667883867
-0.113666154213256
0.0515494351028389
0.0390720923993478
-0.0979972255817611
-0.0125046791644359
0.096466435681378
-0.0413296257078872
-0.021610767640608
-0.0466892899451062
0.0877179378631003
0.0818848741779043
