0.0922283353808034
0.0878621734177845
0.0195059079512596
0.0478241290382176
0.119225445742887
-0.109039682561362
0.0912786572827361
0.133963197474273
-0.0514006013851035
0.109962619333983
0.0331900332966181
0.0975384860741525
0.00966244009782437
0.0222547750719522
-0.0505359754928006
0.0408050683690839
0.028275009592992
-0.140550485044003
-0.00763048350915249
-0.0969087210218907
0.0471015384999533
-0.0918057384294031
-0.0746868640500722
0.00292396050059134
-0.347984254676118
0.010207844998342
-0.0970356132090294
0.00674433382406208
0.061658163551894
-0.039220309800044
0.0680966081856401
0.169057913079281
-0.0670687314337021
-0.060222458115165
-0.00203161003160723
-0.0613639055349191
-0.00499687916872021
0.0556727002198967
0.0623166231922709
-0.00303435560554652
-0.00271106543736101
0.0159114338036348
-0.0443660646832593
0.0699011824305808
-0.0646630095964091
-0.0572768056415741
-0.0166893918762702
0.0287495519453466
0.0944634044866691
0.231004710413449
-0.0459980767808356
0.0931480216834673
0.0411902942209352
-0.0877118656157242
-0.142960508660152
0.0116248838055337
-0.0945020101510197
-0.107620370320051
0.0158619873500025
0.155706354815825
-0.0222283072609162
-0.0497940795597379
0.069966796342903
-0.0662901376610977
-0.0182591007797608
0.0247457798519678
-0.173978883311947
0.00444476206788174
0.181497423693042
0.083717313671619
0.0937604937539321
0.191992708248642
-0.0235009844766618
-0.106480967952563
-0.111955016580774
-0.184124997828072
-0.0559379148460753
0.104030475845997
-0.221222959267608
-0.0580416344998323
0.170615431414733
0.170356226967236
-0.076539509970728
-0.0956754347233923
0.0437407917435441
0.0867623819890438
0.0156482947867696
-0.0024019812861802
-0.159003431164964
-0.0735477013735995
-0.149581994962148
-0.171824780354415
-0.0572499480201523
0.0164942684737853
-0.0460345972721065
-0.112686138291769
0.153350493505179
0.120752024870512
-0.0715115311383826
0.140646510957162
