-0.0204120746347472
0.00223273238127341
0.131056014990819
0.0424443108717736
-0.0085141632329079
0.0803294149741275
0.0251555485112547
0.176425728476874
-0.0596347587103307
-0.00574533401363104
0.0468399408724138
0.0418273292374456
0.188398598520657
0.0795389283238317
0.0471389822222687
0.0576968456251002
-0.0416602443660441
-0.064672661075325
0.0767777739248771
-0.063275353690629
-0.088690904803836
-0.103072761281544
-0.157037518491272
0.246273192667231
-0.0389067508778184
0.0343434244935952
-0.0521562404413818
-0.121639762525385
0.139451948103298
0.252809301128633
-0.0320213231034648
0.0698266913986354
-0.0256153911173245
-0.00232783620934126
0.113723276180932
-0.22694930735041
0.108868229981459
0.0526553749788965
0.197864160454331
0.00567540300995324
0.191939386532301
-0.0602829053007095
-0.0850852262634848
-0.0011531381941545
0.0203102305015527
-0.0957748713439468
-0.0472441536268566
-0.0717656135173476
-0.0649156711646856
-0.00377230999879872
-0.0339560942834803
-0.126668742555634
0.0343586614293859
-0.0416018292798033
0.00972925218374052
0.114399936112271
-0.073670525340279
0.0173312871917395
-0.0964169094184626
0.0867693939358518
0.137116022841329
-0.101978646533276
-0.114018539209457
-0.074238531966192
-0.0485465739248137
-0.0102153727397427
-0.0586256669910108
-0.0355727429600877
-0.0536094073286483
0.146342233215058
-0.0386358656519332
0.0072923508583299
-0.112686200837514
-0.0652664380597201
-0.0922170236440606
-0.0126330979428959
0.116688534491637
0.035977677692126
0.0614324533391514
0.22486579901604
0.157021247228196
0.0903873916063773
0.012151911281052
-0.0497033782671994
-0.216683646169238
0.0894146379923768
0.150747194708429
0.0348196445947111
-0.0283473937350879
0.0207616077106487
-0.198382315784936
0.0377113332287109
0.181400374927118
-0.0101362808412356
-0.0574467729950369
-0.0474980124232858
-0.0539084253861825
0.199958803949245
-0.0310496999259454
0.0178952786173754
