0.00546816969154776
0.0886728184333994
-0.0214127018042024
-0.160659231308639
-0.0130105180863502
-0.132516835990623
0.00182704190140188
-0.012118590052
0.118399857949037
0.019525178641084
0.184872184365131
-0.0117897020856616
0.000331197160390003
-0.0112977430536336
-0.000844408156858747
-0.0697013520577309
-0.0617181937939495
0.134588164178016
-0.0839576211923261
0.0631616443205539
0.112271677034967
0.0879917359563414
-0.0341625106862551
0.117405218048895
0.011914168104764
0.120606854103275
0.0740544153631694
-0.139105643700438
0.154170887835752
-0.102867306983607
0.00562947264882125
0.120001943035651
-0.0410654405483071
-0.00352418212476383
-0.112572081484385
0.013241905844194
0.10101280458767
0.142214239079902
-0.167763028062977
-0.0657234456467023
-0.102798514763114
-0.175522673638371
0.00964208576025609
0.18155608543905
0.162866887943894
-0.0959589146035984
0.0238601703200461
-0.0441434015606625
-0.206911830291979
-0.0980151314754616
-0.113644216014975
0.18717876302109
0.100180239831272
0.0446226662932735
-0.237649427036849
0.0437122539482983
0.0971916990332876
0.0109475658460261
0.0195303566498708
-0.0382388246286884
-0.0151163943107717
0.0332491584285886
0.144646965946673
-0.000903100223015465
0.113410051143922
0.00341890882196741
-0.119335684686491
0.0474923486080966
-0.0773996900086507
0.00298128122003048
-0.161041075435845
0.206786640800583
-0.0428524646101115
0.0143721082181265
-0.0696854386559541
0.00775912785954563
-0.0200699852723645
-0.00469656718350093
0.0451599515484312
0.0442793314012838
0.0169078954407083
-0.0890452427787381
0.144021561688593
-0.149537571191894
0.0971911733527752
0.036255387020051
-0.082933636443483
0.130556454222156
0.038780814096461
-0.00304210560552411
-0.0717003578489656
-0.0741861081511784
0.00847750187998146
-0.146348545370561
-0.0107102952605658
-0.106169908199595
-0.2497310975334
0.0001038778887525
0.184952654942835
-0.00747188819313429
