0.00961397673491846
-0.0184849001148017
0.199673897781705
0.0625284664482355
-0.108482300728203
0.0263785795783018
-0.131695050298733
0.105294425290454
0.0538744418839057
-0.120110315799039
-0.0541900362598065
0.217525138168718
-0.116644933161894
0.216324693958171
-0.0303940785130987
-0.0230912737759307
0.0592727312232029
0.0422783568478268
-0.0212831046714812
0.16192356174781
0.205214415552114
-0.031962393126986
0.0110804203032683
0.0841746635425095
-0.0069690608387707
-0.0890763655809611
0.0300713590094399
-0.124791888454024
-0.0168017167132894
0.033554595081864
0.134807665528319
0.222706543898509
0.0473101002806124
0.218528230786719
-0.0191568700031758
-0.0354183634826454
0.0592579265488622
-0.0922692468060673
-0.0315096979114533
-0.00851832193129191
0.0733934167207589
0.0446624142406189
0.115371165348201
0.0403438031329579
0.0112306046465253
-0.044087208514537
-0.0405790137851094
0.0857730012742632
-0.046523216284114
0.121235366065197
-0.0416587800104827
0.0346697126972576
0.0023348965881978
0.0616600933622298
-0.165903859487454
0.0319235252972324
0.131676732427261
-0.0605302926757343
-0.0565708139048889
-0.000829063564558454
0.0510546102397473
0.050494003781995
-0.161117606825065
-0.0393783462559891
0.0888779271765174
-0.0987635022268875
-0.0423581139099467
0.0285918522628642
-0.11306957879183
-0.0149199730861307
-0.038670539709138
-0.0183884192163091
0.173027177448739
-0.0609064074184808
-0.0298954066824237
-0.0408770863262056
0.126052394820233
-0.0701774346663942
-0.175744463843221
0.0584539173234725
0.189350054892694
-0.0305706960301242
0.140905466379729
-0.11314136089574
-0.00220705231261762
-0.0473123947697859
-0.069880221231461
-0.158322297068526
0.0321248826349987
0.262454413570793
-0.223658886918249
-0.118290053214939
-0.0377170562677407
0.0701898112993877
0.0657079979138738
0.0633517043338797
-0.149393145846386
0.0196354718485771
0.00855045109360578
0.0540125019417064
