-0.201675835773195
0.214280982982593
0.153518971362334
-0.0423704940446256
0.0848291125610433
0.0665825505638993
0.0310972593993754
-0.15082079384646
0.216769800081104
0.0123609555241066
0.0354205068914536
0.0605885728570204
-0.0897871432631072
-0.0308315704651243
-0.0536620223021538
-0.226908648236286
-0.0550539751459148
0.0145798766124627
0.0698439958138672
-0.143341688325308
-0.00566332284895156
-0.124947350759118
-0.045942064284646
-0.140687638206251
-0.111338516087061
0.161384712709799
-0.00144797381004759
0.109114650780135
-0.0868908072260971
0.0554087872446011
0.00235582717108537
-0.0529326454987679
-0.0677358166658344
0.0270445971954749
-0.017436863509424
-0.0247985537024912
-0.139475755450243
0.028377429507678
0.137584125488332
0.0424435561551668
-0.0636305850302148
0.0748292952912345
-0.105376565404323
-0.121923665593791
-0.145254853215302
0.142978195581125
0.0395674932915192
0.159495551358331
0.00181208310552047
-0.139267753173241
0.0219008734636414
-0.0489468159413314
0.17785159823359
-0.0122395785264803
0.133858570859434
0.0232773835575126
0.0981058327689845
-0.105195795247291
-0.0870934042656591
0.050718226192344
0.274116536306365
-0.0316260346939956
0.0540073510852671
-0.147524591280018
0.0119449895897146
-0.0041762912728232
0.102793397197441
-0.0314552496672321
-0.101504866646345
0.0203383446740923
-0.0559374169948567
-0.0242648816263825
-0.172373545348901
-0.156424067052837
-0.146674239029755
-0.212032275589884
0.042717519737167
0.0239459881264087
0.023766977030945
-0.033011589513911
-0.0477357632903521
0.062795911750971
0.118976396946828
0.0385251076758523
-0.0129311562288489
0.0874175466798723
0.045427312677313
0.00892734090190055
-0.0839453254955125
0.0318309881701696
-0.0835416349987389
0.0611816908852451
-0.0541800939298431
0.107057706271343
0.0518830867344075
-0.0301234210702503
-0.107199905980752
-0.0587867664834486
-0.13118777112439
-0.00902899601494159
