-0.0999097687947975
0.152605748499723
-0.0423185227985014
-0.156952994499017
0.207691175377746
-0.000208720276527617
-0.0940498964282486
0.0514279934805168
0.121052182906113
-0.0429666558665372
0.0717102953899898
0.146764758745654
-0.215608962303721
0.0275490384680272
-0.111772623984645
0.0271829697606904
0.11058545023646
0.0399702632950573
0.155405757125216
0.0887970103120102
-0.0571580445362618
-0.104065839046223
-0.0810611596572093
-0.0139227349200839
-0.109583275632642
0.0619399134452632
0.00699710295255184
0.0904455784673497
0.045550726614529
-0.0135221360514542
-0.106443571776138
-0.0778248859304396
-0.0180669909392008
-0.131997424874385
-0.0622623672919414
0.0402105146549313
0.0758029118369647
0.0402672861867856
0.0375738588533983
0.125164543094683
0.12271926338311
-0.0827060103060393
-0.148430535357193
0.0402082279518199
0.175152818909685
-0.164376082944383
-0.0814679011448296
0.0220825331387309
-0.0196277103009039
-0.0345454432052138
0.02083971714333
-0.0101605199612912
-0.0473296946293796
0.00366076296457402
0.00295154927229053
0.157808488419868
-0.0956524045211244
-0.120407601745583
0.112014779045423
0.0570585842067567
-0.0240817360655614
-0.103316663466978
0.102292401094722
-0.0152300457927838
-0.173716937484147
-0.0623013789985665
-0.109772667873705
0.0248650446188699
0.0261034219874031
-0.100848891525144
0.00814399071031678
-0.137151606840647
0.164928785863383
0.0833752573056818
-0.096364858269361
0.0217988894909209
-0.00813672263442544
0.302115301844334
0.0327211105769305
-0.0293086628571572
0.136012238070866
0.000367697058118004
-0.0406120193563822
-0.207021085766475
-0.0244905715864387
0.0142046104982465
-0.0424015711366878
0.000693727790092246
0.0742975190504936
0.00354683921178954
0.0165585215234745
-0.169826279425416
-0.0362712190935128
0.0831828419584402
-0.103015472112976
0.143458819322826
0.197455238294131
0.0766211840771159
0.141940311017827
-0.0671160960529949
