0.0653232678558518
0.0556379422700408
0.110188254602905
-0.00304703602223881
-0.00327019641136395
0.139651751417047
0.0992666701439676
0.0940711487072353
0.126582953301887
0.0127911237911785
0.0976606362774053
0.131149441485038
0.135357228491473
0.0517012697147054
-0.0201517303363996
0.0334136310722777
0.047526863473081
0.0262427906568701
0.00767023994175881
-0.00249215325397699
0.232711469811897
-0.11970089368687
-0.0361031138155158
0.0592402047239693
0.18708998722552
0.140638079680762
0.0133129740547922
0.0092256047969506
0.0410346888674354
-0.10339556160629
0.144054252726997
0.109260937738498
-0.245808715183254
0.110072259095002
0.0495138073119467
-0.000664001441078205
0.0316419275401462
0.161442275675395
-0.133688189259895
-0.162889365446691
-0.0153985008732849
-0.0518001469372651
0.0188611804462457
-0.0542936522429221
0.0346487551646988
-0.0490405201623046
0.0469602825453166
0.0112435481836578
0.071713800401745
-0.0394915235828925
0.170170604041318
0.168187390457196
-0.0782722415426287
-0.00616280827903765
-0.0257272565261303
0.0786035398672524
-0.194401373217154
-0.0157107151388138
-0.305599853562274
0.0643700761905542
0.134792368742058
0.0808696062279415
-0.0518720179045798
-0.0398006137468085
0.071842866472562
0.0418787802079155
-0.0632253426555899
-0.043432224074631
0.0296059565492087
0.0867061431446093
-0.0787490749835961
-0.0274308003647001
-0.134808338722442
0.0218922355311009
-0.0328481013535629
-0.0192594289893226
-0.00769575382613195
-0.0135808521023789
0.106517837822145
0.0670950655646471
0.162434617247209
-0.101908830303466
0.10542019633805
0.00115935488575171
-0.221467271878027
-0.0569518369150394
-0.0782609881500643
0.0343212794647013
0.0574131172598315
-0.015482375697835
-0.057191292300346
0.0534080695525958
-0.0286908525515471
0.173074251379427
0.0731742347309195
0.0525702405402101
-0.180999826435855
-0.12486319009921
-0.097248243419258
0.148647995387979
