0.0776534647987729
-0.152946117935748
0.1581392386893
0.0209236599431288
0.0459365719826488
-0.135562767389617
-0.0580567556498583
-0.217348651938041
0.0197096043348286
0.0147051962618929
0.00872584096564446
0.0661016112179852
-0.115239326699534
0.101887810799137
0.108027805806171
-0.061012790418669
0.0763409276570036
-0.0727129296555956
0.166893818764199
0.142555921465074
-0.0276746109418422
0.00705787157359018
0.118125270186349
-0.066776444446279
-0.186831087981579
0.0465477939906644
-0.0777454512810935
-0.0544684903735296
0.0854730016465983
0.25088617585063
0.00667206097887919
0.0767481688246121
-0.0225777570813125
0.144267708245716
-0.10586307637446
-0.000743094410798066
0.0438348308824965
-0.0894212184042585
0.0596217493161585
0.00866017580611331
-0.00271363652684186
-0.0337704137638677
-0.0177976872962306
0.0975088054590453
0.0177559045252319
0.127000293336158
0.106802587596949
0.0211555469629711
0.0326668141327902
-0.226054991350479
-0.186661270679335
0.28882208494002
-0.0210496744310702
-0.0661806099473073
-0.075344414974981
-0.0255019991227649
-0.0179745408314485
-0.199834454044966
0.0248138848998935
-0.0639841984919205
0.0630242127110807
0.0356713156138349
0.0328951061808624
0.166814597415834
-0.0429677385887389
-0.123595140288475
0.143773877863611
-0.158875575926489
0.0856968669856996
0.0138236730832502
0.0305509181633766
-0.0351839301742673
-0.00180370725571106
-0.0480843033596924
-0.00359708676187494
-0.0879560235619546
0.000965780565454135
0.229511901198818
0.0535565175131339
-0.0491330454484
-0.0313634690259561
-0.0657085142368773
-0.0379759885787081
0.0597536780716132
-0.0738269173832335
0.12874798728117
0.0151166309870645
0.153759263733806
-0.0939809375705126
-0.0255599335932099
0.0669090927117798
0.0347343792292661
-0.185253865670769
0.0426171204511322
-0.057418884922662
-0.0121454686784362
0.0668637350173571
0.127364304471831
0.10100741822667
-0.0217961038159956
