0.220021391493022
0.0486065553966856
0.0939588143824869
0.0130801055627303
-0.0240445899001819
0.0226271118919982
0.0536045528089279
0.14468510107496
0.0485243227946922
-0.0278589385458905
-0.013267528797046
0.0402665708591929
0.0143587570181016
0.0443820176150918
-0.202854891849293
0.0728352768597498
0.029646749111496
0.0888901201518276
-0.150252187177434
-0.113530240720991
-0.168914100446469
-0.037286056517858
-0.040249806975463
0.0286629555846003
0.0127541246442024
0.0292198622466258
0.102020223641765
0.0577581538079695
-0.137856052521034
-0.195494166053013
0.105643622006771
-0.0206266473602252
-0.0986550530627799
-0.174556458713754
0.0340275609769107
-0.00196705032564331
0.0419918471952231
0.040830533023587
-0.0106261094639669
-0.00688445539323327
0.00458882998548908
0.0424838718424955
-0.0124803152621434
0.120386776779004
-0.109304697865072
-0.0271894166715085
0.0875341278764619
0.00755832181219289
-0.0935438667407338
-0.205178889308412
-0.133989743142332
0.0113118428652198
0.121499171174521
-0.0782308822674267
0.0442624811588688
-0.106534701746411
0.0202223230129851
0.0108054087761319
-0.159859142362432
0.103797390347126
-0.106760695863631
-0.0610794858459392
-0.0952456176420702
-0.138532511676119
-0.0501444866050525
0.08845813912243
-0.0618845251130511
0.197380686203159
0.141701296540424
0.163086123023144
0.174881845388919
-0.0228035446622693
-0.0085698523807469
-0.0126822123550796
-0.253303435421547
-0.109326246950097
0.0290497569850348
-0.0110431241704435
-0.0280309990944903
0.0660374942982576
0.0869995387264002
0.0180085213349302
0.0812496826787898
0.113035317577041
-0.0447998262601835
-0.172661112246678
0.165184502116226
0.0700800749236083
-0.0181615415087565
0.0411364362543849
-0.0944775751386767
0.0349680416717
0.00958366389011875
0.0148698639300371
0.00171724734516319
-0.0546334966366553
0.00531047240349957
0.212861637973113
0.232891407986764
-0.129171381675843
