-0.0364494216411352
0.0372978384207864
-0.0234666027612061
0.0905600714386506
-0.0504917990349097
0.200705883480208
-0.178795056540075
0.0395780552408369
-0.105769253202622
-0.148756631648531
-0.0442221545155252
0.146020776686269
-0.063816562894686
-0.0858000953433379
0.026646187872017
-0.00351421244905818
0.255547514509236
-0.0386885708530126
-0.27007007432123
-0.00478162077548064
0.0332052091129379
0.211053777336563
0.0513224147495914
-0.0565681762809827
0.085311632474423
-0.154834989621369
0.0516465110102795
0.0651718142296885
-0.0101463149260444
-0.103090867488431
-0.0778724602901388
-0.0368471354429767
-0.0981510022905679
-0.0755484579803959
0.193725687014446
-0.144966035567941
0.0419985753102861
0.0167576839548501
0.0244075472181282
0.0545728097047722
-0.0239559854122936
-0.0314323473862775
0.0450534038119475
0.0338179484937692
-0.0326144210873516
-0.0553978521906698
-0.0971405237553149
-0.00349634149084883
-0.0609874356512464
-0.0575280383551868
0.130090510174814
0.0287419853647988
0.0790416514052844
-0.210897431133444
-0.0943434299140005
-0.064146196397537
-0.0633399394361841
-0.0130121134839848
0.0660342844007838
-0.0688753586910174
0.0467951405604657
-0.0534226251032708
0.0471427704271837
-0.215003118751584
-0.022009218736329
0.0625783349328294
-0.111249214503498
-0.117067977962712
0.0899520019698667
-0.123646389991903
-0.0671198937092649
0.11685371660689
-0.0768691918311836
-0.00346058135475722
-0.0111174789352001
0.017822107177004
0.0259503314591152
0.00466408900174161
0.132069941356442
-0.0810779430364486
-0.0686849294346538
-0.109167926528097
0.18936685224216
0.00646077195235206
-0.0473953747465365
0.136470499512065
0.107283066493108
-0.145447823439116
0.0938757722616583
0.229427815399172
-0.129774718176776
0.0335534524938104
-0.0296163203904671
-0.0508800242178991
0.0241349202043147
0.0776049904636687
-0.100242154977613
0.0852847833002231
-0.142587899655513
-0.0801504247734657
