0.109369003326541
-0.0196117568825584
-0.102455746825658
-0.0210177120269922
0.0381926669311609
-0.0303797628056665
0.0624211460934401
-0.0265236360810664
0.0514203566224652
0.0343501673530121
0.00284193695047632
0.0167532877944357
-0.165642440134441
0.129551989660446
-0.0850970071308342
0.025755548891102
0.154884377023788
0.0426343609618685
0.0566145647177104
-0.0166884139257662
0.0082749742412737
0.0146221924707686
0.0265090383872564
0.105404210923309
-0.00324785780542348
0.206657299145432
-0.0414664980326448
-0.156954138051418
0.00125110867874838
0.0578329215955423
0.185433433678435
-0.154062272053319
0.0870308559540725
-0.0729920555439946
-0.0932616819818431
0.182331319860339
0.144204008447326
0.192583811436493
-0.0797476393119955
0.0202684842515388
0.0556215076024187
-0.0425050402288616
-0.0158922894526482
-0.0828893315212873
0.0640622746022408
-0.0361088635467714
-0.0084320301301873
0.191344270997115
0.0130943409414922
0.138802378473604
-0.0280863522368104
0.0113239782566797
-0.0887950254448876
-0.01303444672707
-0.0455982808215966
0.0454759814648333
-0.0593369954248575
0.169954352508068
-0.00808368739693129
0.217198755238591
-0.193093317764224
0.0451841942995399
0.0169091668363946
0.0765915080198323
0.0701004409901492
-0.273848603951113
0.0999205781494714
-0.17654765268998
-0.145565968093917
-0.0481246195315859
-0.000689154456750111
0.0280161925828161
-0.0621603941358693
-0.0944605875056194
0.0389054434114437
-0.22621578844691
0.0604489023222433
-0.132299090109794
0.150807344312275
0.160174425413906
-0.120538538880756
-0.125167854043238
-0.0326116852539616
0.0501345551524699
0.101720890244144
0.0586436760963076
0.0503553904090386
0.141554989390693
0.0336539289346298
0.0279922277160164
-0.122820675509238
-0.0736067801883966
-0.0664539737008291
0.0483304994471208
0.0452531073517115
0.10941760845399
-0.0665512911413081
-0.0523704779062433
0.0393633063567947
0.0885943452182239
