0.10414814249473
-0.081350968567733
-0.0637423661130985
-0.210009461247863
0.165382448276303
0.0763360643072249
-0.0526076164528863
-0.00925833740462515
-0.115102980368606
-0.0564792488971853
-0.0382443025297781
-0.115800192153418
0.00205636212591778
0.034492118707351
0.176880355011131
-0.124408094080732
-0.0167901845834573
0.0439268464396451
-0.023945733822009
0.016479806470521
0.0647740407242079
0.0514016836910465
-0.0280862224639522
-0.13703098056431
0.158608809894927
0.192116607545696
0.0171416889697839
-0.11064997136934
-0.0905336346281378
0.115331123326141
0.146501713578738
-0.124074274974285
0.0622064856769224
-0.00319397407845464
-0.101833290786943
0.198229626684432
-0.135965743098136
-0.0197915667261944
-0.136713059464606
0.118740848156166
-0.010160685867788
-0.0460382089096405
-0.0533476946646631
-0.16525415495404
0.0116950996410827
0.0816573495976713
0.0491542019537116
-0.170490078681063
-0.0494923968755051
0.0102268799301509
0.306053931277065
-0.0344438560186738
0.120828150886919
-0.100933268399996
0.0204171999074152
0.0165089151373119
0.174872450270188
-0.150876894845856
-0.0931756855955016
0.0438368338396817
0.0239201344724445
0.0103899659013994
0.0627620728306784
-0.0833447768393312
-0.123904838727291
-0.14500342291398
0.0200948505064266
0.088823696440823
-0.0157799259967789
-0.0177279764516306
0.077327126961311
0.0165978324003612
-0.0857542105836205
0.0241171905323197
0.0137022376903251
-0.0111526649449865
0.0602685827510442
-0.0119070235387166
0.0964079425123556
0.124647907146584
-0.148362837662836
0.157642221761984
0.0129513047255408
0.0269396276149804
0.0482214984819666
0.122721909283013
0.00484568765816199
-0.130201081310635
0.17408373826612
0.0177754524451568
-0.00928423439722972
0.0654660379933612
0.147021194787415
0.20671867061402
-0.0187374816515222
-0.0735898969574937
-0.0386692158487817
0.0543299878060811
0.00384086588760394
-0.0483864647456515
