-0.0511760290994189
-0.0570020982004525
-0.0423145915924187
-0.100627657255536
0.0864466865901394
0.229330298506536
-0.0344305302160186
0.0133881083841703
-0.0151468848992343
0.296515554181324
0.0726331444852348
-0.0220668434860058
0.0114938546833434
-0.196705702715805
-0.0288548480865672
0.111794819925698
-0.0374590579683701
-0.204242906468539
0.0992246004289406
0.142434814363066
-0.00877578107354566
-0.0859444387194898
-0.0677205003687163
-0.03762320926699
-0.00287799066254595
0.155342501942575
0.040926983471164
0.123292031613677
-0.124427099176241
0.0169033523893424
0.0180281709041144
0.0737832568301393
-0.0786931279374186
0.191028850714709
0.00266326796982617
-0.0946437162712243
-0.0107279691273056
0.0151566433351564
-0.174562633568298
0.0725742004686602
0.0650145654033477
0.144649183424944
-0.0336177039667423
-0.0905923068988324
0.0589388789728254
-0.00555143108253159
0.0854345055047148
-0.0699859615395764
0.117878778279504
-0.115451989109096
0.0301104672673482
-0.0713722294613238
0.0265032320198609
-0.0933519769508089
0.0779819346525703
0.194609951979655
0.0551000156837983
0.0947506578131648
0.00906787202962143
-0.0240970015571355
-0.121471307883214
-0.0228927576275356
-0.0255004031456062
-0.097205595518415
-0.0884339548728389
0.138946258408532
0.0056358387051996
0.0743643549475014
-0.0816956507650953
0.119991680103717
-0.136430069073169
-0.0805236256846618
0.0183043279239541
-0.0783890512985604
-0.135382365457511
-0.0884828382936157
0.122845058753606
0.0124418715166879
-0.0834349053840591
0.0497689869466112
-0.17720391847947
0.0694326605325525
0.128513818257559
-0.140670075270876
-0.0806463892220002
0.00424154960569949
-0.223109661435858
0.0854142152748494
7.0499917714069e-05
0.073338074045229
-0.0176746484167584
0.0232526640690224
-0.0347200691133816
0.0856054908241002
0.12829272023711
-0.110999291674491
0.11486263463956
0.0410463157664427
-0.0700072853768714
0.165069732498819
