0.084385131196291
0.0303199826118524
-0.0245981865694122
0.0962327456517494
-0.0992104099046137
-0.010458139514835
0.0426362875881979
-0.0793437205918608
-0.0701225854974887
0.0160467611416419
-0.179012522320866
0.129729002378732
0.0479390558806873
0.147800417683952
0.105153790893216
0.105712089635493
0.0772144564589261
-0.0301850187023564
-0.079864247438936
-0.121178123866068
-0.0671197753258792
-0.105815628238959
-0.0817689330114134
-0.0407431460036182
0.0835094237993176
0.0510292075089577
-0.0841193429493844
0.0573565605970933
0.0191668733715868
-0.041169391202111
-0.106198405486109
0.0465447296185223
0.0129658702374075
0.043850851620083
-0.140425165726497
0.20065222364186
-0.0190793581365405
0.0133218435337263
0.163910550197374
0.101788407677154
-0.120896127127465
0.0377169203364216
0.205857993043122
0.0940011372316709
0.037717650946978
0.239975491037394
-0.153846250873418
-0.0500096833164688
-0.0500787733066984
0.0128462079109791
0.0704818066279371
0.0731890451615825
0.139354984304267
-0.0266270754553212
0.0797121763180486
-0.194052636943547
0.0751329603417451
0.0521467693571589
-0.176749032851548
0.170640385502945
-0.139691872304376
-0.110247880564611
0.0799103384165805
-0.0767579979468995
0.169622003232189
0.0346850731659891
0.0677843864674782
0.0979281773497703
0.0231909405582199
0.0122189440199281
0.227615385972648
-0.104877546342024
0.0808595415167274
-0.00294581358357399
-0.00160254802316201
-0.103466756544295
0.031129887223081
0.0281244302599719
0.129916764922795
-0.00675478367864903
0.0570604174639611
0.114857173348219
0.122583160205794
-0.0580546166078828
0.169611262636105
-0.131390920400097
0.102929264488761
0.00542164392590498
0.0868757936924327
0.101323222915178
0.162279804225636
-0.0384277388230201
0.0242847849640242
0.00798129130028692
0.0202740412995984
0.00477160464371797
0.185998906948654
-0.105247205814277
0.0775384135800334
-0.0244912261001721
