0.0463554905824192
0.00538032364999393
0.175241628716586
0.0158789889268345
-0.012045739222907
0.0379134107525773
-0.056991786548594
-0.0273531602668164
-0.0259305371086924
0.025227087416157
0.0596572861672642
0.0424623297430912
-0.112085976486261
-0.0120462939691301
-0.0251901376618537
0.205293307176542
-0.0746275544365044
0.0295762743033926
0.0528316788175631
0.0700799182968327
0.0766438354176998
0.00428167358311412
0.0624660618560171
-0.0137500417978058
-0.104229933933119
0.0167401446182471
0.0296950760438002
-0.03719774791685
-0.220647663036099
0.102756964976626
0.0954029520747905
0.0435932822872418
-0.0320070110689578
0.184320922402422
-0.260100809912763
0.018622580136995
0.0577663650757824
0.207439061493929
-0.113467638872733
-0.0549658162196559
-0.0252553624484512
-0.0219183844169635
0.0271445240086873
-0.148235232801368
-0.00871586448455512
-0.0189984805578064
0.0102439693852928
0.0612060390533154
0.12448000209645
0.128206872785097
-0.0815501615857643
-0.125674056220653
0.0086531291613132
-0.0470297856760021
-0.0693113327930313
-0.151708026776624
-0.0685185196921356
-0.0995882163205889
0.12806940555976
-0.119262575663969
0.0151933775093905
-0.131075703596737
0.0639960410784107
-0.0500544034392586
0.164199942198245
0.0004419051311663
-0.0417145959737675
0.236971954585734
-0.122267601392831
0.0739060785715146
0.0280205701747649
0.0774376682880195
0.170857682187447
0.0377800239925131
0.247131706272328
-0.00234057258811283
-0.00152354696994031
-0.00172118343593728
0.0732309215536756
-0.262829175164099
0.0522792254429539
-0.0122354330636822
-0.0170894369376377
-0.0258647340087612
0.0576936032218716
-0.109868601961632
-0.0522295076497001
0.0608736918459013
-0.0643930782149206
0.162332489052749
-0.00136035597423448
-0.029987561615299
0.114565949886692
0.186328639248731
0.0569163509125331
-0.104708941333849
0.126724418368776
0.144204491224837
-0.0856308952102143
-0.0521229587202748
