0.0605250930748543
-0.169797058761148
0.045355548511558
0.0498422351957924
-0.102925307385807
0.102561906227879
-0.0547356219803646
-0.0564080386277818
0.0227783652092618
0.0792888430408503
-0.0746142772509078
-0.0803220199232575
-0.0544306015391065
-0.0406058837106829
0.0232199056313028
-0.0362811274554753
-0.243944626840126
-0.0443034073707487
-0.00807813044275787
-0.0730695597523478
0.0743870381314597
-0.0578290600570786
0.146237632651933
0.0283370406136216
0.123043788903939
0.0821180995409871
0.242786333141265
0.0809768211400616
-0.00975746543609122
-0.0734887507981078
0.0480045087531524
0.0580833159001873
-0.0367637835681461
0.165590680195812
0.0927807973369906
0.107293568408896
-0.147938538528293
0.00453413120063087
-0.108630456038034
0.185679152333027
0.020539378890633
-0.0672873223764057
0.0746141940978407
-0.0971375911706872
0.0284809046274141
0.0415651319413228
0.0929334743374328
0.149365715177421
0.115334845840369
-0.0683620951421254
-0.156669001340244
0.063099240266577
0.0131297387919245
-0.0439340820275475
-0.0923407433006631
0.0292206221159451
0.178216036090421
0.0304760547441859
0.0422554250766271
0.0128903056000025
-0.000926225065885059
-0.030562105105895
0.00949869664583756
0.00917495249238021
-0.0337591945311097
0.124524795997717
0.141766854297749
-0.0200922374806392
-0.122294591228513
0.0041787342473891
0.182703659058946
-0.0883603503913102
0.180973380505472
0.102106780492228
0.0639288325090602
-0.0171829571810552
-0.0799184240789045
0.157199755671873
-0.0416352022553342
-0.121993181077977
0.159553837041469
-0.29463449872468
0.0764185573615348
-0.0946345906522768
-0.07142067010441
-0.0132002235220906
0.0801550807789525
0.0528235419592936
-0.0407884041949365
0.0285239146832631
0.0620306192772264
-0.0751937080530663
0.0785165103835123
-0.177049384054806
0.158908634138697
-0.0276108930632668
0.0302430303375252
-0.0394487777257595
-0.0131331058081108
-0.203338833474961
