-0.132041690666139
0.0511617128218223
-0.0179477374087213
0.112980941077895
0.0584302836076643
-0.0562564380660408
0.147638642458689
-0.0270638865305363
-0.0233749047361728
-0.109843651153797
0.00698091024475726
0.169766440736404
0.11786348175405
-0.00606433998041251
-0.0314903363457343
0.00338944623667448
0.168565891171997
0.0594890499444812
0.0666904680396625
-0.0853504006465648
0.190002424842821
-0.0932427026590805
-0.0172152309085786
-0.0523209926672782
0.102908273584165
-0.0891283072635974
-0.0148556046607291
-0.0342417032918554
0.0975937907039335
-0.0361300948350238
0.0183904993215788
-0.0595964752382476
0.167654330087516
-0.0274411624905863
-0.0300781643271881
-0.0524238038152711
-0.127757700288131
-0.0419339337586439
-0.0150790056305521
0.0372146821875407
0.151481990108519
0.0300107522790616
-0.0892234135245513
-0.0583229283483768
-0.01548965958391
0.0199570711455179
-0.256956783613889
-0.161152632609946
-0.0284989266768412
0.0860797148750649
-0.0240153903117772
-0.271059466646228
-0.116646780308948
0.187273976386043
0.0760890677218521
0.15192072999714
0.0484071348877766
-0.0283129461792739
0.0235897279388201
-0.133392480966376
-0.0184738455572377
0.106663325319739
-0.0443027497454939
0.0105946134663458
-0.172551380679099
0.174934088081167
-0.0400682325800684
0.12317521775603
0.123271636378352
-0.0262821883707601
-0.141344467968718
-0.00993620031932837
0.0923686439853306
-0.089908768520351
-0.0432128121904764
0.00541109079175029
0.102653813902401
0.0233256050549773
0.0056230952418467
0.167982929748995
0.129605467699796
0.0863193557384302
0.0389559511331775
0.0286537989930624
-0.190031276060945
0.208883059977091
-0.122321900578396
-0.100167211767026
0.0639401572065502
-0.0432440882733183
0.129244770896848
-0.0857767330822223
-0.00684082162847254
0.00993391674043496
0.0566575368044265
-0.0589955324344277
-0.0926275496323108
-0.0141970789689849
-0.0372853238704304
-0.175218919630573
