0.106699245779102
0.137361096233162
-0.126938179403036
-0.00146518279852628
0.100666550430848
-0.0352527226022852
0.254554637195006
-0.0905588530114787
-0.0166498482048658
0.0216180436516336
-0.0568925492085871
0.0809739816729304
0.00654649987953412
-0.058940795905218
-0.0395604254471576
-0.0591728398159015
0.120090837615395
0.07973895804231
0.0198047976117931
-0.0207112373520177
-0.0226907004432277
-0.0961772104374437
0.0965270872006599
0.0381516643587139
0.290193820464035
0.00166553188071155
0.0110779657521041
0.0730975127283335
-0.0324238813880739
0.0479198354839341
-1.38056652062982e-05
0.036672725192865
0.141822946930008
0.105394079995902
-0.143307220040797
0.214808923667057
-0.0223021370121598
0.0305820722689621
0.0232500629433611
-0.124750512804782
-0.0280297208141563
0.0777064041043929
0.0325890519604274
0.0738713531738033
-0.000638611844568177
0.0476786288384491
0.198665000392616
-0.0154329647079882
-0.154644689486057
0.148649857499184
-0.0453757139241513
0.0351460162775189
0.0607582515752709
-0.160984397663719
0.0487614614478344
-0.16646517590628
0.00278097262098039
0.00372657009667034
-0.0588276475867106
0.168597405308058
0.153544303124104
0.0606444399615073
-0.0615589444956564
-0.0326718707675889
-0.00288031732324471
0.08156952436313
-0.146875718525772
0.0145285221023449
-0.229494851747121
0.0594074043301771
0.133803771526035
0.0740789563817047
-0.0642103485839209
0.172961565918316
-0.104430021429507
0.0931561005004599
0.0143918148468003
0.212712222719182
-0.0637386233979068
-0.0512364963735743
-0.0132883093915602
0.00131811806161361
-0.0588600096180097
-0.101559680746316
0.196556430953131
0.148419983267701
0.0288825664093767
0.0506979249294264
0.011076127388279
0.154932163906955
0.0554406743263843
0.124237122860906
-0.00349203104444704
-0.106729432594346
0.0298569176179508
0.0220259265795007
-0.135173592193807
-0.0329858201494582
-0.0353874640222812
-0.0446395033240955
