0.0979173446875889
-0.0147066318591858
-0.0235885492818684
-0.203264128366963
0.223411641203478
-0.00156259085841669
-0.00125419040769184
-0.206507737403712
0.035029832394467
0.0731727364521995
-0.0705017569417838
0.0887658110639579
0.0833349325463496
0.0345552014705362
0.0310630693694075
0.0726545365547125
-0.0661847399238631
-0.111552251405195
-0.119837633496201
0.0443368728103811
0.0798220305716882
-0.00221743519757442
-0.0781618365708715
-0.0220230081900206
-0.0160588287341374
0.0781090977087432
-0.079910098568188
0.0823921591018883
-0.00982694586859695
0.0815158903578541
0.205321470891708
-0.00327707397592576
0.0706250909378826
-0.143199580440632
0.0055423772933867
0.0493413084265751
0.0713086871457026
0.112464147575072
-0.100404698561545
0.113850039409306
0.055749837625695
0.160112272885398
-0.0630663694550915
-0.00123569363012343
-0.0937538740876323
0.0736281620648266
0.0461126031514945
-0.156431080176015
0.16145815810313
0.113970359722697
0.0784045195728961
-0.0952862759585076
0.168973203773733
0.128779537748464
-0.0826022863075511
0.117716727071082
-0.0559783300333072
0.0821587946605815
-0.0502631129209509
0.062882676726901
-0.139280992814827
-0.132126181231194
0.0456346478504597
-0.0885210564199067
-0.00960954979928502
-0.0971535205960941
-0.114881113809541
0.202123239583643
0.0565206982882462
0.0654381445837856
-0.0583554551188434
-0.151699436122853
0.0977114221439124
-0.0439594072106102
0.0601813022785092
-0.130680563372715
0.0149527834663674
-0.0293774653027486
-0.068429780997132
0.08405622441463
0.00729195105822184
0.139461661630545
-0.0659168867519748
0.136607444272676
-0.0919074289087495
0.193647725192608
-0.0432373140222647
-0.0122849416029152
0.0606368064420518
-0.104032848369815
0.0040806353647121
0.0569094984467574
0.0158332459046084
-0.348967401023928
0.036116746488511
-0.0666243487404233
0.0223882473872555
-0.0307049604313886
0.0438315975247027
0.00411222561076129
