0.0334347680342426
0.0516801524885096
0.122096166744986
0.140889024504251
-0.118929381252043
0.110514754185508
-0.0285995608370589
-0.0805943803796199
-0.0685906659867145
-0.0531121675729181
0.142900881260886
0.0387460047297972
-0.0476684228123637
-0.136051121576828
-0.0600116600741009
0.120062732457538
-0.0247992411823451
0.0458670511085584
-0.0877432100846644
-0.0769054642409171
0.149684077060162
-0.097959980101974
-0.0450220665833734
0.0292349643814561
0.0608784847797149
-0.163256905391854
0.0336684858600501
0.15897394438769
0.0739307438935471
-0.015618462707943
0.0837807174625607
0.0562369530755025
-0.0199963668971908
-0.143402315797561
0.0631467948159244
-0.128608784922672
-0.0549853334239375
0.135387177744665
0.0442122346258157
0.0146933030402809
0.172394495723901
0.0261292235895118
0.0377725210805393
0.0774591725439831
0.055437078750947
0.0262696180274067
-0.0234015274934197
-0.185039039326459
0.0334396994920103
-0.113550665054285
0.085486467776569
0.0595522914060634
-0.122087319952675
-0.0704315823313711
-0.0653139867443139
-0.154016398633204
0.0442690759393509
0.201089992070908
0.0850250213408165
-0.14224400944424
-0.119283291120182
-0.111561106635181
-0.0602000298488782
0.0361277427024944
-0.0870181414937223
-0.0696267864002449
0.0580071912921923
0.0536911977924453
0.0618665741646956
0.0128122980567759
-0.266060086727408
0.0660526375704347
-0.0226069080611355
0.0628924589309006
0.035739307427714
-0.218157296082044
-0.247011673822003
0.00715544038774106
0.0558000380344255
0.0261052252171482
-0.00365732773452767
-0.0231802296994403
0.0848442231932227
0.0387757022045175
-0.0490149946832546
0.164385530493799
-0.0733813427381256
-0.120067292103831
0.203463999851732
0.184140979960332
-0.00541202281558881
0.109200815442259
0.0590816290798356
-0.0254853300438195
0.0500979853928686
0.0827113655640781
-0.160965216283645
-0.0115746309497188
-0.131702227996708
-0.0382176255885711
