0.0733168332904495
0.122100927378815
0.113152510778765
-0.00311968254404529
0.164146874248365
-0.00280568878671023
-0.0610872286749821
-0.0224554436882901
-0.055012496792117
-0.039537905526083
0.0305252970608058
0.0308818045393423
0.0439895995233111
0.14010230042334
-0.0875296270244495
0.00440909518947351
0.0298869237874528
-0.031149630021867
0.0793574258765611
0.177111576529143
0.0745185989550533
0.0254503626325428
0.098715171168994
-0.0967968355526666
-0.00895814603321742
0.22540515323701
-0.00355022673195884
-0.0137644255913523
-0.00897799634290022
0.175530824673918
0.0499491942148421
0.0793331309764548
0.0119189191116652
0.113899295380486
0.178386340920446
-0.0712245064119882
0.0455965027834619
0.23533611810824
0.0660311331873604
0.0771657159654517
-0.0603501363662903
-0.0488358237725576
0.03767634555585
0.00142884828729381
-0.0265172715710089
0.130300180669648
-0.0797720765133998
0.0225974933242207
0.198801473460237
0.172836419093653
-0.0627880252758027
0.0457785470490243
0.0146446094252908
-0.156732165098046
0.0458624502773219
-0.00875860720929764
-0.0232582077143379
-0.0201197049004025
0.0317919142648704
-0.00352774596220716
0.152254397235815
-0.128929889519272
-0.151618814329984
0.0738769898682565
-0.0338913118773069
0.0484994060787007
-0.0360219966866745
0.0930125382099089
-0.0811147644450779
-0.0394035231457381
0.198390568777853
-0.204594446317544
-0.132126436328663
0.0801533954058861
0.0331827925169754
-0.00403399212986441
0.0955484496314687
-0.0334669507641643
0.004226336020613
0.0896654840584453
0.0904378192125229
0.0674835535000224
0.0428521707457563
0.154997081868675
0.214530355018846
0.0964645301725373
-0.0459279174422264
-0.0534005546626679
0.0406185954759003
-0.0492718544255342
-0.114912640560668
0.0518434987578128
-0.0871308112607036
0.219212436581131
-0.0796370251779707
0.0960886524670272
-0.101754022581197
-0.0615939840864125
-0.0401928178766856
0.264640362021274
