0.0936071295990339
0.0270827058798325
-0.113837996576246
-0.234887365770375
-0.131411433473163
0.125638389536929
0.0533063179085726
-0.119774208288878
-0.00879280180576998
-0.200320677830415
0.0296637286567043
-0.058667955888205
-0.0780780883241087
0.0565151155616616
-0.0420091889934645
0.0379533595942873
-0.0118875596127883
0.00508582267128706
-0.067510142134525
0.13252944780845
0.103848288289683
0.0338449723782329
-0.0491464196936359
-0.150318623517983
0.198291293515991
-0.073714066099704
0.022877200007651
-0.17351858198239
0.117741535962542
0.00256664299605659
0.0684110042592751
0.00592246501433935
0.0330834757127947
-0.0158385246041675
0.0703664178202067
-0.0514238774684775
-0.0911165092201985
-0.0743065175839044
0.13846516488368
0.176408067211251
-0.0750840678629912
-0.0752391322714863
0.175433127153952
0.0573643435029566
0.128843428856804
0.0184966158217681
0.0541728812276621
-0.0160938201225789
0.0189721413564205
-0.044463604663843
0.0269861539899193
0.250620959165757
-0.165177659999972
-0.146003808186323
0.119872689038381
0.0395408149677225
-0.0467165807905593
0.132888233619074
0.059339563636953
-0.0226250180758108
0.11802912901491
-0.0313091069009554
-0.0600639374628018
-0.078467907328166
-0.0922494474371788
-0.0140501245226006
-0.112061647957602
-0.0947096537409997
-0.169391334895243
0.138049416805052
0.219344114997761
-0.0685631203208393
-0.00178979797818957
-0.0149163560513998
-0.24905851987732
-0.0104469907988776
-0.0604216866448195
-0.142098691977885
0.00677876124361747
-0.0249833321938612
-0.0521440576746568
-0.0171048748053782
-0.0461455178568325
-0.091537259159654
0.0471141074820798
-0.00848141828465327
-0.0692101193519085
-0.0337502644248966
0.0884973374821561
0.218227983947446
0.0485025877602078
-0.110100890593517
0.0106988887111535
0.0139904731810092
0.0777374934612879
0.0401355896793586
-0.0668890983677375
-0.0924790862863941
0.035749615785975
0.113013614283209
