0.140245074853114
-0.079223345702144
-0.0613216422042249
0.0479084512717712
0.0291976719105368
-0.104539392806531
-0.0494076194195919
0.331429761274448
-0.1245126255716
0.0390824696551616
0.0529608810561629
0.00904731814747798
0.0590117842659436
-0.100540671404064
-0.0279609247311473
0.101320463351666
-0.112119690353331
0.0632091168654265
-0.148827019084766
-0.0507976032276825
0.0175180837939543
0.092967316957275
-0.0636960672381613
-0.0214729282474549
-0.151285639296551
0.032040110674435
-0.107340455707989
-0.00275989715785133
-0.0296678883171619
0.051098814306519
0.127699468485767
0.018256112423395
-0.0760902447670723
0.0795656037473684
-0.0345217630668371
-0.011646761537517
0.144494609930299
-0.155349087159942
0.0531199717321503
-0.165657146208262
0.0617187488158333
-0.108677564438012
0.117074143542008
0.121980405344151
-0.182082897549727
0.0422848691025153
0.136981032471841
0.0569187204110101
0.0100370780978755
-0.0247328989258738
-0.10125173178402
0.0725972424932265
-0.0962961281929232
-0.101034156722798
-0.0566715276902153
0.179996981576704
0.0412259349449595
-0.014332259285254
-0.018040890407238
-0.180674101460892
-0.043562584700783
0.0669477615998641
0.0205626116404899
-0.0836524567095844
0.0463572526964396
-0.048681333530893
0.248842834826696
-0.0536522896091484
0.0641701029174526
-0.00381023358758223
-0.0639953740059487
0.0775560081302109
-0.10147299139739
0.16103314128316
0.0213825689889146
0.0984926200336811
0.0405169135387944
-0.254268975208923
0.0665078720171228
0.0138820292399957
0.0233452864572115
-0.114338078235938
0.112864379708216
-0.153019963167653
0.110382891684238
-0.0855663188656434
0.00349403386421117
-0.198101085260174
-0.139472847612781
-0.053174841057488
-0.0163226825846758
0.0830272149728376
-0.0214095793912462
-0.110544885510553
-0.0745863338157812
0.0552587490300097
0.0535609556999592
0.124477764529525
-0.0145516645531012
0.0213744158396518
