0.0279285003324992
-0.0989269455734004
0.0304256324971852
-0.123141027341017
0.151529118272901
0.0126539408473011
-0.0684116151621314
-0.148117987541931
-0.12973221894116
0.0598254166624053
-0.0872578637633771
0.0590717412952068
0.0523565096866167
0.0791289054840639
0.155001501819533
0.0826012320676296
-0.213568797583192
-0.0663880474885775
0.00263039902875399
-0.0340945733363325
0.201158766576967
-0.0523200504546718
-0.000386949638548706
0.00924961314201569
-0.0604865161933492
0.0914109480098399
0.0268180258111068
0.109488024950547
0.00902806578854615
0.113207907510104
-0.0887968970773087
0.13430609643235
-0.0299537881471982
-0.229518806506816
-0.00155668481308085
-0.0219257726884764
0.0140668039068236
-0.0117407032282576
0.027551933081855
0.0442360100285245
0.0460755280132687
0.128045313023155
-0.0773897210549595
-0.188810872986478
-0.0661089891485955
0.0764285499648282
-0.0488607739937083
0.0162431681994766
-0.0781456723799104
0.0126289453297818
-0.0340128343749815
-0.106651004066865
0.124885922349311
0.113648774858119
-0.0227584157176213
-0.156176976752866
0.0235706996521189
-0.0476294552442592
0.0849691480014928
-0.116192675744305
0.15629997456266
-0.139928019616249
0.0124141985047167
-0.0554820712785192
-0.0225475543372275
-0.0186914623681065
-0.0759817272961333
0.0550491132891627
0.253579167282533
-0.071088793756289
0.0217137653254628
0.0336169253558313
0.0982959549913807
0.155979630756433
0.0709970043917067
-0.168565755416691
0.0304375030510606
0.0784853510682217
-0.151558505899057
-0.116424084515729
-0.196723117298419
0.0288810045348039
0.0310768064495413
-0.00422324760012572
-0.00913134142543783
-0.00153060225512185
0.170688743661294
0.175052095747965
0.0388394950377329
0.102189080630791
0.0903641126066593
-0.0439484565233692
-0.160514013418044
0.00027543708629173
-0.0768590211119367
-0.0909078712813471
-0.050457644954111
0.163515096848816
0.00408819137528719
0.19427325509858
