0.099497373048522
-0.0303946662383327
0.188669781495315
-0.0016862361005775
-0.0366420932933305
0.169277003033307
-0.102488990233459
0.0641922330767659
0.0761107299384947
0.0669991687264913
-0.0548819276329848
0.0168021869451121
0.0903216287206119
-0.00696065393192515
-0.0948639505129211
-0.0102430798294529
-0.075578907831203
0.179866222152989
0.0223167805980582
0.00700224249020385
0.0842859551201746
-0.0135037367028153
0.184484536634963
0.0437381904572833
0.0482757863675984
0.143690496070882
0.194353049143223
-0.0710888052859617
0.0247296395974724
-0.0615450113101611
-0.0191012112118003
0.109848001470618
0.051753101311406
0.151769131818993
0.0483284493329184
0.0978882298003811
-0.0491188558773321
0.0734529651647523
0.165839958744748
-0.187233017377369
0.117097325261762
0.0396528814729202
-0.188089844515912
-0.0885040432874644
-0.0236084154777579
0.0142920344016149
-0.0986225284918109
-0.0101885420457139
0.0631185196096568
-0.186630048354059
0.0132453287412844
-0.0101871878933273
-0.068300538554621
-0.0371076694297617
0.0777531115289782
0.00175386008768001
0.130397069736266
-0.0253689766141059
-0.142561255138562
0.0551409205661689
-0.105490461625973
-0.180715386868244
-0.0401876939897373
0.0273497347737163
0.144005839846181
0.0993087624166315
-0.217251292841549
-0.00262861834132074
-0.074703750310789
-0.11690996477598
0.109759734025493
-0.0100633146525526
-0.127932005361744
0.25487028849209
0.0339909802364945
-0.132382814170477
-0.0871428636774161
0.167285626559845
-0.125675860436578
-0.00218380323851262
-0.027123315772207
0.100055280042059
0.0446310127348406
0.0612617292670504
-0.100930890357539
0.0065771764239091
0.0347296361865975
0.126726096134366
-0.00543735023246756
0.0273569206456573
-0.105046144181054
-0.0999317866403066
0.0176095506589729
-0.075790886904046
0.0762175159377055
-0.136168408872719
-0.164438322019961
0.114446160106043
0.0338562379207805
0.00989918962048976
