0.0788311160499182
-0.172983027265849
-0.113294181972016
-0.0560640613677332
0.038214207331192
-0.118500353533343
0.0085413561914307
0.0381846872465412
-0.0189477488898021
0.0805140938320897
0.159430691940654
-0.227198006309274
-0.066534288862976
-0.0173086767344522
0.0712816521580434
-0.176361988953728
0.00196101097144954
0.202025739579699
0.0229119618010354
0.0685526092584016
-0.11860073893032
0.100935805957379
0.0168533028696686
-0.0181379630934403
0.00402197640338303
0.0681980847930363
-0.0659348714281781
-0.228064310162118
-0.0821476200939461
0.0367423868340578
0.0693058060319879
-0.225354546373197
-0.020085788571256
-0.0829948492631738
0.0274787293387037
-0.0261854074613609
0.116322099620525
-0.169501210313372
-0.118353450644777
-0.0865336271295578
-0.211278240277037
0.113634710013548
0.0773377898094677
-0.0848686543202523
0.186392418982036
-0.0326143966210152
-0.0109070100938892
0.0196003437233672
-0.0897040491287346
0.134253691583948
-0.0390317417704298
-0.0518227880629457
0.0432003866583723
-0.0179547006476693
0.046722217919863
0.219672469606021
-0.112742051388558
-0.0609542788258365
-0.00704465843846863
0.0154063778316235
-0.0528821596340286
-0.128025322127879
0.0544583087380247
0.131949069203929
0.0299403032361384
0.0934222347321298
0.0506140958908576
-0.0123369135503863
-0.035514455840391
-0.000102284451134128
0.123783991508424
-0.020826452860871
-0.157590947514482
-0.125104653571802
0.00700120479842021
0.0923958680359714
0.245294064647585
-0.0157819238890875
0.102885640075296
-0.0163935132064097
0.0940855643729908
0.173073530003468
0.104459576788204
0.053151829126415
-0.0206302915676363
0.0423706557538999
-0.0928859826316333
-0.0821827815876919
-0.0462047702511686
-0.00882520057568636
0.0107623250848854
-0.0549083609940393
-0.0156811092027054
-0.051578268753295
-0.045602117048698
-0.0588679014041181
0.0618142457403051
0.114489741153116
-0.19256316814924
0.063784062466858
