-0.0170983945813576
-0.0956467652216118
0.0253626697641343
0.0392528193143094
0.118303423141439
0.0802356871570925
0.118479560903519
0.0399854624375478
0.117913244090329
-0.0733306828008303
0.00666497961228503
0.209552081912307
0.0379719645556998
-0.0144642810048651
-0.0461141119662922
-0.0532375506691408
-0.00705569824153938
-0.147522944797906
-0.0385529173727703
0.0902515345390483
0.305724797838129
0.0926380040690091
-0.0690111554005728
-0.0270348978224324
0.0121016647255964
-0.0936834775254541
-0.0199385765577746
-0.103051356238162
0.0130943258695732
0.0375067575279394
0.0435286211568205
0.0854239159304218
0.0207354984260156
-0.00842983600404809
0.132492968255131
0.0317076051059469
-0.101207294087993
-0.0235232111089122
0.0325192370489949
0.116323642490674
-0.104725385033462
0.0475640656337374
-0.0347718131283039
0.0631149065737504
-0.159926703410294
0.0321633227173246
-0.00454629599731667
0.0892554395688127
-0.0125162403741885
-0.189443983393225
-0.0522207771610502
-0.0346686582664216
-0.0496032666151489
0.0563555354051151
0.107585855102555
0.0408783511079201
0.13372767069279
-0.0573805988041648
-0.0604800081063246
0.226954346061762
0.115997774282832
0.145724220689691
-0.114749238196811
0.0923212422221441
0.0915113942646131
-0.0926228301458357
0.0603338784781425
0.0185218874770596
0.0218550275249243
-0.104936695838837
-0.131674406662967
-0.0516405305858715
-0.0187260876269695
0.201136265244726
-0.0946873981506137
-0.00821479818051588
-0.0161854768401
0.244322225412601
-0.15445978801839
-0.126916378475997
-0.119151799970821
-0.0885814946495101
0.125252659903317
-0.145907519306839
-0.136380701325629
-0.0567047429184618
-0.163689879037862
-0.10104729543147
-0.187338577109779
-0.0724403682517314
0.0570616356659004
-0.00348302485779284
-0.0552153576770546
0.0169300249194573
-0.0922831081299197
0.0835697208764091
0.0901151751302346
-0.0266465731014873
0.152991993924076
0.0948441154678753
