0.0827838231945981
-0.0894442528044012
0.171755375272274
-0.164662958494851
0.0985193431508222
0.0415384390631815
-0.0247556051065532
-0.173459021392811
-0.00768004043406459
-0.0731319577285029
-0.16212706660263
-0.110153474275563
-0.134631883158995
-0.146957020761122
0.0799802375360872
-0.0110049397833081
0.100319534308526
-0.0466622730677162
-0.146992280195084
-0.0271870820856886
-0.0542802191616072
-0.00937959977801967
0.112409233732953
0.219067210816771
-0.0761357060724878
-0.0119594115786015
-0.0454915148826181
0.00953766492132876
0.166031377147679
-0.0565976775565847
-0.176967588726093
-0.0366697524535463
-0.0608688809377452
-0.0362723384355564
0.202594636712921
0.132868466146916
0.0193590351146111
0.101223862538668
-0.0106090671806174
-0.032463188889132
0.0565262602282846
-0.0909554745373771
0.020378898264242
-0.105929347899948
-0.0506264012616088
0.0483785918608719
-0.117107530401987
0.0622245137224871
-0.0987912610219291
-0.0854567766164449
-0.102092790197338
-0.073985095500634
0.0314020550305692
-0.0255362170868704
0.0829677400583348
0.0371813431406157
0.10420570492572
0.111497916833201
-0.0202712303965501
-0.134774738436159
-0.139438676801072
-0.0811489496517384
0.0138051818638125
-0.150030827946229
-0.01076662303869
-0.0337086324156379
0.0287724441451472
0.05634424952232
-0.0240892412406576
-0.0290690598742354
-0.0390730378079808
-0.288244325252515
-0.0369988882275648
-0.0606559927020936
-0.072324877326517
-0.0254927158563241
0.257086542424434
0.0695791273423568
0.0832259917304881
0.057782067420477
-0.238349154833464
0.141203133569142
0.15881436503476
-0.0316378364617526
0.0405005208082981
0.0218746254668463
0.0285588956147946
0.0311325423557249
0.106732081759776
-0.0676309365829919
0.0350104911684551
0.165550320098032
0.0435957717314221
0.00127700582498531
-0.0153861799408392
-0.0599574960313755
0.0699279288962633
0.058280767016242
0.00069092003446262
-0.151924472481059
