0.0596755358837587
-0.111256668731366
-0.132965180079988
-0.184060531412101
0.0180771123708861
-0.00556313702490357
-0.01570897458008
-0.190098814612968
-0.0150991192343429
0.0886389535206324
-0.0120528542277989
0.0289854969598946
-0.0932788125440956
0.158521887798074
-0.0605169593697699
0.0847442496490761
0.0286796617724725
-0.0704271404461662
0.018302976489386
0.0274434298300815
0.00758049254609102
-0.0429445457509436
0.100562359179091
-0.0906124109230832
0.0977987299583905
-0.200903332701152
0.114237950685354
0.0383696614771363
-0.116844243865119
-0.030306531336277
0.161203391441225
-0.257189555296611
-0.135647353317888
0.055657954927275
0.064155225959896
-0.0239117598995643
-0.0946595426510822
-0.12410054228949
0.208587307396116
0.101567636510216
0.0436462883402908
-0.00631753494492748
-0.132234843090904
0.10457030425604
0.00394807577155411
-0.155772107297871
-0.112917513569136
-0.0126200162717607
0.0524655688620103
0.0283729202303239
0.0249693289193195
-0.0150613819024673
0.0866312064762909
-0.0509298601486082
0.00034688703085202
0.0181971544202018
0.116828820103452
0.163455313123219
-0.0478524898201589
-0.0531812844875962
0.182427422427732
-0.0320227545970186
0.114666059256523
0.0611790351191033
0.157169522368955
-0.111557404581484
0.0293842650488367
-0.0607221132764552
-0.075731480051574
0.0217554994611691
-0.182354389989025
0.0414993172140372
0.216680936642707
0.0489191316408988
0.114528834175368
-0.0901025788259951
-0.089536281346664
0.162913015838968
0.137201383347719
0.122742186248497
-0.00745734499109931
0.0395741851825689
0.0208556640360635
-0.117862385570285
-0.0287921898228335
-0.000645125407328341
-0.0518711575590739
0.0945842325057142
-0.0842996423956925
0.0272028551893745
-0.00777284054399413
0.0892420905715312
0.117293240394459
0.0640623941526545
-0.163129441158123
0.10716041539702
0.0498315587007504
0.121510374247113
-0.144478798089335
0.00696532283817013
