0.0776188616112736
0.0486472133482157
-0.126523642956415
-0.171905990340195
-0.012078827534013
0.0404400787138
-0.0715054497165786
-0.0671843555208549
0.16386757779267
-0.196541488253015
0.120851705210804
-0.0335760093012532
0.108574326569302
0.16746247645812
-0.0381543911337175
0.0553591418308263
0.117436571304875
-0.0357541756069359
0.122509669233444
0.0340326966278331
0.0012015546316306
-0.0675615445266791
0.0875676344062863
0.151871187019403
-0.0213144648539636
-0.0321742458091659
-0.0398459872744119
-0.0662091296103618
-0.103861187843542
0.00440245470353437
-0.220197568698619
0.0381802787515503
0.0364518275099472
-0.0658813812517905
0.238327368814513
-0.0740447710356962
0.0104205083116734
-0.149270409616137
-0.172445930490972
-0.017806363536088
0.149007155453077
-0.0630996028393422
-0.0413940586060701
0.057426060521448
-0.0454462986034789
0.108003662146724
0.0256146378644274
0.123770984372412
-0.0430607012230802
-0.0926747531517757
-0.192124000393488
0.0164386123594467
0.060881383785169
0.186228116450611
0.0133552735116165
0.00852688131151153
-0.114417485390438
-0.0687311204795417
0.0511475222574703
0.204158048120303
0.0412488188516131
0.079483935584706
0.231323604998253
0.0412992524635986
0.0486979316294668
-0.115622891434193
0.0398602285756447
0.090673346202586
0.14044787463898
-0.0866972409577909
-0.0476330275667459
0.132420960170099
-0.0862119474238127
-0.133070224457075
-0.0252503453052709
0.0534353305825006
-0.0139650534357302
-0.0825383895174348
0.142339978604988
0.0459733494325985
0.18902761692011
0.107862930211525
-0.0442487589750746
-0.0315394534948762
0.138849933959632
0.035617715080026
-0.117361251208686
-0.122514350868233
0.0176768584672689
0.012472058038313
-0.00513497678301628
0.0776132832914573
0.0182127755811216
-0.070588030634475
-0.0749892437043874
-0.0301477066114654
-0.0167047453783037
0.14995729949846
0.000284594120542153
0.100128628238401
