0.183064585603343
-0.0265165589744045
0.0755087970441777
0.0224594314231427
0.0172797665519184
-0.0235479499702049
0.0997166509346417
-0.122605846884358
0.160910103960311
-0.0136860551426089
0.00760151369688572
-0.149277748786041
0.013481924594678
0.0981872620914522
0.0487784516781382
-0.0718049441013007
0.0668070849453752
0.296681327495301
0.0416312229866574
0.0404531858383756
0.129539133052373
0.0554580740138124
0.0263470916027483
-0.00145220645475252
0.143654562553811
-0.102648937619231
-0.170489987412913
0.0656474048422501
0.0597301235856276
-0.0706086397822604
-0.121572919027839
-0.0723343635952423
0.0499141170931934
-0.0439611919570394
-0.0658427351293324
-0.0100057192856961
0.0819268190114519
-0.058947796109757
-0.00442002754362751
0.0893362175070131
0.0641861615840522
0.114373764166494
-0.0831593346098107
-0.24063648532046
0.102301786512348
-0.121064004691533
0.18759759947978
0.0535027208197305
-0.0917137447316791
-0.175540523987868
0.108365880278635
0.11019386203915
0.0551349612836771
-0.120944905034526
-0.0810260924508889
0.0618174956917443
0.137106919761429
0.0366630764419591
0.0261246432278039
0.0439150544474349
0.157857510713768
0.0294525133193518
-0.00492626497880259
-0.0458307222519131
0.0470760594676053
0.00679848085847898
-0.0535661418900415
-0.0394167941928094
-0.104373657638121
-0.30066709814635
-0.0306029193937013
-0.0172810621906547
-0.119230389656434
0.0293756376960058
-0.0708373324915185
-0.0476356120422042
0.0575112632827242
-0.0600455706893032
0.197910516213358
-0.157850144082976
0.0313155460725089
-0.0367699401877081
0.18042190010565
0.0407173830118924
-0.0112232509995312
0.0351607862376061
0.040483019341739
-0.0212437953567908
0.128698902940243
-0.116112549622735
0.0379853708216907
-0.0313496026146026
-0.182164466348958
-0.109845740938474
0.0566610309000618
0.108250618827905
0.00148714207969493
-0.0259761786607275
-0.0919141435043645
-0.0048600115661344
