-0.195992353712513
-0.0733752388367522
0.0811055469508749
0.112409725059471
0.00350939928353163
-0.0304758184214098
0.0475568182832688
0.151952185346935
-0.0886897728183903
-0.102728776976078
-0.0866014102443713
-0.0105710034662836
0.101427055275675
0.127014552486704
0.0575674088089056
0.115197781478566
-0.145995680300056
-0.125237639761188
-0.00510488712719417
0.0539882625710667
-0.081498961644955
-0.148216570330274
-0.0389201596487111
-0.0442105565070559
0.122616135756687
-0.13039673239476
-0.12860416575987
0.165703984843476
0.00491914014852505
0.188461347030879
0.0671451842405696
-0.118428476829932
0.0297097651451394
-0.127377211661561
-0.0422557447808813
-0.154196831338839
-0.260373532433491
0.0536024032767116
0.0823803590193412
-0.00603909631130188
0.11003549214737
0.126422571523222
-0.0495473304649926
-0.0101858251811947
0.121308709586504
-0.187051905619071
0.0170005854392572
-0.0141219610690523
-0.0543531902642471
0.0214063841013286
0.024320707812927
-0.143335692366684
-0.0204925341763135
0.139215340525519
-0.0089229876430451
0.0896984068965294
0.0178615312940029
-0.0460769003569062
0.120672618940614
-0.0410729369590717
-0.00539969405699052
0.0710344540329623
-0.280457866516739
-0.184932089412626
-0.137946940258176
-0.0239898175046788
-0.0383564568677475
-0.00937426987426041
0.0103798527881083
0.0189228473152907
0.0171109666367001
0.0534116968348738
0.000518134106458214
-0.0101439552112516
0.0653196546269245
0.033251565823213
-0.0922415327566718
0.0805867325625045
0.0345181689021081
0.036013565756456
0.0610256886728964
0.0556664433681508
-0.0228758429148029
0.119328887175989
0.0747265210200417
0.0462502104567786
0.00360519593108207
0.0929052982395349
-0.198935382981844
-0.00508291000045972
-0.226268752767408
0.032019638346897
0.108176471257009
-0.0401435910636247
-0.0444936879224371
0.140175219981803
-0.071593454691628
0.0032263538320319
0.175120483839728
0.0341534773303529
