0.00844617462599345
0.068951452064043
0.135941986074798
-0.00438625125164584
-0.0535469456312314
-0.0149739910567802
-0.0578092225636226
-0.0369830155282013
0.230095065101305
-0.190448731574089
0.207856800262824
-0.0374798983293581
-0.175227940193891
-0.00861678658217627
-0.037578416243919
0.0668185389297787
-0.0525047684935926
0.0254227333845091
-0.0826382022756216
0.0460250136194352
0.153672670308219
-0.14024287896978
0.0929856264167672
-0.123622542391907
0.0157508568261487
-0.138289169089334
-0.176865078264243
-0.00226207261676715
-0.104993709348446
0.039299579858338
0.0817450011815107
-0.0179517874135402
-0.187750518585425
0.0440602157496396
0.063482428551359
-0.0633058927863743
-0.129316423193731
0.0298645803268286
-0.0498586294853324
-0.124860928045767
-0.00719817020826414
-0.0185466656141979
0.00627469824008417
0.080502186326876
-0.0646048905118749
-0.158999467343755
-0.13560412592328
0.0543410233325561
-0.0473658759882583
-0.114162294226824
-0.0170679531476563
0.149870806389487
0.126753484676353
-0.10793647214778
-0.0198447610456033
-0.0307747957762783
-0.226078555298257
0.0217420360239864
0.108695387556558
-0.0859685960947753
0.143572494604605
0.0820998102197393
0.00645066333429919
-0.0867841065997032
0.136694025939673
-0.039283427888139
-0.0790561196936004
0.0540267185631484
0.119823730028154
-0.13300388087911
0.134536327743106
-0.024998855331675
-0.0335289147135836
0.22826400413057
-0.0267528837540825
0.0495972750050359
-0.0739297584778329
0.0855435164600139
-0.0804136616060668
0.00799222295589879
0.0525802070348861
-0.023171381037928
0.0788110512042035
0.0408332550811353
0.0681839489330216
-0.114026461900674
0.270627674102646
0.11309226230268
-0.0889561717006076
-0.0139537838962619
-0.0420913811738738
0.0684965789381188
-0.097277288958559
0.126190553432798
0.095677783442901
-0.0106237019119666
0.00191771540320248
0.0856348341905772
0.0894405408095592
0.0430786308612646
