0.162158241686754
-0.0164085525192563
-0.126221241302223
0.133053537661227
-0.0851244412970186
-0.136411725738951
-0.0858751212886051
0.027708828577328
-0.0475085635928467
0.121252072314723
0.036189669778268
-0.0775262577217862
0.0486215775558917
-0.00154188165001738
-0.0437903670619014
0.0602893471732028
0.100246165761132
-0.115359389278648
-0.10073833568312
-0.0637488390573099
0.0899679435391055
0.120419413302341
0.0485915179457089
-0.0691558715344364
0.0656272689247598
0.205690480771595
-0.00453121648754604
-0.04126402624585
0.102416146610154
-0.0489716433263918
0.107861025678995
-0.0721668247354009
0.0694387290433189
-0.0419426266705793
0.00416106340300995
0.106019342343723
0.100565279443444
-0.0537569687672461
0.107042006668785
-0.0177249324949832
0.0266437252774558
0.11230474291387
-0.0638590244032197
-0.0503179603517846
0.0748298577168345
0.0905175066222693
0.052574372873742
-0.182992960996952
0.173219895661594
0.0804050147139611
-0.0497112213097209
0.0477253723973212
-0.0385965802081356
-0.245485001930084
-0.0325642414447064
0.0809098537321459
0.0294386170163346
-0.123880862405715
-0.0588633159677121
0.15476471070164
-0.0526319695415306
0.109001641330078
0.0881549970622062
-0.130191377481219
0.0900608209811108
0.0290389198643189
0.0120378138180604
0.136253624961945
0.140573357285591
0.103813579294161
0.15793151751229
0.0715425083119295
0.0303741207864225
0.135672073264768
-0.0416092457259024
0.0170904947542767
0.284885484617963
-0.100243264115623
0.0185871671227516
0.0201201193872627
0.00354708799412386
0.0204235844945265
0.0558720682500864
0.205221189644888
0.0130334557964175
0.0103851515816289
0.0612646374121426
0.0203644476417984
-0.136223800490542
-0.00896736623530845
-0.131149062958775
0.0439753183533229
0.093271919543522
0.00433114301997848
-0.114227787366871
0.0331470660491733
-0.111743037980704
-0.103281724081225
0.121154886540647
-0.268147974444029
