0.0811674358327133
0.0312513572423859
0.147388373884652
0.100660260418938
0.0915846263144257
-0.0180663043045147
0.232423206286008
0.0347399426317422
-0.0728501330186281
0.0455279980484776
0.0383218705243487
0.000746389116733126
-0.079890050276933
-0.0896362437838559
0.126551917736215
0.0671210111443204
0.00571796317379643
0.0472415052093986
-0.0427554323765983
-0.205611646612757
0.0663137268422499
-0.071951432520733
-0.00966455814952053
-0.0440833301436772
-0.00346960075352606
-0.123630934254597
0.104921488213235
0.014641385319055
-0.0615943772706451
0.0485916441129918
-0.129717353969
-0.0388804204041252
0.0300877263964964
-0.0639215354400839
-0.0775802484174916
-0.013069932654874
-0.137648891673628
-0.00657444535663301
0.0801544468714737
-0.0483369856942419
-0.0560362453194913
-0.00890735969745792
0.0944075667518936
0.145700726363324
-0.0203693353846163
-0.163900692074345
0.113081129090343
-0.0790122267981856
-0.0375697355122524
0.156491308109238
-0.0483053927037371
0.208629734828772
0.0591528851219151
-0.0524287095255718
-0.11057344105025
-0.0888672657538267
0.00529082681694902
-0.0282192620914947
-0.0734305026500129
0.20285047479428
-0.19201988824903
0.000470769237469339
0.1744782167676
0.0823669816584536
-0.0476828913269524
-0.0312602252274339
0.381989343160546
0.151876770319688
-0.0807766640851049
0.080779150321982
0.0783891355599356
-0.0697720818361323
0.0620600110231041
-0.117198307205276
-0.0282066025324044
-0.103783305983772
-0.124142609548853
0.0206235906799534
-0.133422130936846
-0.0990535581951346
0.0297555701404058
0.0909365623251199
0.055890479042595
0.0514183164783212
-0.0125578435602227
0.021759042734193
-0.0337509316965407
-0.198618490250614
0.0143601923165907
0.035623191105411
0.113492282351503
0.126105798761474
0.00119046162665685
0.154110329761021
-0.0473023548217137
0.0365726220784592
-0.0963462404099756
-0.00532496932514284
0.0854253735634467
0.0801586793315152
