0.0266046472904689
0.0313142787886182
0.0267688157978065
0.190265290741282
0.0935238155253173
0.124432016514317
-0.0109817804348993
0.0867607761461116
-0.036558993681916
0.289722994942331
0.0766024725172199
0.157781008528276
-0.0528205445031568
-0.00766923731764021
-0.117797329327032
-0.0432226014830141
0.0804073201632729
0.120911792682194
-0.00633831539515836
0.0503742672695115
-0.201990148991302
-0.187493416724313
0.0412977055276319
-0.133375782763364
-0.0412042960586479
-0.237580223241551
0.0141703407922745
-0.00826543993902702
-0.0533497706716265
0.110529640913613
0.0257580813616134
-0.0963655435613092
0.0397123432702739
-0.0719154006162707
-0.147036999636903
0.19744545308265
0.0949971888970357
-0.104497722760605
-0.0253023050647082
-0.0914495719853459
-0.00136117929895536
0.153096740684809
0.223898105595968
0.0170898456004127
-0.00964827639769313
0.049223709992696
-0.0940353350122405
-0.147668350694296
0.142711677952131
0.08635727655969
-0.194077712918062
-0.0594498379245111
-0.0157372855107686
0.0690867609222087
-0.112223857902524
0.0291009685327015
-0.0195054085409251
-0.0537113260518422
-0.0569508479862953
-0.0382275901168394
0.047177274030519
0.00149303437405117
0.093276434453582
0.0670426222062148
0.125745070293471
0.0417682385053488
-0.04962310921315
0.000643030764944783
0.147944194214924
-0.126362305986192
0.074451114796663
-0.0985088699120931
-0.066299917742553
-0.133618142127647
-0.00424074058495665
-0.0914913613879171
0.112673049319078
-0.0210290377617375
0.193461607442441
-0.0993168672285432
-0.152156083670006
-0.0362544466636909
-0.0549739692744644
-0.00226600215259436
0.0546382333410076
0.0624363915858535
-0.12040823012417
0.0470049751564546
0.115201643039671
-0.0262340845669094
0.132489966172667
-0.0610519643577341
-0.0962533115203478
-0.0531897165496331
0.0797419734457393
0.00746766438287292
-0.0274015869097808
0.0499713548698562
-0.0616588558576381
0.0454938695707789
