0.219634221964268
0.0501148263351073
-0.0684570843297067
-0.0390392325205197
-0.0353440726580156
-0.146141991771748
0.048184789505864
0.11730756748595
0.127992810297936
0.0950450244975027
-0.00677912172057424
-0.182738785529834
0.136355196990737
-0.0477411758176464
0.0853269813111299
0.0224117486177636
-0.156889493895995
-0.170722846705137
-0.00580468000738806
-0.10126265281673
0.0455758081115476
-0.0897815771959689
-0.049801629599944
0.0562980226833681
-0.0163454386286092
0.0161897289059198
-0.120177597643102
0.199152971640853
-0.0353546235017888
0.076017951360664
-0.0373971530946076
0.0467172429048498
-0.193327859730737
-0.116020927000653
0.0273151619282615
-0.146529743285998
-0.0186938668763108
0.179087387375455
-0.000985867278386114
0.00484472460913592
-0.0632154600845086
0.0138143064932208
-0.104926490694018
0.105172174630745
0.00443799567470397
0.0174774527890374
0.0494964314399385
0.118833658168097
-0.102362905443898
0.13220737392902
-0.141799077759079
0.179371708325895
0.158591190691042
0.0403943489650644
-0.131879920337202
0.137810722792852
-0.154353695741728
0.157980835754666
-0.0182981716263196
0.0352367199682736
-0.217520709718692
-0.00413394313024006
0.0206087840399282
0.00714641025302376
0.153313509293876
0.1916479591652
0.00284111933358629
-0.0470843363109568
-0.0389350759508823
0.0337598702700033
0.0480429908961267
0.077796416060589
-0.0327038150896877
0.0358550091165231
0.0502987953958088
-0.00268293180777105
0.0563665076052415
0.0190380419373534
-0.0776767989470357
0.091937727075232
0.0569901784180788
-0.0811331203336118
0.0123834319066521
-0.00829207063962584
-0.0827447732000633
-0.0673798456071197
-0.00913401224341144
-0.0848684147584103
0.0264356252900255
-0.0372031557251098
-0.214350041674139
-0.0208609336402172
-0.0320575601614239
0.232852027537317
0.0306643758338903
-0.0617194209956512
-0.103116482467824
0.15971112139683
0.108672157476831
0.00163399521428129
