-0.122275371580599
-0.133112118411223
-0.00648174351076474
-0.114620583284381
0.0618534807710564
0.0684320118977874
-0.00978789573337234
-0.00246947116612815
-0.110624333271779
-0.0394994519913568
-0.0274178684389332
-0.0135008053414983
0.0727933274810339
-0.0382815662829936
0.136347813079159
0.120280902490663
-0.00920247223204729
-0.0156484777102141
0.10896195742885
0.105915683029868
-0.123392368621579
-0.0678460238036259
-0.0130476097909525
-0.0190681622162101
0.00651658096246654
-0.012530283176558
-0.122818600485064
-0.2436340547371
0.194117024608749
0.00563955446335265
0.0448626457330706
0.163820698767932
0.00151264198877094
0.0689335927164936
-0.0624548322516398
-0.00530887182886686
-0.148403365894964
-0.0680700988701838
-0.0614750275467445
-0.0593162491530314
-0.11619410183061
0.0972726263325967
-0.0882183126424609
-0.0487000731758532
0.00435373708350147
0.0772194346129372
0.101598675558957
-0.0448839994540898
-0.13049114450188
-0.0219807670044623
-0.136297641775828
0.0382040309456305
0.0927292064799242
-0.0478992587459733
-0.00124935995560079
0.0411487658943364
0.101428876512445
0.0074010022061075
-0.00875669644112941
0.0308218194511712
0.186024026981155
-0.105289655807309
0.198368782800055
0.137853155809891
-0.0029300661971809
0.113477179293427
0.059701755719913
0.0217989807026895
-0.130347440580222
-0.00166796944141681
-0.098017720159478
-0.200390726601766
0.10614242837933
-0.0954140162259785
0.00135165412280043
-0.0535379613418674
-0.00389154500041493
0.242003085538854
-0.263741712143759
-0.000683830070901346
-0.163889921187762
-0.0205756521950119
-0.109069113946641
-0.0595219220020157
-0.0866906623079772
-0.0932095453013664
-0.0935965812631052
0.0426331871645198
-0.10008567013709
-0.116137796478613
-0.134542986651836
-0.00868352393297862
-0.1226613184576
0.138294495783414
-0.0697625481299104
0.133025216477671
-0.110261570710584
0.0837183746961477
-0.121765282638236
-0.0969567152952291
