-0.0283719479212494
-0.0848605805505645
0.051485232791177
0.0500247766168886
-0.0772650888125552
-0.0995160572016893
-0.0248229173724289
-0.0742955931358607
0.0680317875825995
0.029132441243946
0.0394909038661055
0.114354585373259
0.00531038300057187
0.0242840560887162
-0.0064966291555299
-0.00963279929054475
0.101037693439518
-0.216042444700293
-0.233750880593483
-0.0501921954259635
0.0412325567305914
0.104608917706974
0.0135840077407605
-0.0412569477628248
-0.116644178185158
-0.0833203195257022
-0.00219945868066262
-0.164883394832074
-0.107931616343014
-0.0954391198326059
-0.0547706839323852
-0.124461174262913
0.0878522466347769
0.0307361859788702
-0.0230373552727297
-0.244794615390186
0.120622910498866
0.04121277174759
0.108078909848663
-3.18504760653457e-05
-0.15536571234039
-0.0329729420011242
0.0385999302393319
-0.0444970578599647
-0.0462423109471578
-0.15198746733971
0.0999223523830415
-0.0370838795482931
0.052091139287958
0.0740252807763902
0.0384224989722796
-0.0310768263383419
0.0659295894984995
-0.0122748211532598
0.0679453958095197
-0.0262000432677872
0.0871233342360343
-0.0933282573428769
-0.057645601179097
0.148002582860232
0.01665140151308
0.00327807300720707
-0.0766284262829919
-0.0993043662677238
-0.11962540007432
-0.0830666959254635
-0.263884122797891
-0.0186609300558024
-0.0346879917168873
-0.0254702213599749
-0.0803568135255592
-0.168291862936432
-0.0401776551559586
0.0751091439819593
0.132668473467402
-0.0826584306212744
0.00735588492687877
0.197464948780269
0.0108125245484335
-0.00122302639143018
0.206318745425921
0.112430704003335
0.120962314825613
-0.0708191064106397
-0.108657970663591
0.0615965897895685
-0.0343992313067651
-0.0348551902659817
0.296885978480468
-0.0345281316835364
-0.0267061383067453
0.0249966522205656
-0.0725136003641857
0.0730847326984106
-0.0929719588582753
0.191090454007207
-0.155666698190832
0.0363010658790695
-0.0414618848631236
0.151150902959162
