0.0243396967426222
-0.178628152920846
0.102826421825379
-0.0740614734309347
0.0554415790442748
-0.0421012209764674
-0.0796473895757036
0.0804762371039519
0.0509600531527901
-0.0859985567496474
-0.0225919304293175
0.0178812173893708
0.116859008103003
-0.185347557693838
0.0133131162732865
0.0547567177790472
-0.067919234867717
0.122786445804178
0.0134172438731685
0.106743796145154
0.0320360633078697
-0.0530312876981327
-0.0253496218337166
-0.0558221215347215
0.0765028321079814
0.0640831624746422
0.181241978305557
0.00790883552056539
0.0383062238517657
0.0262115749565036
0.0441198825859752
-0.0575473401760657
-0.00438205198021408
0.0432457455332935
0.149354155061773
-0.153861265878965
0.159900377073741
-0.0174382171188189
0.0255789950392807
0.0377064589575633
0.148754091799614
-0.0418654250126779
-0.132275051363709
0.0502084164112575
-0.0129456916126694
0.0299670667539979
-0.102407792138767
-0.21039846951379
0.130377116285795
-0.0517043431088243
-0.0095460912435768
0.0146748173244711
-0.00469506648965854
0.114600432529603
0.116113920116709
-0.189912593178309
-0.082955213818434
0.015399689148607
0.0173135420866134
-0.149352589604244
-0.0884277586389895
0.10289847984262
0.0140209124398742
0.0270608420773141
0.0940037669880242
-0.0214103190512766
-0.0405485865906111
-0.0402970923820886
0.0504303970325724
0.126285407073129
0.0754227501962055
-0.109652785229545
0.214088431641694
-0.0475208595282866
0.279020955728471
0.147857591706382
-0.0762459908274689
-0.114575892702217
0.0267903694600745
0.162720244500849
0.0829183977074861
-0.0840244921589823
-0.10838537487876
-0.0784015535808249
-0.0500693009591364
-0.0349145528616551
0.152175515917804
-0.0504575007101428
0.102673784006255
-0.0323576427879129
-0.0151694946509063
0.262498423616666
0.0744346877101441
0.0373735578941372
-0.141845011433052
0.0700364242329405
-0.229894293344581
-0.00322512418114687
-0.0638846553456583
-0.0417546546379595
