0.0170387743759904
-0.0693117627889017
0.0483976424082839
0.153526896450862
-0.0181483017078406
0.14472714090058
0.00274496040093307
0.150218051311372
0.00229462022836792
-0.00576977739349953
0.0460697796084953
0.0678587375900193
-0.172883975599778
0.13933980352802
-0.156859273426345
0.0662460092226366
-0.0609110620476875
0.0234232086085788
-0.127872015087282
0.00425167856214977
-0.0776077609352212
-0.10320126447846
-0.0174513880557054
-0.0385865834771884
0.0322054452049212
-0.216388577747713
-0.0236895142871531
-0.0769381386193561
0.0766693715540799
0.0652138308891675
0.0408459403353345
0.0595032782287909
-0.0801449739110363
-0.0318151591236582
-0.0539669827440513
-0.0849089183359246
-0.0744137458543327
0.00294260104206759
0.255126603637956
0.178718795104963
-0.153673495330587
0.130565444545497
-0.0821578205667313
-0.0341978783293293
0.0534835785628184
0.00323404461838861
0.0295046588272172
0.0408909459891658
-0.134227970955151
0.0747744382579064
0.0938778049754473
0.188335932808488
0.0570685799027776
0.0046369414458998
0.0972031838612865
0.0923523639812289
-0.0451710923419542
-0.00990060328815512
-0.178742935845997
0.0136751464153423
0.0362794669622011
-0.129912046577143
0.109848001479219
-0.0394238761766237
0.203917566585814
0.013780836553621
-0.0951055196367167
0.0126905882503178
-0.0721478443055097
-0.0266268972955607
-0.0849072188130345
0.0260337445770517
0.056257159090454
0.025033718909927
-0.0834434801343057
-0.104885163423533
0.0401229291098187
0.136708485250343
0.0193320930514898
0.190297316146791
-0.255502690622935
-0.0498841537601974
-0.0659165720494
0.243347389866169
-0.0302586018583167
-0.0423039140993137
-0.0805788576477434
-0.0141260664323823
0.08351897419126
0.0066607906198886
-0.0761220541377043
-0.071225505661932
0.181202427220477
-0.100850362137049
0.00247162943846708
0.10624221984421
-0.053438544636005
-0.0248056573741291
-0.0908275694465265
0.184065402419716
