0.0358059495975978
-0.0398411982592439
-0.00548284815447342
0.0111324147093648
-0.0187963240369971
-0.119674947350816
-0.0101093244759494
-0.00258390534298396
0.0884269826501129
0.0683989625179928
0.066290817742437
-0.219608161925476
-0.0337924298395417
0.0752838343524665
-0.0796347227153461
-0.00930405397810649
-0.0868381565964839
-0.229457964819721
-0.0164415503121415
-0.144937229694449
-0.141743932962608
0.0882460261833887
-0.0588762242144273
-0.011961925878169
-0.167672675190206
-0.114541860041856
-0.109334214354686
0.132846723440838
0.195426897978463
-0.0933642854617566
-0.126807359401579
-0.0901120639781418
0.141677086153669
-0.00426664872488352
-0.0488073996239946
0.0938608455343937
-0.0545763433863876
-0.015030988571195
0.0880761235011655
-0.0337630650865205
0.0393061534971486
-0.096414757499557
0.111526663642066
0.0110116730786247
0.0106912370304933
0.0466858291868298
-0.0413088907654428
-0.0206437108583357
0.060816218701027
-0.153673821936716
0.0242238838406753
-0.00964591727806982
-0.00962933226554024
-0.0346894229159741
0.136351110685479
0.00915687488931126
0.06805450980365
0.143975546672438
-0.0240182223824878
-0.00064818510856879
0.0525622190315834
-0.118029603245739
-0.0602417735392045
-0.145387243960664
0.145321290692355
0.0363418374561447
-0.0588719286088353
-0.00485818236148643
0.222051272766815
-0.0899227880696572
0.0265519885188026
0.0522068150576219
0.121790055859269
0.184365066283237
-0.0625119080634036
0.0596959745491517
0.312599267599991
-0.118153726574447
-0.0570834588164495
0.0700186911574192
0.00583418538595808
-0.166357294826435
0.0876694823070552
0.150647486875135
-0.0258346527376511
-0.153095835859702
0.0189011634800847
0.0910217049209819
-0.0763123786849732
-0.00256298756544029
0.182971573466118
-0.0252188619805913
-0.146828141562898
0.0121001644868661
0.00234108293411945
0.0521699533668795
0.0493167210264096
0.141541974465416
0.140030353441945
-0.0467148109651894
