-0.0930935452729431
0.0877493215470108
0.00983036945218991
-0.11693007180094
-0.00348277044622917
0.0260584852671616
-0.0488462809713208
-0.137504794832483
0.107270646171159
-0.0711650504353236
-0.173941275507653
-0.141712566383775
-0.0919119836222378
-0.165786545185197
0.0402799561061643
0.0921910537240445
-0.0911200389200281
0.108763125842472
0.0540687284610198
-0.0649057736718095
-0.109136012778386
-0.128658112086824
-0.146841212155297
0.0561702829020073
0.0698045554217178
0.0620418868634616
-0.0698673160197932
0.127536519956
-0.139768051654639
0.0980383701135371
0.0229432644249922
-0.189365491066623
0.0587702857576484
0.0461456995638046
0.0856788648353025
-0.136959086663704
-0.00793560665573358
0.0666270039567214
-0.0326813705633341
0.0794987158541386
0.146715913345367
0.0690550745844887
0.0148746710766267
-0.0450669491726633
-0.0648918812504251
-0.0111807891130324
0.0475467992461707
-0.00946609144552038
0.080315192469199
-0.0659188115351331
0.020033073177313
-0.144409463885954
-0.017553095887066
0.0498484790804112
-0.0435012754213211
0.0802929120504318
0.0205559812863065
-0.16643576316144
-0.235421761177032
-0.0524492078757797
0.111179717452061
0.0582486148421361
-0.113380483975029
-0.123579722512564
-0.0645996180830587
-0.136462796315104
-0.0249114660169804
0.0364332191169706
-0.0296784219317807
0.185190245355238
0.0495052130215799
-0.112265025882003
0.155965484041786
-0.269543398452656
0.0637127449875952
-0.0460807352178763
0.0526657880097337
-0.168569107668109
0.12301647809035
-0.0180226299593502
0.0448081141823909
0.0562422137742797
-0.0276856436029793
0.0310787598652378
0.0953880880921883
-0.0484447900437643
0.104090284952183
0.0825704413009743
0.0184130342838269
0.212493623225527
0.0274140171615332
-0.0182843060959967
0.0465898823689067
-0.129558961431361
0.235291381687376
0.00651817329354513
-0.0603881974180672
-0.106024057521534
-0.0996089063879831
0.0190973298672997
