-0.154244230309803
0.0479261231125791
-0.055462935811408
0.0512540970565311
-0.0426816390701012
-0.171660941867343
0.00882347112598614
0.0623800366872502
0.0106116788241445
-0.169623883239426
-0.145933377996489
0.00010332368999829
0.0247298603282214
0.142805293284905
-0.0631254217534736
0.0822113556995397
0.0475813622280543
0.108092723124913
-0.0155688619290756
-0.167304166807441
0.107782548276102
0.174657997779584
0.0979252175793145
-0.116687801844415
-0.0916825863982251
-0.0110992590515498
-0.0452217516464767
-0.11602748310078
0.112132244967625
-0.0746497894345399
0.0901709554500471
-0.0494614994975308
-0.0262815083892735
-0.0260316401760948
-0.0616406124623668
-0.0549864630886915
-0.0728827623629432
-0.230733953587174
0.021880445948009
-0.0133158857881074
-0.166636516589409
-0.115833512218104
-0.0356833291444541
-0.0566752232009118
0.123550698153839
0.0656491780272067
-0.106952985479319
-0.253845148477311
-0.0750909643186872
0.0955418983272068
0.0306039425213742
0.0285878968097953
0.156158612939462
0.0817869347150557
-0.0200963313435994
-0.068868490293761
-0.0930187790766878
-0.019174090625475
0.0775795107940549
-0.0222451746870215
0.0513003594955772
-0.266934654388498
-0.0689437144188322
0.0619527177058353
-0.0989285694584913
0.0409347892261727
-0.00214448410777469
-0.0420251571014621
0.0602575072121353
-0.0179222673143375
0.00872124970255083
0.126318135920807
-0.0937053234635908
-0.0224573365086609
0.0455544947218964
0.0584308389206249
0.217616198159095
-0.00371334189483855
0.114934509429317
0.0100346146510993
0.161779976511631
-0.0613838290574636
-0.0600182686023713
0.158476199852278
-0.0793663911535555
-0.159152052438125
0.133773715151119
-0.0588546824207817
-0.0155026292383585
-0.0734546713841814
0.0415846355605573
-0.0703665847128288
-0.0183766009930625
0.0834797690622744
-0.0740150640656956
0.0481323068615312
0.0235282545720726
0.109657844292881
-0.233851719224245
0.128366606206062
