0.108467234403203
0.0884422106567723
0.00666418095305508
-0.012060498952084
0.0534787309744959
-0.113944722048149
0.0125112919995615
0.121010466472223
0.107008237613975
0.0367906976093264
0.0163841171796482
-0.157199940269449
-0.0312732523759887
0.193654970216099
0.0407646543695624
-0.123563992168565
-0.151093708130456
0.0246271924052939
0.0923401239041295
0.0958634080042723
-0.030254436389775
-0.0667262700847095
0.0645280323345796
-0.062212870941571
0.155608440286052
0.0657309715604888
0.187349644811812
0.115700808297237
-0.00975604024910774
0.0458908162473756
-0.136921951908259
0.0312644470516034
-0.0324409488821394
-0.0328578031619378
0.145879293750123
-0.319783810670579
0.0278764639968463
-0.0457727440889435
0.0401893748630416
-0.0709234092978889
-0.144680422166868
0.141594791692967
-0.0136156334302269
0.0486663194955423
0.076058846622257
-0.042211032815783
-0.0384174700967687
-0.0146336058532845
0.0177489267541538
0.0162998980288966
0.0775822019875292
-0.0474840653877189
0.0172574027900374
-0.0823563215932812
-0.00853840255789468
-0.0951460064434678
0.136407230632015
0.0872096726834649
-0.0934679999934747
0.0788192634836704
-0.275009766098804
-0.0942464221743708
-0.224019690594654
0.0473517215893
0.0767565293672984
-0.0738173791608282
-0.0337217520147923
-0.0537143939240248
0.0948497088131066
0.16850327535958
-0.0306966251090667
-0.061762446109933
-0.0669920043713121
0.0771571975755138
0.103037239601627
0.02987234164265
-0.027609801707725
0.112459757708807
0.139240617551071
0.0724214736588058
0.0884810569218515
0.251156323680656
0.0599800372330506
-0.0488590367289825
-0.176392890379478
0.0754596085200119
0.0933705106541838
-0.0421149759955221
0.0636662403516936
-0.0510741625211838
-0.0612844697905699
-0.000281654147081885
0.0447372084335985
-0.0577828666354833
0.15831829056801
0.0168244727966232
-0.129720526973858
0.0709041252851998
-0.081372754752507
-0.0214406054019421
