-0.0805300884456194
-0.0526701496489445
0.0966582542422383
0.168060873900424
-0.00614298456770815
-0.123386009596932
-0.101735692028244
0.0804536447339086
0.0725813163117157
-0.00559716109224639
0.00166876931091482
0.0429903336600082
-0.0199510843120308
-0.160962623503395
0.057992331909128
0.126570454579882
-0.177211818359707
0.231630685831905
-0.0507246810478487
-0.121715636551557
0.0344265808999036
-0.0872132204396008
-0.0496635795748513
-0.0635856889519211
0.110301181656709
-0.0311493420909278
-0.0602302532420687
0.0258704455607538
0.183829511540756
0.146994602328835
0.0285384491347669
0.0740197250349917
0.152095602259276
0.0893973420188422
-0.10538215385756
0.0180287093330717
-0.0649554277701498
-0.0261563813168393
-0.136342112448154
0.0782794720621666
0.161344562770951
0.0978348221639525
-0.0428644820301531
-0.113639131404066
0.0223620465938695
0.0650280975418742
-0.134214387013509
-0.00354305600394581
-0.0491731669114365
-0.128410694377281
0.135595041153964
-0.0988536224082481
0.161031536734852
0.0149754692332767
0.0490572050927413
-0.113932397167664
0.0223362579436761
0.128259696880002
-0.0210493887632641
-0.101462850856399
0.0301240782625582
0.0086903923588381
0.122840208232281
0.0703203702864138
-0.146682733407198
-0.0419948390003867
0.148059670292215
0.233610732786843
0.00423992365513385
0.0756944527755274
0.171974323339993
-0.11614474921235
-0.0817687278276839
0.124438614510279
0.109379001291994
0.125423853030111
-0.0945397101350622
-0.0134153351819133
-0.13067831695572
0.145804971776841
0.0208741908037641
-0.193559048845995
-0.111859167757363
-0.0581738100152499
0.0405379651804062
0.0866756465224483
-0.047592665706654
0.0379099371110585
-0.0270868631405265
0.011985083986325
0.01632001429963
0.0193031697610122
-0.0818309359136062
0.145666253607664
-0.107070157981119
-0.0737326188378305
-0.0903223173260311
-0.0729561975953458
-0.12495594940955
0.0277055552058385
