-0.0944014144898448
0.13030568608746
0.193004477867457
0.137021409659025
-0.0741476781858591
0.0634473686498415
-0.0719868837551046
0.164027495218348
-0.0137717498420428
-0.00492411749092769
-0.0100644930680741
-0.159348887026269
-0.131055935078067
-0.320648380870386
0.142906043376481
-0.0465578713753932
-0.162613396902888
-0.0906734855390976
0.124042854143853
-0.0223446481144226
-0.0371496781666081
0.111422260515
-0.0497076650368831
0.0647716396775167
0.0426735905955995
-0.225785444570236
0.0742269038911053
0.0795897815754959
-0.0227751609255159
0.0816771436529162
0.209363119921519
-0.0458796411970143
0.0151015479626549
0.205361254398002
0.0814864567762311
-0.153610629611554
0.0492582302688332
0.0303433873619091
-0.0264753148919862
-0.00880299295938446
-0.109133301804364
-0.0238127301770572
-0.0672808817248375
-0.00484621932924731
-0.123280621014068
-0.100903313274222
-0.0271273848543028
-0.0653204425232991
-0.0369874256878542
-0.0237205800486506
0.0375403296465487
0.105717436291917
-0.09989941151831
0.0241723103750919
0.0844748945446217
-0.169409501390165
-0.0470587990474118
0.0382019697247484
-0.0023370459086827
-0.109017797906801
0.0351784910505157
-0.10012047443733
0.0797243175543584
-0.0561122989271756
-0.0210743403231032
-0.0358190979404546
-0.12822082125203
-0.0230936180691875
-0.036953143712984
-0.018473791593169
0.0356522705779839
-0.0880072416033801
-0.173176366833058
-0.0183627046607979
-0.0381381215275289
0.0168265238630093
0.13264730810767
-0.103371080743658
0.0569629842032416
0.157795357967866
0.131381926158434
-0.0264541891654076
-0.00881494311391445
0.0120574153158571
-0.0665803432926302
0.158370996790469
0.204054212493623
0.017175315744591
0.0651092419911706
-0.208016354951139
0.0438186791570236
0.0187145862228493
-0.11403433464312
0.0509105600813389
0.00542136943228536
0.00599718464325104
0.0229227249678458
0.00536852670465823
0.12288984162366
0.0966345520353814
