-0.133373598656687
-0.0713743057449376
-0.00792272869290256
-0.155085295614294
-0.124364563165889
-0.0479828607991489
0.0496149060067896
-0.098405856338066
-0.0379102154768447
-0.0256641980625142
0.132175027177142
-0.0459458688293396
0.322913948029796
0.111527223391339
0.00545940179157847
0.0826204466290932
-0.0159554715700947
0.10980289561545
0.0669626461062683
0.139079789784487
-0.00529676836377143
-0.0105630707671288
0.0366789372908986
0.0415544734774573
0.0585743940343152
0.122781705112676
-0.0335012261942049
-0.0642686502379795
0.089524106923203
0.0010291957143674
0.169176945580909
-0.0646526262647532
0.0568683177785893
-0.00327270894048238
0.00822596994093533
-0.123376202716232
0.0773759233303246
0.0749979794510531
0.174766750015133
0.0643075510739576
-0.00865330855874435
0.168940227042748
0.267748759508586
-0.065294298062414
-0.0864009385469705
-0.126767751039265
0.014977648539121
0.0233154896441564
-0.00276566728831997
0.0683082708672843
-0.183074875341514
0.139520325175533
-0.21693681585551
-0.0764638454869789
0.0326112172005256
0.00839741553331385
-0.222399649892032
0.121920411127059
-0.106478256647522
0.120116333131307
-0.0234639563412763
0.0583284015590301
-0.014714694672578
-0.0534055156198621
0.0961974466627804
-0.000620567170890538
0.0184886495601378
0.028945204234784
-0.0467081719627136
-0.0383158046614471
-0.0576208837553338
0.115888749931248
0.179522496618754
-0.0367164639133703
0.181190402347908
-0.097720383772559
-0.0245341366054574
-0.152804685241162
-0.0134058828558466
0.204268061032395
-0.029359151264544
-0.043920269662704
0.0530506976196532
-0.171830625217666
0.0238504156773437
0.0216311001659263
-0.112233746629161
-0.13081265967998
0.00559708807173953
-0.0443445201103843
0.0174269327247146
0.0742162960784352
-0.0471694740464033
0.0204057970149805
-0.008865989104006
0.12790268200147
0.0536093445428431
-0.00381124151247398
0.0303040145199556
-0.0468272102122747
