0.0580951833717924
-0.0262119555746074
-0.0276125222309725
-0.0750158461705139
-0.216783326318683
-0.0248215089789371
-0.0748687903354972
-0.0244858464242855
0.0136695691983581
-0.154898685425269
0.127107881221296
0.0183421892547889
0.0324412887802549
0.251894501356197
-0.0111399158473847
-0.223161666690124
-0.0646920117838253
0.162651112879218
0.00878224526706737
0.173215011138185
0.043656949859295
-0.129592055196976
-0.0208762563102276
0.0753924471878003
0.08542207554787
0.215910116498229
0.0697980671012834
-0.0167906269564948
-0.0070952940906717
0.057925282750058
-0.0470539289825004
-0.105853365829215
-0.0913737418694792
-0.0509837564726061
0.138803836044982
0.118518176952942
-0.0876965600188817
-0.183036431151304
0.147727668657215
0.0546202909749546
0.150334815944734
-0.136334156365331
-0.0910046140208874
0.0232049157659078
0.00837684047854605
0.0835776638210494
0.0371164925826328
-0.144474268525684
0.0115055789372321
-0.201793303924061
0.0247131824952589
-0.000153554641936176
0.0310108046142515
0.146652215458886
-0.105316869181744
0.147228453398208
-0.0396774571110167
0.00407467187343164
0.083376813776715
-0.0708668877822551
0.169704882093999
0.0333273231121564
0.060231487452943
-0.00937774384193031
0.118569711924261
-0.0782657962716158
-0.0262929777422831
0.02298506348722
-0.0252757054252508
0.0480331455144622
0.138288720049869
-0.0474487065789977
0.0265758077416616
-0.0789859709207549
0.0167872074065157
0.0137914696868882
0.113127064325265
0.170946903685241
-0.0480989957955648
-0.0592436932423731
0.15786799441435
0.0613183440517954
0.0758483193492566
0.148418929284098
0.120731085956334
-0.0191761563203913
-0.144315836113037
0.0215829596687761
0.0950901220527385
-0.0308064140551698
0.0989282258985303
0.0353898070723388
0.000341579889543247
-0.0286100687614547
-0.00525732659868209
-0.0863078937440638
0.0253279658640644
-0.0653094899032263
0.019764299448872
-0.239627570489848
