-0.104972582686148
0.150746828045731
0.0981255909481707
-0.0406602609964437
-0.0691696558529462
0.0761221210858455
-0.0185052518642848
0.0252568067308983
0.184345550359988
0.0610626399118242
-0.00355332327482136
0.0650952992750486
0.00293485291699609
0.124662260042555
0.0381089004509461
-0.0123057044433337
0.0807260299856029
-0.0524335799417734
0.1090512952379
-0.0146745655856998
0.165198420511062
-0.0585230198750411
-0.149305488854132
0.125519907124649
0.00667982026623304
-0.00482651462207366
0.165315794359247
0.123974034414374
0.156651294133083
-0.0166203443614123
-0.0179473924277983
0.00160661787805251
0.0136898425825565
0.0166890892772776
0.00843472405035398
-0.0676591784054656
0.226742678954407
0.0433422900625908
0.0477851064938869
-0.0960236365280378
0.0673844185513073
0.230203193697984
-0.0935195854132866
-0.0384114233622569
0.000361302156338442
-0.178962016102882
-0.171715631673058
-0.0439775974616043
0.114586045482191
0.067672345229299
-0.0408844695686954
0.0102566112695689
0.0645055997847148
0.144953444457457
-0.185767505598201
-0.0766859067307954
-0.0330748897619596
-0.0468705458399132
-0.157086398019859
-0.0867641362037285
-0.109023975395728
-0.0239770152496666
0.104849076760938
-0.164005620080629
0.0477069274391248
0.126281146221013
0.0392281015071312
0.0707012217289045
-0.0637805040165625
-0.223704207346862
0.0508312613691607
-0.135468982833977
-0.0615117601107722
0.0758738449941903
0.0990766038155616
0.058715148605041
-0.162288782152313
0.16272025421479
-0.0699342240025556
0.00928029640226202
-0.201490327072463
-0.0138051284321408
0.0146695115196617
0.0953977765624536
-0.149046290869585
-0.0594895294936747
0.0486412319891497
0.0947392493711644
0.056317497702639
-0.0351870304382634
-0.058976577135704
-0.0806241609504023
0.174256982281063
-0.0676186937111045
-0.117263947935207
-0.0201035563185709
0.0165721548450496
0.135335075795314
-0.0284820166821914
0.0613204336160808
