0.0555893135411335
-0.103867024530666
-0.0217374368414894
-0.0404207212167877
0.0310157898144091
-0.0987618410396204
-0.0105676567816152
-0.115636297684703
0.0104006946840742
-0.116701878411538
0.0743532489156642
-0.0213701614443587
-0.0716236641069388
0.0701225115428428
-0.180106342655176
-0.212920073781777
0.0449068832161345
0.0515154694577364
-0.0651991704303623
-0.00911058102668344
0.100909393430966
-0.0656280341348826
-0.0219777467037238
-0.121852947962785
-0.0558394397561907
0.0216397351134277
-0.0921280522927704
0.0349307686083993
0.0698465349172934
-0.0580312713744043
0.0783910530906099
-0.0657687942289308
0.0755595113503211
0.00842542112567314
0.124618285718809
-0.0641918838200941
0.0157179454263352
-0.157644394549426
-0.109482546622517
0.171746572153195
0.0285520954417976
-0.0572625699902023
-0.127649270023739
-0.0678367573705694
0.0973443124461671
0.0044216738598116
0.0122790364746613
0.182052782888681
-0.223830647741079
-0.00589756467232856
0.0027951491721526
0.162445817728952
-0.160972479969217
-0.000756653915013085
0.0951726707650678
-0.28220232693932
-0.0506808498337764
0.0134730559839332
0.0961763910371421
0.0140988475882322
0.0338760583972352
0.247958424800096
0.012822653986277
-0.0603690105558348
-0.050927924505905
-0.227278570154376
0.0870930828821684
0.105097180824452
-0.103574251079109
-0.080813243468115
-0.0139095471278362
0.0931508104827168
-0.105657226207451
0.0345185049623176
-0.132283873942629
0.0528522232932231
0.120005054630714
0.0202993152727577
-0.0935699096246888
-0.0336585928757787
-0.0723788954606936
0.078218657170528
-0.136733155405119
-0.00993021557373824
-0.0648074110686893
0.156583281321221
-0.0895722292649796
0.0271200241397183
-0.007570409242795
0.0716031624228199
-0.0630137517968592
0.0921289478575181
0.199229016425002
0.0964766630617442
0.0403861365629732
0.145511504711604
0.145199711370411
0.0793050571063254
-0.0539020364659376
0.090356646118613
