0.0941315414921299
-0.0799792411810761
0.289640532567944
-0.012608170070078
0.0990614184568825
0.144244018849638
-0.336001274299302
0.0696528863461178
-0.0951054610350425
0.0980428854865932
-0.0170952200411372
-0.0188666413322372
0.00677281758369434
0.0585119555447486
0.0653538915214228
0.0349448513080403
-0.0285889655975416
0.116675017324608
-0.0739701732709665
0.119922905285944
0.0705752895653995
0.158111048655469
0.00804294920773888
0.15230142534981
-0.0229746743961353
-0.136876276049867
0.0922239157592062
0.061934881207803
-0.0968345328771392
0.125436040099083
0.0143461790975477
0.143233161696346
0.106176628375012
-0.114615878092554
0.0122015668359306
-0.067055335520896
0.0557257495952666
-0.135427222203598
-0.0128679794200134
-0.116688314745807
-0.0578196845581602
0.0143129711756586
-0.0371938572743488
0.00834725616236776
0.0954502422518124
-0.0656144934229193
-0.0066258887614898
-0.039747922831527
-0.0241543709874695
-0.0867291720075725
0.0723807877495196
0.223940973597526
0.116137629241779
0.0438943232448603
0.0585715492072483
-0.186444041030116
-0.0700072692908756
-0.0381553462943408
-0.0114880659745535
0.121002423897925
0.179554849283515
-0.0469401292292721
-0.0519631889907562
-0.0463664629433676
-0.0159209317122812
0.00087407592954149
-0.024447086167339
0.0374597190867893
0.0612527067330493
0.0250575264456789
-0.0448928830887115
-0.0293187108640508
-0.0384393277221436
0.0233373091749417
0.0779409154125218
-0.0460170681495254
-0.145788670652089
0.106843846055604
-0.192594112005335
-0.0761104929686172
0.0100141108231974
0.0438461866260533
0.0979641475356522
-0.150424642416676
0.0421630100089122
-0.092415037230193
0.181071348436995
-0.145448923782345
-0.0172925135190364
0.109427188974026
0.0604917953880224
-0.106046840852972
-0.085833735980695
0.017892339491733
-0.106861074691255
0.0339049844521968
0.0239459836627223
-0.0474867269408728
0.00356622120138588
0.230616655842295
