-0.122175542307656
-0.126764849175632
0.0646879483800668
-0.0829288905580815
0.0130335073629443
0.202617940071055
-0.129423058293124
0.103019337647722
0.077814496993306
0.18937533239507
-0.165746306689333
-0.039088962565686
-0.103047924265104
-0.0665825767951067
0.0999936062016132
-0.074895884451508
0.174738183434409
0.0179110469167573
-0.0772857963925722
-0.0093877419686596
0.0747157584709697
0.0440045161016307
0.188840099082606
-0.0739168029201265
-0.0565780469703628
0.00318618670768751
0.185307625455455
-0.0474766539631446
0.204552301523963
0.0748018219338335
0.188015234489193
-0.0681486780655708
-0.145605297239573
-0.0140344148797952
-0.023096945525421
-0.0677520540527944
-0.0333777304739667
0.0159417302353637
-0.0122892239440515
0.125053262659791
0.17230763244128
-0.207832698239742
-0.0223598113808276
-0.095868417704686
-0.065473410522501
0.0885209320386369
0.0416634986027352
-0.104093034483559
-0.0356703548343409
0.117255881843714
-0.0486981566571943
-0.0775375722825258
-0.0495447852095018
0.119521792400852
0.0791378330392004
0.0449407265518547
0.191291689171648
0.109269746969407
-0.229031941213932
0.0510108440052031
-0.0285283931748756
0.000813641730170576
0.0428437900370776
-0.0392757850005899
0.00540392845355696
-0.0116928261473875
0.115010509108011
-0.0803729333377017
-0.0297474211262345
0.0824046472157224
-0.0432596069577169
-0.0573589822597337
0.0728064742518518
0.136266239032142
0.0199248287675631
0.0979934969552956
-0.0658893033287713
-0.0504882052586774
-0.0838256378673103
-0.0174021633550318
-0.0534367935753978
-0.0785805151600098
-0.227295349922836
-0.0962396088536576
-0.0869887769312016
0.0332170132203728
-0.134367308835476
-0.0478005928503851
0.00568683962382386
-0.0777704951001773
0.0119153034548616
0.0317045829181409
-0.0240418570019198
-0.145448184584531
0.202031412789342
-0.0516631079909504
-0.0756883688693666
0.0413208878552348
-0.0430012755577561
0.0796740530608243
