-0.0930034774949244
-0.0404771136445116
-0.137487672062322
-0.0799841931042103
-0.111667049753475
0.115786299880304
0.0730036504840511
0.0597441431166104
0.12903515690308
-0.00679380602642852
-0.0344989884973621
0.122016320245698
-0.103766474996278
-0.0965467344496111
-0.0112274529228828
-0.0088875088682781
0.0243511008081101
0.115688636251837
-0.071359247007795
0.00585182609004693
-0.147003604962184
4.10187563250274e-06
0.104675337417682
0.0126378383806113
-0.0283075519538669
0.0412813103130699
0.177520237182023
0.0989857471354918
0.0510949374763176
-0.315183010973414
0.0964203604829153
0.0344094959958264
-0.207602914333539
-0.0894688230737862
0.0341197866561998
0.141285822853406
0.143405691308002
0.100477323310649
0.187098064956332
-0.072823407968526
0.0242945941521576
-0.0247112083363488
-0.0775785060456566
-0.181092638528549
-0.171355401906225
0.0650145726803402
-0.0495269578049262
-0.154647002608061
0.0629034116469841
0.0655203897160106
0.110149411617773
0.0244138394612361
0.311460035511718
-0.0748966694135877
-0.0321678758679347
-0.0532298047292063
-0.00145192032230654
-0.164684118105685
-0.0336812727116886
0.0907953616888378
-0.167346731080839
-0.0282498242979661
0.0306363565826961
0.0696514402229227
0.167613861198951
0.058150983996692
0.0604334340552939
-0.0397334575725504
-0.0172542962437719
-0.0451973461258291
0.0360300573445389
0.0231844224238919
0.0386884550124165
-0.0616803138585896
0.105675378449389
-0.0437615315939059
-0.0120913624839141
-0.0384844242636568
0.114466947106441
0.21435900599119
-0.0214013615224439
0.0835733224953747
0.0748480463145414
0.0977689924022089
-0.0135415994914721
-0.0799895222833481
-0.0971967770270902
0.0502963847997181
0.0510620596281243
0.0122150433435499
-0.131405795864596
0.00290176637728374
0.0293792667334142
-0.0449025012292089
0.0938420400297168
0.100445953770171
0.0139204382142966
-0.133059587394657
0.0132460517292704
-0.0759622707679778
