-0.0359178085202208
-0.203919765357581
-0.0416308585287047
0.0585337982804575
0.0253771093641272
0.164580821518729
-0.153350707037884
-0.0552414053433655
0.12887365570643
0.0497236086815896
-0.0385009610063079
-0.0322883512340329
-0.0250627308608565
-0.00851092131448429
-0.146843718294502
-0.141191910996956
0.073648271070675
0.107566461211655
-0.00364227100672943
-0.0903313524267597
0.128643511035286
0.278079043455028
-0.0149357803449702
0.128687809302786
-0.1656910386868
0.0178417449600881
0.0464693128642607
-0.285633275377944
0.0345042978571578
0.163558166839996
-0.188624515326735
-0.164312862316857
0.0992895714945873
-0.105904793489314
0.0591982866102012
0.0126960531560538
-0.0611690899074092
0.0305523617299994
0.0480531414883982
-0.109726338512484
0.0965489055494678
0.139155579751138
-0.00648527291176736
-0.0721328150390054
-0.155204616128265
-0.179179365083525
-0.0046295714460582
0.0228972127284624
0.11536190276934
-0.150118255111536
-0.00549016358208591
-0.123852921144452
0.123621375498073
-0.0325704324136254
-0.106631570926308
0.00638181529952413
0.110865609417209
0.0348752917598992
-0.0303120017041988
0.0162024915674055
0.0584785807044787
-0.156261745356683
-0.12556067411449
-0.0639518116435283
0.0201081729369044
-0.0558399835759233
0.00687438039410832
0.1025347018803
-0.116487420823979
0.0191083259535427
0.0480358953068407
-0.0453645383879056
-0.0469148514178354
0.00205822220119027
-0.0209740003521939
0.0340929262941888
0.0507258502929662
0.0362138980118621
-0.00955602133278979
0.0588774126374736
0.0409117404797726
0.138969828466397
0.132901005484302
0.0834440270612524
-0.00147945594145015
0.0573971604083961
0.156818234083305
0.112431543623183
-0.0480840783061089
-0.0279220400782556
0.0543185102805746
0.150939386241596
0.087192630824434
-0.0346493406737088
-0.110835150873984
0.0693976646246827
-0.180590597375749
-0.0371892048295268
-0.0400709600771601
-0.0104861103629034
