0.102084854924092
0.114359090450236
-0.186911261656444
0.0637897505501516
-0.0277496006929797
-0.195782631981211
0.0485609471439924
-0.0631097989660803
-0.0790340171017485
-0.120113767206725
0.00405498845025157
-0.0230505616479064
-0.186726998565076
0.00956275672829962
0.0412304486769348
0.0442781207215427
-0.00785363725337958
-0.0273132039463158
-0.0117764626258044
-0.143654029459605
0.199787117522538
0.0908535877772212
-0.045952197126703
0.125367186550037
-0.121589278405166
0.197165358793641
-0.231251553815854
0.0553266806720236
-0.10139849682601
-0.190147006593959
-0.0626781992915059
0.212354666893314
0.0854286731000687
0.0103992111565569
-0.0505831286494648
0.0216769754614552
-0.131869894088873
0.102184100752558
0.00526638407089814
-0.147687189102146
0.000706073040802976
-0.00121795018274318
-0.0213502307068697
0.040713072564486
-0.0286186821135027
-0.0508887893509576
-0.100022369334557
-0.088969432552146
-0.0515464212060272
-0.0720779296974354
0.111235093703509
-0.00853331565691693
-0.0117732471958281
0.0351884881874019
0.0320580240047863
-0.0197105394708327
0.0802527594523883
0.0910769857443538
0.0744093208104813
-0.210014634152304
-0.0774368629586653
0.143619448661766
-0.00875873135561244
-0.109043809504837
-0.0414213473277751
-0.0371784767996789
0.00543961798271747
0.141998513522535
-0.222257066607162
0.0979446382497528
0.0615690177465593
-0.0789469944235237
-0.0558867924676407
0.0843277775669464
0.0240314634389529
0.0600383685799767
-0.00142477859833215
-0.209420636873529
0.12295346614077
0.00296955325465444
-0.103449741991891
-0.0203703276942315
0.0970579811449397
0.0737834334573278
0.113913584295275
0.0378969488702073
0.0187360518135193
-0.225880746378442
-0.0233154441820528
-0.00500337068964244
-0.048199769303158
-0.128339434241919
0.146366003856416
0.022435972922207
0.0133415844309212
-0.0694737895962122
0.0430687189830826
0.0617876155160209
-0.115849851702305
-0.0806477882625888
