0.171650005116533
0.00996389000140346
0.0990230572819411
-0.0287736916296056
0.030827745509683
-0.0816039715926058
0.120106368565065
-0.173365967462129
0.0300224191628813
0.136329476456862
0.17718067819934
0.16028073872604
-0.0861144781138327
0.0645448562210983
0.0868778952005067
-0.249860840616513
0.0235374111681364
-0.0204930143679114
0.0823192027539549
-0.000186527144083932
-0.0468225864520331
0.160183845158389
-0.116679673523072
-0.00224583493174126
-0.0342512651156015
-0.0680815616228282
0.0759875338039294
0.0995109507655212
-0.016665194393735
0.175570504186696
0.182176499792914
-0.105367795420251
-0.0218321519823305
-0.0384314789144985
-0.0405586045543359
-0.191931593851244
-0.0352626722212856
0.0558718541018502
0.0939226922612779
0.0595064081069628
0.0465726489736966
0.0481607182841468
-0.0497851347217054
-0.058104256136209
0.0147965078918902
-0.0983111576986638
-0.0999808623056626
-0.0511535364412324
0.0493744318271501
0.191592128996314
0.176240284842441
-0.0558348102114455
-0.0256564440461794
0.0999840047956648
0.0531605306061008
-0.0533300162525908
0.00592321470463862
-0.101363061729741
0.00788454690880636
0.24115541420771
-0.0924127679696408
-0.166843158636732
0.0571317491109714
-0.053663123286214
0.0304439044500003
-0.0194005956316875
0.136142828316732
-0.0855071907737199
0.0505418281505666
0.0942856092464845
-0.0403837198546028
0.126884219860092
-0.0876518644264215
-2.02092788128152e-05
0.227931063722593
-0.0842758180903964
-0.0767433893161232
-0.116087418010428
0.0420160977619578
-0.0097627697549668
-0.132192882252959
0.000281622098112173
-0.194497160367683
-0.0953438106179333
0.00794628140269622
-0.00345563920112008
0.0457608094238984
-0.0267363287820329
-0.061328797701325
-0.00677938084078413
-0.0744710818259452
-0.115037744150412
0.0779595916815381
-0.0773767910181559
-0.12749623631779
0.149638585508593
-0.153686590458364
0.0164564359057362
0.0634093441898146
0.0024118760210778
