-0.0398645951580804
0.00603433847120241
0.201556932048032
-0.191592887912517
0.0866911217150599
0.0575591391765622
-0.00600887227025396
0.01492465246305
0.0798403548297643
-0.0338796295729972
-0.0874004549606731
0.0452859065045346
0.0470501840687
-0.0772938434494178
-0.184899483267141
0.148937146645967
0.00105380923630746
0.0949294540602158
-0.0137746997928715
0.0674975555849312
0.104435540026485
-0.013308171712667
-0.0711265844581233
-0.0124603410061333
0.0309099313073888
0.0397483703882066
-0.126329337046285
0.0697081030102964
-0.0816995766180361
0.0926948706128335
-0.116297964714035
0.170726599733351
-0.00638394824720056
0.0172334353085572
0.056158100762516
0.0583965701968444
-0.00946628415928452
-0.00342150773759806
0.0471257115101822
0.0610306083238091
0.00860310304657853
-0.160759478489998
-0.0601844536494775
-0.149810501899365
-0.087802166711888
0.0791387833236702
-0.0322110004154927
0.132937457908876
0.197162419161813
0.00624387488831205
0.0121900474640338
-0.0663863912093081
0.07924791398308
-0.0641521865297912
-0.00185383149366655
0.0133869402275443
-0.0580705208073474
0.0671712680845768
-0.0208152975080811
-0.0581195946510777
-0.0124221191132219
0.0950664009456364
0.151565631066727
0.0083755703479406
-0.0531641799471133
-0.0131061706102548
0.0588971905521399
-0.0629881672910826
0.163020259800334
-0.111152700264919
-0.21362443290482
-0.0144671659225554
-0.071680084319223
0.0137565392806142
-0.274654811960699
-0.0552583799700276
0.0554364422317896
-0.055861355999225
-0.213066654600382
0.0442531187559695
0.0828141897629328
0.0572348368607706
0.048438183145585
-0.197512349878046
-0.0266455517032372
0.0387290903010685
-0.0332035656250711
0.110509260205184
0.142751738452776
-0.0510570762922566
-0.168666202811625
0.115873735047762
-0.0915273745152422
-0.181683233744871
-0.175739841091704
0.216509246613922
-0.106577674433677
-0.0711352826548886
-0.135325384394888
-0.0539863020584705
