-0.0213774044320725
0.0319021859622208
0.106968191773181
0.202648220188669
-0.0460439112748191
0.0877808881742824
0.0294320436513704
0.00877248135891638
-0.0925152291838378
-0.0222769582500463
-0.0743031787324404
0.13440014685758
-0.0586590119264016
0.182546579461585
-0.0738512689415713
-0.0237253754604258
-0.0333254713155127
0.117144705098379
-0.0966113873660246
-0.16961402610198
-0.0318474518423226
0.0377307748489034
-0.09207876304462
0.0575329273551827
-0.103165998430525
0.159600643035377
-0.11088544521876
-0.295510435831023
0.132884459455008
0.0104259885851697
-0.110184711557119
0.00319837272064449
0.00948183058586169
-0.107925378937502
-0.00196789518831124
0.10573080734232
-0.121649427632233
-0.0181394467663374
0.0233757195772951
0.1903167308646
-0.14490207958835
0.06618299714323
-0.104334490727084
-0.0484149388615281
0.0245652585941808
0.00512165557041641
-0.0574873660726494
0.00668944839667069
-0.0772542058444239
-0.0915255271151967
0.101328585077996
-0.0160765753541251
0.0384867829739142
0.0494753147897952
-0.02549256860053
0.192104933844137
0.0365768116532142
0.0985317168589904
-0.159311931527634
0.144411746926673
-0.0500844884016557
0.042436411846624
0.0340771819834549
-0.122953867221115
-0.0734134596834881
-0.165190410636069
0.240899515989402
0.0181439815569134
-0.133676369038356
-0.0101003655505011
-0.139792964582703
0.0486760261736855
0.122250866711902
0.0223377225457647
0.0729371565009792
-0.108399840681687
-0.0781647602242415
-0.0914507499081683
-0.0813160320555542
0.0607172087464422
-0.129615801490616
-0.0156775880257126
-0.0336481207646838
-0.101488357447636
0.124202195195894
0.218909091845779
-0.0169091680854422
-0.0926261740342336
-0.00800706957430547
0.0423839338803672
0.0687875543683427
0.0037982635263173
0.0569809011413938
-0.151309146750021
-0.0694483456696907
0.00778451692887962
0.0235837401307409
-0.116578518410478
-0.0196971259957366
0.155944392029614
