-0.00565623661194657
-0.0128832733287168
0.0467675916250355
-0.0603317105359715
-0.0327245167877253
0.00558613292581429
0.00588004284973343
0.119357607116409
-0.184148943498455
0.00194787825468858
0.04692173812035
-0.0253681600770913
0.113603662696984
-0.105855839365622
0.0147718507313657
0.0997844237998932
-0.219020729726813
-0.0312076029113502
-0.0885700338912905
0.0821079774491692
-0.0657704181160635
0.04119599162585
0.0819237907975455
-0.0803051441628739
0.0601508126854108
0.0455336920347027
0.0138464832597523
-0.0987498241784094
0.00757321359563677
0.0472576056529535
0.101156812229442
0.0491350124204058
0.239032859858275
0.0341883908834636
-0.0688566799768879
-0.00332052706295197
-0.155735863214847
-0.0615032784837272
-0.0217226854639103
-0.124493598750686
-0.165087757549103
0.0543604351570806
-0.174399872046011
0.0774797557307217
0.0689179411420508
-0.076373667440288
-0.175660394325118
-0.133075008407729
0.0431814481312401
0.0522670987129502
-0.101756679968852
-0.0612882324546411
0.144101793808045
0.0969800965422233
-0.136816390771738
-0.0241923142345641
-0.0128193553309047
0.0805756278292958
0.319077654467345
-0.137380584151175
0.10400209916414
0.10271426890683
0.0752520633034381
0.00305533662442282
-0.00666439285939569
0.0881148125050595
0.0774687240801432
0.0346105105547906
-0.0267219470318377
0.0592338356116251
-0.000495468540153097
-0.0472806856010407
-0.0620544164180144
0.149071712266409
0.0354677837760464
0.174389492161139
0.153873507144683
-0.0455843503191855
0.00305232185514232
-0.079715850252738
0.0663887962064372
0.135720287072019
0.0547613439658031
-0.136095647051149
0.0390248505703591
0.0349993325786574
0.0027612714158907
0.208239752089717
-0.186285580786826
-0.056649253518996
0.00194124492202766
-0.075957113339374
-0.221073784279212
0.00559385312574702
-0.0923394423000422
-0.00524714671877967
0.0914728755780546
-0.119175884936682
-0.0257325554608315
0.112634996779392
