-0.0886055163041004
-0.0922285353557915
0.0102067893691835
-0.30829070143555
-0.144303171785943
0.112662422365482
-0.00697250773342075
0.00447123165392276
-0.0604891769256256
-0.0319862366491857
0.0955860916775319
-0.0495929982007463
0.0197775829869321
-0.0228429971390919
0.0570015161358564
0.0191509151184816
-0.088155947930448
0.0477118480841412
-0.13714664825554
0.0301736502311109
-0.105692094153765
0.00019426542433697
0.0763396001256898
0.15652284786662
0.0582531818495077
-0.00765385926646243
-0.129648292361151
-0.157768811639795
-0.0644812645366453
-0.103434616651943
0.0620749703632759
-0.0392899219236208
0.0391079923883524
-0.216695668495185
0.129095345829597
0.016905165055637
0.0108400161726451
-0.0702406412952752
0.100557339039869
0.00495038752771262
-0.149052718368157
-0.103998956410345
-0.195700309103986
0.0912313998349872
0.0478718329188346
0.00055076025605232
-0.126248691179538
0.160822868391128
0.0431845417701042
0.0918307056119475
0.0947118912053981
0.134875890181829
0.0728939642173311
0.13528395999116
0.00310245249117726
0.0616525360767756
0.0368945810821197
-0.0818744192714425
-0.0572637795814586
0.245218101274303
-0.0341273432285849
0.132163057295015
0.172105982585969
-0.0764550942136753
0.125460741828284
-0.0633276190511267
0.127287428719156
0.0937130624431603
0.0333736448593867
-0.0856436280552499
0.0481131370657075
-0.0533298094369388
-0.0642046210605783
-0.220241539204301
0.0895015939249929
0.000161926879828257
-0.097378852997421
0.0419925538303726
-0.016707414763094
-0.195643974249898
0.0642784197844695
0.0691596578155259
-0.0188567701169518
-0.0495664893000218
0.206763768168695
0.0253626818871976
0.0206305220325566
-0.0465644190056767
0.00733486957351076
0.081932523214736
-0.0797194819825486
-0.032268154690682
-0.0459129500569674
0.032767439402212
0.0226627700552409
0.0870932368116691
-0.0627071912424469
-0.0342041949996488
-0.211122469958086
0.0313386229571604
