-0.101200443838562
-0.033293449585788
0.218983014203588
0.082074734395265
0.0261605231188989
-0.039176957364308
0.0765108829378005
-0.0266251812265271
0.0320735917718695
0.044786937481777
0.107216735450927
0.147758923136663
-0.154433314105612
-0.00334438828893163
-0.0324259355031043
0.022151495512877
-0.00939942494376001
0.128047785440254
0.0148613790289942
-0.0394355058582764
0.0657697590066295
-0.0931094323370081
-0.0721398820504658
0.200489826414062
-0.0256171364126255
0.104122651324376
-0.0464839784065462
-0.120743864752606
-0.119727957987898
-0.0255498344383513
-0.0271087013005826
-0.0981503690919891
-0.0326966637191454
0.0374491660053746
0.0204378608353094
-0.168949757873354
-0.0468573722524366
-0.129262441440508
0.0528852032815351
0.121219634758661
-0.105420734645863
-0.0731486766907448
-0.0393831181939348
-0.04370636241046
-0.163767883936693
0.0111618582499067
-0.174168835058468
-0.0171788306431222
-0.00624001558589093
0.191333951871291
0.0371105687876367
-0.000107069133938409
-0.0948182223506442
0.0231691645414451
-0.11548443634696
0.0533703129999536
0.0456649517751351
0.0813446143294458
0.0977471631509414
0.0666435050059269
-0.0369567822727865
-0.0300309641298305
0.0832465304703127
-0.0653643074498823
0.00416033284982801
-0.0969021947488435
-0.00752511787866542
-0.219430703844895
-0.211740311765678
0.119351476869949
0.00898385545220053
-0.221047163809555
-0.0813227449186291
-0.191001774226709
0.0489145193006284
0.0136899873575436
-0.00750703859332541
-0.0802723929358103
0.0878121997273383
0.235624877481276
0.0327732525659955
-0.0727850779731727
-0.109476528066057
0.126713439720025
0.21677430104485
-0.114969525606688
0.0817793745413404
-0.0565446464334533
-0.102253798623394
0.0850250575429364
-0.0609080084452239
-0.157996153474034
-0.0529622331295009
-0.0377149237429233
0.0384956529027285
0.0149861777504101
0.132936825467636
-0.0288177655431153
-0.0118528271979038
0.177331623005095
