-0.0449026270197019
0.058708772290509
0.00709328576838717
0.019038660779546
0.0621407614784013
-0.162095195280779
-0.139969018448148
-0.102829756761991
0.0650493458730727
-0.0258036391844453
-0.125737402170067
-0.102593655404233
0.0163227744414282
0.148285127500364
0.0304891776463428
-0.125238128346031
-0.0793431703188755
-0.00505982659670875
-0.0817145531115352
-0.0608041487293399
0.019313391563502
-0.00329590450848496
0.0609347543230326
0.202265354951377
0.169389252603141
0.0432160622015693
0.0836201314904993
0.199142286335813
0.0631360473752283
-0.0285061322941264
-0.0679992015118514
0.000187181878481038
0.0574771386299317
-0.0856902044761098
-0.127525491031125
0.0398148877767598
0.185084110005978
0.0225083820563478
-0.0844397199068407
-0.0432750305313705
-0.00312646652495358
0.15010076993168
0.0608294518235168
0.128153076675467
0.0900259975600724
-0.0813189267596682
-0.197702708664655
-0.111123745087095
0.103091030904874
0.0406339419754652
-0.0107231317446255
0.0715778511227728
-0.114661511646211
0.042839682692434
0.0536605608621065
-0.0450735199932016
-0.140631960052511
0.000597302097004572
0.000942748951149133
0.191268688141702
-0.11876221440334
0.152594465339015
-0.235921612096755
0.1166851888953
0.0595991087192092
0.184156832574168
-0.172716074075959
-0.0634257604386646
-0.0715676980925839
-0.173339293463858
-0.0790486901079163
0.0388513758312854
0.0902070863434039
0.0305156611780833
0.0428018482304528
0.151546437058621
-0.0781814469024037
0.00678289433084849
0.0118136217548835
0.133543067482629
-0.0175349591721728
0.056003791721911
-0.0390720309381088
0.120590718486458
0.100274577587648
0.0628249479118689
-0.0222943069503369
-0.148722024903586
0.0417997149357747
0.0872363234714876
-0.0282841040975908
-0.0831746243580086
-0.156398619967217
-0.0149331928312339
0.106078841829216
-0.0237147539325823
0.0154482556436024
0.132689801710646
0.172993692952432
-0.0644288063557609
