0.0656075356953695
-0.0341792640810016
0.10741185703062
0.131467058302524
-0.137854567061888
-0.00391790297851479
0.0667957061227163
0.107419047035133
0.0271939072575677
-0.00598580537501491
0.0555631320646704
-0.192131124900303
-0.0582462025418839
0.0325226754272351
-0.0575374910965816
-0.0371801508226256
-0.109565787330006
-0.0217236125123567
-0.0105013488023236
-0.0557861654442771
-0.0864660609315251
0.0808801152779124
-0.0810060165810576
0.155977877442419
0.000683727441734652
0.138644350008582
-0.183983021711992
-0.0932772686026179
-0.142149373597992
-0.122302360570805
-0.0394846860228098
-0.0464754517089462
-0.0876325494987741
-0.154473215687266
-0.065707795125927
0.149926833643892
-0.205820133674797
-0.218353161279116
-0.0984779538607272
-0.0662776463656696
-0.0697598738094748
0.0995548721190343
0.0367881796474696
-0.119790149168405
0.0216748534020031
0.0109237339172101
-0.108063154900869
-0.0214092300779529
-0.0454194421803668
0.0645009359635147
0.0804915788381693
-0.0503348198559329
0.0132474117323138
0.100274026215702
0.0670368772578381
0.0246378308856595
0.0647285661315225
-0.13463795441142
0.0753134745492548
-0.0715413388109507
-0.0935302588430998
-0.080959020470149
0.094601330854969
0.0125673722463994
0.210990541754044
-0.0224551880898005
-0.0587530442446018
0.0557962568417803
-0.143821420208989
0.172493976189635
-0.0474651081305441
-0.0988783584444087
0.141380984054864
0.152462448925387
-0.0989007690802558
0.134771944128784
0.0455129061001821
-0.0460590786625887
0.0343977533590685
-0.13226808870688
0.206274744909505
-0.0792101890001606
-0.019648465724515
-0.0612521696119105
-0.104647525771896
-0.0023573410480051
-0.100503606863008
0.0553083398563754
0.179352329547493
-0.0975455077321003
-0.198265009043209
-0.0723561859571446
0.0519097057292565
0.0139007540423484
-0.195741371336792
-0.0612488261784455
-0.0587865299329972
-0.00304307946908709
-0.0286184481985695
-0.0713955121169929
