0.16009645309931
0.127937793996979
-0.115128210429418
-0.112268361889732
0.114087973973984
0.0401946712009118
-0.108061775484504
-0.0161220527136077
0.0326192481996978
-0.0375217409551939
-0.0980910496540249
-0.0981330494352786
0.0427875833062078
-0.0226851363695577
0.14967603035897
-0.112266401269385
-0.109961594084351
0.133283531626394
0.0131445530986463
0.129921512546179
-0.0513413225186094
-0.0476855268452727
-0.0356685971518103
0.181172650072835
0.0945710305957663
-0.0593865416634331
0.23344516775936
0.0584448324428462
0.0697858009123145
0.0803759538719158
-0.0396195901031714
-0.0425055670115181
-0.189825817517518
0.069694782162746
-0.251925594270701
0.108104640849129
0.0147511081526543
0.0941143168111513
-0.127323997210123
-0.00184707388422198
0.0647775595740767
-0.0536290830404154
0.0873636529201535
-0.0364887869525787
-0.148556320074307
0.13877204484392
-0.0900441650129565
-0.02629313622225
-0.0818301511910104
0.0351164871259974
-0.0706091606281345
-0.0107852793587344
-0.0287147356098219
-0.0585523563522389
-0.0639120885074331
-0.0495147497665453
-0.0587105476715976
0.261759035549089
0.100769038037463
-0.0633545145068304
0.040608109813874
0.0146386382112471
0.0259969654584192
0.0210178470470738
-0.105817695242707
-0.122765140579939
-0.0666695090983968
0.00457954430394773
0.0117126719938098
-0.0532111089112758
0.063730446524109
-0.147635773288361
-0.183482425068843
0.0312258502112687
-0.0329417229429319
0.0321911864596372
-0.0183830970689793
0.0406134458163056
0.0570380296983603
0.0227099725598809
0.00557047765140661
0.0758735339226283
0.113213922138587
-0.0978763582304246
0.134671611721075
-0.0444208487604189
-0.202939860803494
0.165406815412513
-0.205868434273717
0.130266153105148
0.00665798394051158
-0.00709543725229177
-0.0614207268724292
0.0835782549432251
-0.100486672116902
0.0691779655943526
0.038216210317166
0.0825323993039276
-0.0826226993439517
-0.189629509798085
