0.133087677833796
0.114754981039787
0.038828709116261
-0.0201458794063706
-0.0711687404261531
0.0341440768299105
0.203105399588529
0.0438404354628187
-0.0379985491671313
0.0612852609852214
-0.128247367089657
-0.158578009379327
-0.0799843287809949
0.0447633620229018
0.143738266328809
0.126942524965405
-0.15887535745109
0.077311707124759
-0.0190005681768077
0.070651741283155
0.12587742054849
-0.0493753371314809
0.0832446727468109
-0.000371697690004863
0.0923947916097713
-0.0619143865587124
-0.0702442197019223
0.00346531953755592
0.00325586955974597
0.045529672790402
0.146248019130658
-0.0161018096659362
0.0639614328841371
-0.0572492037652921
-0.0279816245433831
0.0745253360943979
-0.0105035195740853
-0.0900522212789086
0.209250197274917
0.155928529292544
0.0213160985248262
-0.221145456954673
-0.0238288587532117
-0.146890501221567
-0.0402994515351547
-0.0498085967474614
0.0956675804161279
-0.0099573557677159
-0.180842507230736
0.0134181664421026
0.0556412015000752
-0.0706359856121345
-0.178158381698857
0.000596132365506142
0.147032439955299
0.121417597194998
-0.0941131429141756
-0.119254883354587
-0.0668385804654112
-0.0825056770101874
0.0831835147204848
-0.0666991587176376
0.217550491591422
0.137249630900761
0.0411420237388223
-0.216486214953298
0.0484756158546174
0.00988786439842115
-0.00236018428361626
-0.0610542587698165
-0.00167898433577659
-0.116713482667075
-0.221149715583924
0.00966300151980219
0.0865724960371776
-0.00747075536671961
0.14913903195361
0.0452753463241276
-0.0169349906195706
-0.0819969429945171
0.0470774342717103
0.132497817724002
-0.0163620167983714
0.0729665559993715
-0.0763428695423591
0.0873643233236396
-0.0822452135843497
-0.00839342003451384
-0.032619505910343
-0.091575417309993
0.107629098059144
-0.106287306780958
-0.0194300714650537
0.180690494272743
-0.216017723851009
-0.000215682564122315
0.0196235729314745
-0.067964205785043
0.0907733972864588
0.00340747085867543
