-0.0162587298080904
0.164061499163301
-0.130261534413461
0.0580091528310421
-0.0243698505290423
-0.0134506536838829
0.070760080720167
0.0910429783181957
-0.0611417003170956
0.0199616448457236
-0.126822937323112
-0.0847181632373018
-0.133862247242096
-0.0360107096914298
-0.214637226581985
0.0299027013258785
-0.0124412633674
-0.0706937554767298
0.0531253379631357
0.0652229639392494
0.0221284333333702
-0.0177642961287837
-0.111763556110216
-0.0579240369190952
0.204520694387628
-0.0912305525241997
0.078216279855776
0.0258515858774706
0.00354988092304206
0.060763382503548
0.0986404763629625
0.0189200300809553
-0.119338941308167
-0.0317169428686939
-0.0900400593362313
-0.00653703844732657
0.0321823511311268
0.164996326940402
-0.0449428368595895
0.0561012990203074
0.11321060776666
-0.0629186818326798
-0.083541638885832
-0.0988106909169122
-0.0543160140861235
0.131659263229959
-0.163299253050812
0.00686446721106793
-0.0593295803372768
-0.0499413205648692
-0.187018137148477
-0.106650902676078
0.108876683232366
-0.090898847688525
-0.00420297701783702
-0.0300357580456341
-0.124385305605007
-0.028831926055371
-0.0561761716009649
0.117553731908079
-0.100714045203633
0.105094526973959
0.140376524733457
0.05102476975691
0.0133604204630361
-0.133476099816433
0.00910982778588598
-0.00598638833354796
0.118935994126881
-0.00254979031533213
0.215621065065594
-0.202728053767556
0.120038988086579
0.0911650358643872
-0.000322184756423358
-0.11265609196537
0.0396043789516641
-0.128499274102105
0.0328373627623555
0.0588003768249288
0.0679821813532938
-0.0974288888536956
-0.191773468809959
0.0538854080006026
0.00964591900484096
0.0451013831259113
-0.04044772544564
-0.176117082474076
-0.0264859778717107
0.144172741781087
-0.179220238664717
-0.0210657541432381
0.0676827557535203
-0.0385588880061341
0.135279517914604
-0.0592392514184523
-0.0572104521051341
0.301102426207483
0.0816307359813825
-0.0933998472553622
