1.000000
1.192002
1.990278
2.000000
2.000000
2.000000
2.000000
2.000000
2.103771
2.575275
2.811359
2.844186
2.889217
2.927786
2.928261
2.951897
2.971743
2.971899
2.983808
3.000000
3.013843
3.208310
3.303277
3.401966
3.552380
3.661299
3.736648
3.819679
3.891298
3.944392
3.983166
4.000000
4.038147
4.326436
4.443477
4.489108
4.532457
4.584478
4.720801
4.749548
4.883585
4.938323
5.000000
5.000000
5.171083
5.198550
5.313389
5.416571
5.499089
5.566860
5.610551
5.728734
5.759936
5.820044
5.902803
5.914470
5.932865
6.000000
6.000000
6.000000
6.082552
6.506762
6.588593
6.765080
6.827899
6.869180
6.894918
7.071630
7.202344
7.279149
7.766200
8.517169
8.662022
8.737830
9.000000
9.045584
9.177756
9.204126
9.250340
9.374215
9.508711
9.807985
9.923403
10.193001
10.606700
10.974314
11.037936
11.190942
11.314220
11.451768
11.534120
11.735819
11.830855
11.935080
12.082745
12.190221
12.199252
12.286558
12.316339
12.453375
12.536763
12.770197
13.000000
13.074704
13.135543
13.543310
13.616724
13.744375
14.036118
14.228997
14.256560
14.381240
14.421960
14.595234
14.937007
15.000000
15.000000
15.212896
15.548400
15.769746
15.830931
15.951140
16.000000
16.000000
16.000000
16.000000
16.087989
16.138086
16.208303
17.001478
17.045493
17.199545
17.230218
17.730760
17.892100
18.040003
18.181444
18.649298
18.788515
18.799151
18.905730
19.437060
19.620515
20.174260
20.287626
20.692533
21.083689
21.373537
21.798877
21.989614
22.154857
22.302851
23.021167
23.975629
24.489697
25.465385
26.167364
26.784849
27.153595
27.605899
28.185826
28.847597
29.423414
31.520134
32.732100
33.889639
36.145141
43.660811
44.595832
57.158732
66.039927
69.135285
152.000866