1.000000
1.415923
1.764438
2.054711
2.309273
2.536999
2.753226
2.928688
3.103504
3.294170
3.512663
3.675818
3.882147
4.024910
4.181060
4.336706
4.504442
4.665012
4.792687
4.988946
5.090741
5.273394
5.384146
5.555997
5.638050
5.817159
5.941052
6.047673
6.262938
6.314511
6.499297
6.573039
6.783355
6.872467
6.978446
7.154574
7.226737
7.439336
7.445209
7.686835
7.699861
7.914995
7.941694
8.156989
8.257239
8.330187
8.564094
8.590698
8.706373
8.877235
9.009215
9.052018
9.211111
9.337678
9.436555
9.581220
9.626923
9.799189
9.960605
9.977680
10.129831
10.285427
10.337208
10.497936
10.591152
10.718493
10.844640
10.934025
10.991025
11.248735
11.333724
11.399919
11.468701
11.692682
11.732696
11.906190
12.001092
12.084928
12.239384
12.362065
12.432952
12.600528
12.671987
12.816551
12.894141
13.072919
13.098912
13.294910
13.380217
13.468909
13.576456
13.774164
13.821522
13.949954
14.062700
14.158799
14.303846
14.431370
14.549829
14.593004
14.795757
14.893763
14.955302
15.153278
15.209104
15.402615
15.414045
15.595695
15.748579
15.802321
15.991049
16.042405
16.189009
16.366283
16.426492
16.551870
16.726795
16.860389
16.922991
17.080430
17.217487
17.389957
17.471744
17.657816
17.741068
17.853747
18.033320
18.135389
18.353971
18.454700
18.562615
18.758732
18.894470
19.017906
19.097850
19.352375
19.448751
19.673059
19.713967
19.943911
20.087307
20.232786
20.373938
20.590141
20.728898
20.840226
21.030343
21.218978
21.426667
21.561899
21.836094
21.911884
22.137394
22.348625
22.489067
22.814950
22.912616
23.248648
23.406426
23.607633
23.948451
24.248318
24.432014
24.807013
25.011817
25.381698
25.785774
25.996259
26.736367
26.985614
27.796931
28.303582
52.365272