-0.13543752
-0.04072113
-0.01693451
0.03041253
-0.05931708
0.12805955
-0.03845255
0.08427660
-0.07227369
-0.07269151
0.17373835
-0.06892562
0.04519813
-0.16270151
0.02602494
-0.09605752
-0.00368794
-0.04933354
0.08151603
-0.05290960
-0.13371817
0.05058881
0.03709847
0.00552395
0.15062103
-0.08569566
0.03699317
-0.00981113
-0.08490494
-0.05955145
0.09657987
-0.16916017
0.05664702
-0.05479954
-0.04719737
-0.03750328
0.03733246
-0.09489025
0.01610962
-0.05459252
0.09870503
-0.05712123
-0.00018448
0.05239114
0.02382706
-0.00140614
0.03543961
0.11606318
0.05238839
0.02216579
-0.05019272
-0.05652295
0.01494647
-0.01866970
0.01338158
0.26101713
0.04181517
0.00552582
0.02744706
-0.06270900
0.04707931
-0.02569266
-0.02217993
0.01923544
-0.11555102
-0.01007921
-0.09468852
0.01338399
0.07599721
0.06804643
-0.10749602
-0.04426895
-0.04230830
-0.02166912
0.03743715
0.04068749
-0.03515656
-0.10745066
-0.16890373
-0.05551388
-0.04583474
-0.08675568
0.11072374
-0.08630800
-0.10215377
-0.05824906
0.00399916
-0.01141578
-0.02177835
0.11847780
0.06365109
0.03498677
0.01830107
0.08316205
-0.03149830
-0.12603216
0.02365411
0.04853922
0.10077730
-0.10762655
0.02762726
0.07074012
-0.02315463
0.04244577
0.12902453
0.12105937
-0.01176501
-0.11692251
-0.02940007
-0.00241209
-0.05530351
-0.01644267
-0.03794401
-0.10713126
-0.02844120
-0.04463312
-0.12323387
0.08012881
0.14700650
0.02548893
0.17305576
0.10657899
0.01422871
-0.00746997
-0.00990132
-0.01718410
0.01811479
0.17187943
-0.02883916
0.08125853
-0.00341092
0.02726311
0.03640347
-0.07212453
-0.09502678
-0.08157697
0.07109727
-0.04763468
0.05789324
-0.09389823
0.11525577
-0.06296044
0.00481817
0.14649851
-0.09572211
0.01864620
0.09248150
0.00175529
-0.04033152
-0.06730143
0.01985093
0.04521619
-0.03873642
0.10746189
0.02099631
0.09692939
-0.13343123
-0.04511624
0.05232963
-0.00106056
-0.10020194
-0.05254123
0.00014304
-0.00798844
0.05886559
-0.00014548
0.07024675
0.11931266
0.01154264
0.06099289
0.07737015
0.06339850
0.05365814
