-0.06418238
-0.16693073
0.03538731
0.04542640
0.01068864
0.03671570
0.06247119
-0.07172792
-0.01407073
-0.01534032
0.04228069
-0.02877509
-0.08300923
0.07857313
0.14860308
-0.00541496
0.13520839
0.02184372
0.03221024
-0.06069654
0.01512537
0.07535226
-0.12408800
-0.10065348
0.04990208
0.02710522
-0.02998656
-0.09096001
-0.03632106
0.05365629
0.06262893
-0.04690721
0.06941272
0.05346919
0.02455836
0.07978975
0.07696612
0.01432564
0.09129236
0.02803722
0.05129769
0.04909682
-0.02636288
-0.14216728
0.00337093
-0.05261259
0.02377540
0.16092450
-0.04222569
0.00572204
0.05517383
-0.03107110
-0.05594363
0.11031788
0.00205303
-0.00039466
0.07834198
-0.03262444
-0.08573082
0.14776789
-0.06151679
0.02199631
0.03670880
-0.04195154
-0.04627854
-0.01969759
0.09537995
0.07302611
-0.05499581
-0.04733963
0.11983014
0.09934093
-0.03707652
-0.05625926
-0.09574791
-0.02542399
-0.09750040
0.11622520
-0.08791939
-0.07690266
-0.00137231
0.02322790
0.04751778
-0.03751400
-0.03938913
-0.02797755
-0.05879166
0.01231698
0.01603848
-0.16640591
0.16933106
0.03697058
0.15768264
-0.10270064
-0.06849689
-0.07196559
-0.13858585
0.08736016
-0.00982622
-0.19550262
0.01180675
0.06677489
-0.05345903
-0.04101039
-0.00739704
0.03491339
-0.02785524
0.11189180
0.01765735
-0.01113699
-0.04486696
0.01977661
-0.03756468
0.02869292
-0.08299649
-0.08332466
-0.03030209
-0.01525795
0.04422163
-0.18247732
-0.00575255
0.10125156
0.13842879
0.00009705
0.04099728
-0.03040189
-0.00891748
0.11279499
-0.05176004
0.00471989
0.10460626
0.03530843
-0.03340175
-0.00703900
0.08136261
-0.06726217
0.04148429
0.02966401
-0.00372665
-0.06722475
-0.08183666
0.01461621
-0.05406069
0.00354199
-0.07177191
-0.07017668
0.17283554
0.18137967
-0.03104024
-0.06966733
-0.05003881
-0.05350450
0.11721903
0.02667267
0.01500380
0.12799372
0.07902205
0.05441818
0.00655042
0.13463493
-0.12725609
-0.06119243
0.14143753
-0.02416492
-0.05081753
-0.05346183
-0.00535314
0.15013656
0.03246983
0.10358779
-0.00060268
0.01180483
-0.14605489
