-0.00086149
0.02768141
-0.04737221
0.06518028
-0.13444185
0.06348396
-0.06984329
0.09732590
0.09205786
-0.07462918
0.11163680
0.10406636
-0.02426569
-0.01236881
0.02323292
0.03516826
0.06842180
-0.06243139
0.03368305
0.07187945
-0.02403981
-0.01579900
-0.06616078
0.04114514
0.04460021
0.02495759
0.08355467
0.11023681
0.01893739
-0.00260608
0.14587359
0.03785522
0.03430028
0.07195663
-0.13828336
-0.01853480
0.01406064
0.15567444
0.01824137
-0.09773949
-0.10026028
0.08312220
0.10093091
-0.12122829
-0.04191395
0.04514048
0.07790834
0.00685979
-0.07441786
-0.00255170
0.00295586
-0.09883571
0.13713705
0.11170305
-0.12933138
-0.07570128
-0.09278008
0.00899950
-0.07814040
-0.12241679
0.11642524
0.01435990
0.03727637
-0.02041285
0.06625119
-0.07313664
-0.10758655
0.02242590
0.06988961
0.00930598
0.00679955
-0.09538519
-0.06005145
-0.05183245
0.14367446
-0.14870237
0.07050203
-0.15477441
-0.06712949
-0.06266666
0.06657279
0.12995776
-0.00468880
0.00237347
0.06967404
-0.08093268
-0.10985596
-0.08168709
-0.00405224
0.03643060
-0.06209922
-0.05327134
0.01726916
-0.01698073
-0.07752632
-0.06027815
0.03227358
-0.02291211
-0.02728206
0.02736754
-0.04593633
0.06802320
0.00953328
-0.02592819
-0.01974914
-0.03708775
-0.05521361
0.15671411
-0.06038515
0.10306390
0.04266026
0.06028083
-0.02044001
0.05321819
0.04867425
0.14456029
0.04778015
-0.02346197
-0.04348975
-0.05796747
0.00715560
0.08755937
0.09067507
-0.08282441
-0.02505631
0.01864977
0.03329685
0.09726162
-0.11233182
-0.12496220
-0.06205224
0.02226754
-0.01767368
-0.13983010
-0.09682914
0.02137372
-0.13782059
0.03452961
0.01581333
-0.04797716
0.12292111
0.00516365
0.06322463
0.02714514
0.06181195
-0.03107372
0.09556925
-0.00589175
-0.09806314
0.10509206
-0.02171011
-0.13973884
0.13423718
0.03906456
-0.21086893
-0.00845792
0.07388230
-0.04019496
0.09498297
-0.02824300
0.06623774
-0.16016707
-0.00624664
0.06412826
0.03231315
-0.04983667
-0.07733987
-0.06927306
-0.01358612
0.03442235
0.06707386
0.05432350
-0.07088140
