-0.03318658
0.09856504
0.08409056
0.10051257
-0.09076378
-0.00528503
-0.03832455
-0.03019623
0.07365257
0.11269477
-0.01593776
-0.08291379
0.04368191
-0.09195714
-0.03629270
0.12279605
-0.08503544
0.11723646
-0.11015104
0.06150282
0.01326228
-0.03594616
-0.08619476
0.05414708
0.02008856
-0.02829878
-0.04683789
0.07410110
0.02170656
-0.09555063
-0.03675203
0.03173182
0.06743378
-0.07827586
0.06320740
-0.18267493
-0.00117037
-0.14325334
-0.05486863
-0.01878402
-0.02715421
-0.02299538
0.09605555
-0.03719385
-0.16020353
0.02316556
-0.06710029
-0.01999375
0.00887049
0.09772428
-0.10220371
0.08986145
-0.04912058
-0.06365420
-0.01213476
-0.03809571
-0.01066589
-0.14771293
0.14821923
0.03099274
-0.12169841
0.08329093
0.06323779
-0.00114485
-0.01188751
-0.04420193
-0.00224572
0.08113895
0.03344880
0.03295259
-0.09979317
-0.12720491
0.16341366
0.01628456
0.03191299
-0.04970281
-0.05637579
-0.07298835
0.12087550
0.04263622
0.01018128
0.09968453
-0.02278513
0.00943177
-0.08023230
0.04372068
0.11761707
0.03367992
-0.00528762
-0.11189219
0.08707828
-0.10071886
-0.10713838
0.08677288
0.02689051
0.02393917
0.15582383
0.08847415
-0.02689729
0.13734279
0.08088684
0.04615780
-0.05417060
0.02914385
-0.00841849
0.00635055
-0.11955734
-0.02823989
0.07979397
-0.04219785
0.19503960
0.05140765
-0.03842155
-0.04443620
-0.08504696
0.15007172
-0.04959626
0.01861027
-0.04704167
-0.00039275
-0.01318297
0.02860269
0.04457915
0.12686319
-0.02497570
0.06591097
-0.12660112
0.08383340
-0.03757475
0.01740671
-0.04395449
-0.10484320
-0.00521892
-0.03381024
-0.04849128
0.06531297
0.17356983
0.12760296
-0.11219128
0.06431584
0.00970726
-0.02425877
0.10701538
0.04688838
-0.05717905
-0.06359343
-0.06226409
0.07955543
-0.04051320
-0.04522701
-0.11339861
-0.09029930
-0.07086472
-0.02770089
0.05265588
0.02345479
0.02740390
-0.00956302
-0.18089281
-0.07201853
0.03101882
0.04786416
0.07760818
0.10634201
0.08943743
0.00073713
-0.02286984
0.00548190
0.00858829
-0.00003919
-0.02277605
0.08715269
0.01666209
