0.03578434
-0.18148304
-0.03892357
-0.00326876
-0.10299688
-0.04662994
-0.05239825
0.02209196
-0.07074219
0.03774986
-0.03630939
-0.07208273
0.04412821
0.03866558
-0.05573655
-0.06005391
-0.07403748
0.00065110
-0.16470933
-0.00117476
0.05785849
0.14608915
0.06823633
0.05965993
-0.02962574
-0.02802411
0.11971387
-0.06434031
0.00128541
0.03445365
0.14948355
0.07370598
0.21506064
0.01931868
-0.04134683
0.02933439
-0.02739237
-0.15268454
0.03908562
-0.06335937
0.07503901
0.11572719
-0.16501825
-0.01863691
-0.07179914
0.08311408
-0.05299351
0.00109430
-0.01155941
-0.05095224
-0.04218334
0.04847323
0.05752833
0.00450592
-0.07613011
-0.05300256
0.03045408
0.05149604
-0.07219822
0.00678755
0.09890238
-0.04455170
-0.01051419
-0.06144516
-0.12546483
-0.03102509
-0.06554542
-0.08411410
-0.01870259
0.03130107
-0.09046701
0.09825764
-0.11280353
-0.02017567
0.01756320
-0.05653580
0.14026312
0.07808841
-0.03930655
-0.16090832
-0.03210013
-0.04075632
-0.02846504
0.02928461
0.02940548
0.03685188
0.08312957
-0.13731307
-0.00543994
-0.12403527
0.21829830
0.04431614
-0.01912781
-0.03186482
-0.02590850
0.01287126
0.06933582
-0.24177477
0.00015958
-0.15017944
0.06907446
0.06157298
0.04613674
0.07280073
0.02057916
0.01541386
0.05049124
0.04862280
0.04763253
-0.03634928
-0.07359861
-0.07274430
0.07917769
0.05799006
-0.00822815
0.04735986
-0.03471590
0.05446520
0.14773593
0.08996089
-0.05571040
-0.00486258
0.07305721
-0.11531519
-0.00160447
0.03071351
0.00721763
0.03283944
-0.04424286
-0.03108162
0.02167879
-0.13170752
0.00247712
0.10920865
0.00297835
0.09987990
-0.01826516
-0.04718626
0.06280402
0.04831516
-0.12062656
0.00369076
0.02144522
0.08680607
0.13022460
-0.07756558
-0.01085660
-0.00661920
-0.06679786
-0.09155253
0.14373972
0.05666217
-0.01681981
0.02597380
-0.13977312
0.06055863
-0.02330346
0.02586089
0.00904339
0.04902991
-0.07235716
-0.13129789
-0.09282614
-0.04606356
-0.05237737
-0.03199214
0.07655627
-0.00298089
0.04577107
0.10240098
-0.01744826
-0.03491058
-0.00232976
