-0.00788803
-0.01406773
-0.06034178
0.02684344
-0.09424355
-0.00599464
0.00352101
-0.01634931
0.05677806
-0.00651136
0.10515370
0.04350266
0.00896962
0.12978778
-0.18577691
-0.01246668
0.00325228
0.02277174
0.04675825
-0.03957259
0.06098830
-0.13645740
-0.05401012
0.01017832
-0.00799419
-0.14374130
-0.00686611
-0.09684935
0.12535337
0.08940800
-0.03704995
-0.11926055
0.06466640
-0.15786075
-0.07734728
-0.15592412
-0.05939803
-0.01755178
0.03000891
0.11097595
-0.05354630
0.01912578
-0.11411033
-0.10765043
0.04510367
0.08567497
0.02679548
0.11305223
-0.05746542
0.00342992
0.01909800
0.06840567
0.06937047
-0.02711194
0.01032104
-0.01617400
-0.11704021
-0.02049369
-0.03416823
-0.08970099
-0.10208592
-0.01737218
-0.05585324
0.01575598
0.01085036
0.05268245
-0.07332969
-0.11107623
0.01669097
-0.02637879
-0.08048720
0.16182511
-0.06050242
0.07230442
0.01787224
0.01247672
-0.03979541
0.08179322
-0.05525417
-0.07372347
0.02113477
0.03712603
-0.04915956
-0.08449080
-0.04070244
0.05869251
-0.02382599
-0.01667140
0.05559677
-0.06770727
0.02433928
-0.04464776
-0.05834074
0.13335405
0.05823230
0.02292141
0.04547330
0.07959138
-0.05729445
0.01505038
0.02967652
-0.04374999
-0.03150397
-0.10018439
-0.09766059
0.05045655
-0.08069651
-0.18914257
-0.17309567
-0.01053088
-0.04306876
0.02930597
-0.05103826
0.06040969
0.08159981
0.04706193
0.00159686
0.02538889
0.02587544
-0.04641810
-0.09588207
-0.02597890
0.08529891
-0.00153757
-0.13812610
0.06322728
-0.10092363
0.02169474
0.01089094
0.06285101
-0.10514076
0.09984622
-0.03530145
0.01905729
-0.08588885
0.01821660
0.10357721
-0.00448175
-0.16501008
0.12333738
0.04525826
-0.17605825
-0.04884962
0.01280479
0.08750679
-0.07214693
-0.09558148
-0.09995800
-0.00695236
0.02539199
0.06371930
0.13668287
0.13693082
-0.01193318
-0.11406670
-0.02880387
0.09684040
-0.15459844
0.08779303
-0.07208011
0.06752174
0.14651352
-0.03645714
0.01747900
-0.00680199
-0.02915110
-0.06871224
-0.02853583
-0.03647561
0.12029796
-0.09917007
-0.07029082
-0.05262546
