0.00151466
0.06668620
0.01664626
-0.01167908
0.01764628
0.03838925
-0.11388219
0.01695469
0.08286399
-0.06990190
-0.08159206
-0.03176904
0.00068807
0.06576193
-0.10156452
0.00815183
0.09851693
0.08263150
0.04012678
-0.04744421
-0.03433330
0.04294655
0.15154429
0.06196335
-0.04645244
0.15939672
0.02546083
0.03669274
-0.09055539
-0.01241582
-0.01974875
0.11819804
0.10708392
-0.04694506
-0.00407381
0.01699619
0.08078986
-0.00259120
0.04581421
-0.19413267
0.16181273
0.02208353
-0.06339429
0.00753586
-0.02696345
-0.04926308
0.10454751
0.08697358
0.16822626
0.11880688
0.06788733
-0.09231514
0.13290360
-0.06773627
0.00451048
0.10641019
-0.02952911
-0.03218414
0.01721222
0.09571561
-0.03756419
0.15701626
-0.05788915
0.05963442
-0.01107590
-0.10713333
0.06110901
-0.00742847
0.00237016
0.04428692
0.08992964
0.11586546
-0.04850691
-0.01027406
-0.00312543
0.03872276
0.10260157
-0.15819001
-0.07195234
-0.12752792
0.15486592
-0.01475115
0.02879031
0.08160748
-0.01773508
-0.04654648
0.04591043
0.04855547
-0.03724377
-0.03023153
0.09564022
-0.06790585
0.05190136
0.04426804
-0.01685800
-0.05929988
0.09164214
0.04919291
-0.03568206
0.00932609
-0.07113059
-0.07397542
0.00966038
-0.01930394
0.02775282
-0.06005603
0.07435847
0.06303897
0.14739460
-0.07035521
0.01699062
0.00848545
-0.01432941
-0.00325267
0.05471397
-0.02187110
-0.04921961
0.08012147
0.00920553
-0.02248058
0.07587729
-0.01339706
0.03362342
-0.05595822
0.12869851
0.10893972
-0.09109940
0.03983997
0.06661055
0.13525881
0.10806947
0.11822912
-0.10932482
-0.14036624
0.16772202
-0.03649731
-0.02689336
-0.07782429
0.10873430
-0.07856092
-0.01725500
-0.10328553
0.01787628
-0.08126424
-0.04341944
0.07842590
-0.04717805
0.00095253
-0.05488710
-0.01998164
-0.01538700
-0.01826756
-0.08279838
0.07685772
0.02273721
0.04809886
0.10276005
0.05986806
0.13465466
-0.09990943
0.04064181
0.11727122
-0.14133464
0.03552188
-0.09850049
-0.01695349
0.01842301
-0.06715543
0.08745531
0.09274237
0.01442462
0.03378500
0.12348707
