-0.00034959
-0.07411374
-0.13082332
-0.08671111
-0.01457224
0.08260919
-0.00815237
0.24518443
-0.08327150
-0.03181238
0.07868344
0.00005021
0.04598281
-0.03923250
-0.12465195
0.02129747
-0.01407940
-0.14804408
-0.02406088
-0.05275932
0.09990093
-0.09113076
-0.00855463
-0.07013100
-0.07653485
-0.10229530
-0.03724480
-0.01365566
-0.00645401
-0.05337168
0.08813677
0.06411146
-0.02344154
-0.02508548
-0.16907242
0.07830579
-0.06828257
-0.01572403
-0.22996145
0.08069530
0.03667049
-0.11709995
-0.04321710
0.02766144
0.07373999
-0.07688329
0.08764242
-0.10601566
0.02402244
0.14984205
0.05500181
-0.00923444
-0.03834209
-0.01762566
0.05586317
-0.07246179
0.01192195
0.05797059
0.02662068
-0.06171788
0.09795419
-0.01065910
-0.07188565
-0.05695790
0.06603462
0.12083953
0.01065146
0.01055708
0.01021956
0.06304085
-0.07329422
0.04841555
-0.02516334
0.00119873
0.02731042
0.01590063
-0.10081522
-0.03873079
0.09844744
0.00569684
-0.06673180
0.11919270
-0.05271539
-0.02144530
-0.16001783
-0.07861615
-0.00622030
0.19510848
-0.02706765
0.03477378
0.04984869
-0.03189812
0.10707385
-0.10381763
-0.02773651
-0.02083849
-0.01512668
-0.04084357
0.01584558
0.04492807
-0.14806163
0.07620364
-0.12937671
0.09696742
0.10545384
-0.10237070
-0.01715770
0.03916358
-0.01174114
-0.02173475
0.11028690
-0.09028143
-0.05064170
0.09392693
0.01812058
0.04671295
-0.01844327
0.07125895
-0.00106155
-0.07152440
0.01243147
0.04980331
0.17109690
0.02919936
-0.04806216
-0.10317782
0.02684694
0.02760088
0.05249121
-0.14508341
0.04001914
-0.10934612
0.09098932
0.09511664
-0.00444429
0.08626938
-0.04000693
-0.07510021
0.11244777
0.03239262
-0.10084370
-0.04534731
0.09361520
-0.02150367
0.00461394
0.11921337
0.04174341
-0.08280716
0.11958664
-0.04374216
0.00071914
0.03546564
-0.06710169
0.09662709
0.15413104
-0.03739234
-0.04943839
0.03491963
-0.04997359
-0.00703088
-0.06778881
-0.07171712
-0.02575859
0.10470538
-0.05859411
0.02935478
-0.02752704
0.04646893
-0.00746635
-0.00974105
0.01813434
-0.07675530
0.05620712
