-0.00087230
-0.04931776
0.04666535
0.03300699
0.07149535
0.00570873
0.17015460
-0.13128642
0.04967294
0.01860091
-0.03044610
0.01822020
-0.00587678
-0.06819049
0.11590201
0.23247656
0.04422702
-0.09879046
0.12810068
0.06843724
0.06811567
-0.05307278
-0.08219114
0.04906181
0.03361857
0.15099195
0.05826963
0.02251566
-0.01544376
-0.00968611
-0.03764002
-0.04604587
0.06667876
0.05584213
0.02184316
0.04785142
0.09000390
-0.00514594
-0.17351173
0.05990565
-0.06751928
0.06931963
0.10277526
-0.02443023
0.06176686
-0.17011112
-0.03662675
0.06560415
0.16882241
0.07093268
0.02710469
0.06230000
-0.03024422
0.03692671
0.04581013
-0.00028723
0.03429028
-0.04708284
0.03648213
-0.08178585
-0.06611764
-0.07178636
0.06307270
-0.12931703
-0.04802322
0.18725865
0.10143604
0.06193706
-0.04528753
-0.01353815
-0.08481193
0.11600865
0.03872622
0.05117308
-0.08414389
0.08785597
-0.04495612
-0.10901245
0.02369412
0.09894521
-0.05726655
0.04218519
-0.03228602
0.06791253
-0.12138329
-0.01790089
-0.02186840
0.11160888
-0.06223903
-0.04388884
-0.13283386
-0.01088061
-0.01834099
0.03198545
0.11210947
0.08867484
0.04287539
0.02579177
-0.03713875
0.10737440
0.07084948
-0.04117073
-0.00338617
-0.06737632
-0.02768430
0.02377076
0.03081313
0.02116563
-0.03789473
0.07248680
0.03595282
-0.07017293
-0.08867653
0.02021483
-0.13258156
-0.05287026
0.03223982
-0.06665913
-0.08550578
-0.00529348
-0.00705843
-0.00328417
0.11474415
-0.11991820
-0.04892298
0.11773700
0.14752872
-0.01455783
-0.07015115
-0.00469695
0.00244429
0.01219280
-0.02836177
0.04743026
0.11148216
0.03634241
0.02847781
0.00159582
-0.13801483
0.01902385
-0.00492978
-0.01276192
0.03814669
-0.04441625
0.02681644
-0.03043851
0.06552906
-0.03697224
-0.09103749
0.11000555
0.01381606
0.07300064
0.07354632
-0.03184334
-0.11829541
-0.13145938
-0.11470116
-0.06621175
0.09100159
0.09935862
0.20742462
-0.07876255
0.01939824
0.07017723
-0.00052749
0.00918199
0.08238171
-0.10439175
0.07224650
-0.04402021
-0.05271430
0.06704603
0.00725016
