-0.04969536
0.00887259
0.02175296
-0.15799315
-0.03391443
-0.06734076
0.03827705
-0.08173023
-0.00176429
0.05804505
-0.01574613
0.09940031
0.04813644
-0.04309786
0.05296475
-0.01495596
0.12231621
0.01751352
-0.00481523
0.03919899
0.01234721
0.11155643
-0.04920915
0.02638498
-0.04405619
0.01208481
0.09717997
0.04211083
-0.00885789
-0.06642443
0.01174654
0.02732921
-0.00804675
-0.01567010
-0.04185319
-0.04868817
-0.13590026
-0.04910477
0.00417922
0.04585443
0.00308380
0.08819004
0.04613948
0.09814983
0.00288573
0.09736210
0.00010843
-0.15274562
0.00657652
0.05462752
0.18085091
0.07674737
0.01714981
-0.12534213
0.03745332
0.03350357
-0.13240135
0.00284578
0.11412272
-0.01450990
0.11566355
-0.11292751
-0.01486458
-0.06487312
-0.00199074
-0.01934492
0.17473264
0.03167057
-0.00467407
-0.04391932
-0.15618398
0.02307815
0.04282113
0.02799626
0.02962602
-0.05102378
-0.09788557
-0.02109602
-0.10400730
0.03921931
0.08493200
0.01493192
0.02647377
0.04842938
0.01626645
-0.12804024
-0.04018266
0.06510450
0.07142824
-0.01402618
-0.04832078
-0.04082599
-0.00328589
0.06988386
-0.15168625
0.06183998
0.08964098
0.01269824
0.03309780
0.03054796
0.01826179
-0.16394990
0.17896851
0.14441229
-0.01003426
0.01727468
-0.08145192
0.01244025
-0.04082033
0.11386459
0.05882076
-0.07438477
-0.11266314
0.06016446
0.01895995
-0.08277866
-0.09800293
0.06832353
0.09856123
-0.14872349
0.07023123
-0.12372256
-0.16245797
0.11250362
-0.03580391
-0.21618028
0.06396789
-0.15681618
0.04151910
0.11370556
0.04146727
-0.11392729
-0.10471911
-0.08824220
0.03526018
-0.01661405
-0.00548390
0.03961704
-0.00900641
-0.06115258
0.05240610
0.07733435
0.03603972
-0.03484697
-0.05812551
-0.13206258
0.02049459
0.05992642
0.01991398
-0.08081192
0.02796941
0.08703217
0.10710118
-0.07986605
-0.04932464
0.05663299
-0.00048793
-0.10655015
-0.04246790
0.09277727
-0.02302033
0.00073936
0.03018217
0.00906356
-0.04879541
-0.04609792
0.03912672
-0.01728988
0.01823549
0.07334083
-0.11991417
-0.01030192
-0.13120686
