0.13321378
0.02753800
-0.06810941
-0.08536478
0.08901457
-0.00665621
0.01713883
-0.02491606
-0.00348281
-0.00890456
0.00055480
0.00049660
0.01360601
0.06223487
-0.03094738
0.06816521
-0.10390439
-0.07812943
-0.00317346
0.01803367
-0.04400476
0.03249497
-0.04062516
-0.04846081
0.03761571
0.02453345
-0.00187016
-0.11583654
0.06776248
0.09804866
0.06823387
0.01961446
-0.00889903
-0.10605039
0.02015269
0.15030317
0.05270867
0.03049486
-0.00312173
0.11130457
-0.00377297
0.04127890
-0.16903644
0.15975440
-0.11588060
-0.00546956
0.07371821
0.00979474
-0.09461140
0.01846869
0.03012679
-0.02509769
-0.06374367
0.00168788
-0.12478129
-0.13593425
0.05717331
-0.05718499
-0.03576707
-0.00066460
-0.09328470
0.10757454
-0.02609352
-0.00150212
0.01290276
0.05797681
0.08611105
0.03721921
0.01879258
0.01940266
-0.07524464
0.09941747
0.02520254
-0.05069870
-0.16609884
0.00317256
-0.03080529
0.00249003
-0.02174831
0.01024885
-0.17128937
0.09369103
-0.10465400
0.14111183
-0.05381089
-0.05365000
0.00426280
0.04617841
0.09627674
0.07225660
-0.10076941
0.01469739
-0.16211411
0.02599342
0.06481554
-0.08237235
0.04762051
0.08966282
-0.08826750
0.00470310
-0.00406730
0.02340643
0.03708682
-0.12768882
-0.01234430
-0.01852963
-0.16998090
-0.09891085
0.09858571
0.00039821
0.02321721
-0.08685892
0.11183868
-0.05402100
0.10612327
0.02262227
0.07568113
-0.02099861
-0.06673519
0.02616093
0.05416275
-0.00512304
-0.06665110
0.06514937
0.03790202
-0.07850259
0.12679268
0.04898564
0.08792894
-0.05084569
0.07517158
0.05875434
-0.13230583
-0.05458854
0.02954681
-0.10852211
0.01389889
0.15621229
-0.04756067
0.04397765
0.02557674
0.09775540
-0.15443687
0.04822278
0.08200030
0.03282510
0.12336464
-0.01382298
-0.01801645
0.08546877
-0.08329559
0.00520579
-0.00262461
0.12756341
-0.07705140
0.03000672
-0.12618343
0.09677659
0.01507213
-0.09031533
0.10968195
-0.12502664
0.04469906
0.02006636
0.05897206
-0.02834121
-0.17602652
0.04220392
0.06317488
0.12361148
0.12878961
0.00666674
0.05924419
