-0.01557598
0.07100153
0.02906080
-0.02243207
-0.25685864
-0.05687219
-0.10473238
0.08503289
-0.06846804
0.01598306
-0.18624195
0.00216097
-0.15331546
-0.02134170
-0.14674605
0.04871212
-0.02906172
-0.08331817
-0.00255151
0.05648447
0.03606242
-0.04672464
0.03863790
-0.03054448
0.03535010
-0.03719818
0.02042955
-0.01281899
-0.10218496
-0.00256423
-0.02426799
-0.04398249
-0.03531762
0.03622718
0.05234235
0.04209550
0.13362270
0.05049443
-0.07908714
0.05422771
0.02204587
0.04156784
0.00674942
0.10986061
-0.03458746
-0.05090308
0.01028524
-0.13644649
-0.11951863
0.13010854
0.06717792
-0.07565268
-0.00865890
0.03338314
0.02077843
0.01549093
-0.08034754
0.06197985
0.01766017
-0.02699525
0.01587574
-0.08386237
0.07451225
0.14071092
0.05207371
0.11847266
0.00557558
-0.16065611
0.04342029
0.18604637
0.05321268
0.03227711
-0.07592241
-0.02179291
-0.03589741
-0.06493432
-0.08755930
-0.01223428
-0.03913845
0.07581841
-0.02783319
-0.09195215
-0.02544170
0.03704089
-0.05867058
-0.21568786
-0.00786126
-0.18863040
-0.04103987
0.09751983
0.03373464
-0.08970393
0.03203623
-0.07643387
-0.01351602
0.06746513
-0.02469264
0.00042179
0.01468186
-0.09213633
-0.03636988
-0.06049730
0.01990972
-0.06518209
-0.09706107
0.11388340
-0.02218997
0.01211348
-0.05420146
-0.01601783
-0.03043688
-0.03338872
0.18135828
-0.07181990
-0.07706465
0.09092238
-0.03223372
-0.05971622
-0.14294383
0.04153169
0.01874897
-0.04190825
-0.04656781
0.03610861
-0.00090695
-0.15037161
0.12769591
-0.00621636
-0.10856279
0.00078146
0.00067348
0.01242323
0.04440421
-0.15076175
0.05502794
-0.00709950
-0.11498728
-0.01272325
-0.03465132
-0.00417946
-0.04590015
0.10845641
0.05969738
0.01030344
-0.09944837
-0.17097294
-0.05100286
-0.09122013
-0.02557452
0.06080534
-0.04914620
-0.02035608
0.08594957
0.08692537
0.00113072
-0.00517391
-0.08025453
0.01726361
0.02201551
-0.06483579
0.02927449
-0.00366580
-0.03308650
0.13057169
-0.08983997
0.01679854
-0.08227243
-0.01377994
0.04843906
0.05487719
-0.02029969
0.13565641
0.03454171
