0.09069449
-0.03055976
0.05126419
0.01278974
0.17356878
0.07126279
0.04190285
0.07721025
-0.02410262
0.08721382
0.06352648
0.00281477
0.03164329
-0.04048535
0.21098002
-0.02324864
-0.04128102
-0.01701998
0.03958284
-0.06420712
-0.05159388
-0.07324826
-0.03118707
-0.02343248
0.03365050
0.05144339
0.03526122
0.00548254
-0.07457323
-0.05341326
0.06100155
-0.04714737
-0.05839359
-0.03100918
-0.05232654
-0.02293891
0.18566673
0.03326243
-0.05154461
0.06221794
0.00639588
0.01192722
0.12894977
0.01555614
0.00513431
0.09860287
0.08421392
0.09364149
-0.06046320
0.01902616
-0.07114225
-0.03502968
-0.05560725
-0.01704339
-0.06127160
0.08870317
0.05337317
0.10191684
-0.02213798
0.01126492
-0.02570722
0.09154480
0.00166476
-0.06313537
0.03742750
0.03417060
-0.02813810
-0.01184625
0.05966642
0.00463545
-0.18941043
0.03372036
-0.03157261
0.00047345
0.02727912
-0.06970712
0.08812803
0.05308264
0.13604628
-0.06758770
0.05398195
0.03320208
0.11289462
0.05898965
0.04790961
0.14022556
-0.05817815
0.00658195
0.11190198
0.04017447
-0.02772161
0.00800087
-0.03791432
-0.06689441
-0.02113058
0.02265184
0.04180745
-0.08234326
-0.10038520
0.13164328
0.02087875
-0.00106173
-0.04474634
-0.10857313
0.02006513
-0.12567143
0.06801924
0.07457186
0.04448902
0.08293618
-0.17539252
-0.01101073
-0.16181628
-0.00309633
0.03879087
0.05016580
-0.03122298
-0.06080633
-0.13105621
0.12298042
-0.08315814
-0.08986259
0.04294278
0.06425429
-0.19605867
-0.03198743
-0.13405392
-0.15674752
0.09134641
0.00687986
-0.16083676
0.00994661
0.08277711
-0.04636235
-0.09304100
-0.01175350
-0.14465220
-0.05527728
-0.02172792
-0.00908978
-0.05825828
0.06983439
-0.03104931
-0.00226931
-0.04429255
0.08135374
-0.19083147
-0.06882717
-0.07093455
-0.07212927
-0.04823094
0.12220217
0.09900584
-0.08822217
0.00387464
0.05934482
-0.11500172
0.04357454
0.11355733
0.04553692
-0.05359852
-0.01146993
-0.02204004
0.04024941
0.14686806
0.00607220
-0.07730531
-0.04415342
0.01672109
-0.00298137
0.06720734
0.09811446
0.04740940
