0.11723933
0.04310432
0.08705343
-0.13713231
0.02754688
0.12285436
0.06697373
-0.01032708
-0.01211123
0.13171354
-0.04633670
0.07284736
0.04256354
0.12180597
0.09172718
-0.04828945
0.04741023
-0.01114785
0.03712223
0.19575227
-0.01093857
0.00550985
0.01248889
-0.05466697
0.00794719
0.09087978
-0.03001319
0.17333662
-0.02647585
0.02642592
0.10479080
0.12018465
-0.09824245
0.02736575
-0.11730130
-0.00428564
-0.07666842
-0.09809430
0.08280800
0.00094861
-0.12145490
0.04547855
0.06166733
-0.07742910
0.02469882
0.08629038
0.12745359
-0.09493547
0.13628203
-0.00861405
-0.05151435
0.07025872
0.09273464
-0.02592402
-0.01600859
-0.02460685
-0.22905143
0.05653755
0.00143391
-0.06649316
0.06386801
-0.12737594
0.10247030
0.06886042
0.04584077
-0.07190047
-0.01993518
0.09225920
0.05909860
-0.10594462
-0.04084059
-0.08451175
-0.05381664
0.07134804
-0.09795623
-0.02132262
-0.10890217
0.01078434
0.03559755
0.04371896
-0.00192275
-0.03547698
0.02314793
0.00855416
-0.05490827
-0.01996450
0.06006641
-0.01263886
-0.09751629
0.01685726
-0.03291401
0.05086213
0.00887088
0.07892121
0.07356877
-0.03946791
0.05447676
0.04326946
0.01034453
-0.02861826
-0.00922054
-0.13313496
0.00562813
0.02788018
-0.07829524
0.02599128
-0.02842556
0.06896488
-0.04733723
0.05053806
0.06359082
-0.00873987
0.09549187
-0.00473423
-0.09261487
0.06732324
-0.09522391
0.04498549
0.12122934
-0.04731972
0.03861201
-0.13085942
-0.08236789
0.04195922
-0.06594730
0.06408440
0.11257296
-0.03686728
0.01997728
0.20999899
-0.02120350
-0.14626054
0.14463909
-0.10023809
0.08085696
0.06373938
0.21426133
0.08586193
0.01984187
0.08916307
0.15228978
-0.03252966
0.08143696
-0.07226239
-0.02625413
-0.01046697
-0.03992490
-0.08173910
-0.02429475
0.06878954
-0.01004393
0.11672354
0.04528441
0.00691713
-0.05240090
0.04941950
0.03633987
-0.09246210
-0.00898520
-0.04234538
-0.09523563
-0.06067945
0.05421365
0.00668465
0.03006346
0.05235379
-0.05613642
0.04554497
-0.01964199
0.00958883
0.01951867
0.01040423
0.05148094
