0.00687280
-0.00814250
-0.04053796
-0.12070448
-0.00128528
-0.08971961
-0.01843402
-0.08297197
0.04578781
0.06101799
0.14955660
0.01825315
0.01126432
-0.04315081
0.09974030
-0.03066190
0.04697495
-0.04446351
0.07530343
-0.00583218
-0.05090320
-0.05839534
0.01234919
0.03056704
0.07817968
0.11073190
-0.03535870
-0.05649837
-0.09123136
0.07459169
-0.01166028
0.10657452
0.06285340
-0.09982187
0.01132921
-0.04360676
-0.05285675
-0.00839684
0.00991852
0.07009633
0.07285343
0.08631093
-0.05689916
-0.02571787
-0.00933655
0.10599625
-0.20232823
-0.05197818
0.03997630
0.10197237
-0.00797328
-0.03120060
-0.07558458
0.03696064
-0.12363349
0.04062199
-0.00814932
-0.10625454
0.03638050
-0.06313757
0.01228295
-0.09147616
0.03241984
0.08081281
0.03484354
0.17296895
0.11223079
0.00645808
-0.05357000
0.14815945
0.12754156
0.11660542
0.09248468
-0.08555740
0.02932067
0.02852713
0.00785911
-0.02992423
0.02560926
-0.13736927
-0.02977117
-0.06026635
0.13772405
0.05703698
-0.16474782
0.03305701
-0.03376349
0.09815911
0.09450633
0.01622521
-0.15111080
-0.07039636
0.05111201
-0.05964835
-0.04702773
-0.03374923
-0.00492667
-0.05046306
-0.02288587
0.07859115
0.04060698
-0.11216353
-0.01605361
-0.01468597
-0.07780894
0.01525927
0.04378935
0.08629731
0.14060015
-0.07008051
-0.03617296
0.03227318
-0.06802679
0.10423485
-0.10480220
0.02756197
-0.07106586
0.03570644
-0.02919484
0.07298730
0.02121225
0.06622243
-0.09592116
0.02517766
-0.05953193
-0.04684123
-0.06843306
0.01545566
-0.04390521
0.00115659
-0.02955620
-0.12454859
0.07218025
-0.10191837
0.10129771
0.06088135
0.05991360
0.05266437
0.08501072
-0.11285301
0.12172843
0.04757214
-0.04028070
-0.01309907
0.02151911
-0.07185315
0.02826287
-0.13331906
0.05276159
0.03027673
0.02727043
-0.00833594
-0.04841429
0.04160994
-0.28686036
0.05355422
-0.05326033
-0.01946065
-0.04033464
0.18380726
0.02105468
-0.05593402
-0.06872611
0.02853881
0.03137792
0.16946408
-0.06152889
-0.08926422
-0.06315563
-0.02818606
-0.06107364
-0.04864684
0.07077956
