0.09176155
-0.09156668
-0.08179665
-0.00604269
0.10274493
-0.04953888
0.05157327
0.13062892
0.04206088
0.07556577
-0.17698229
-0.14571338
-0.05854802
-0.00924558
-0.09267751
-0.00381363
-0.09433983
-0.00366559
-0.15885644
0.13883534
-0.08006988
0.03073783
0.04940181
0.10377625
-0.02406309
0.03530059
-0.09972851
-0.05000586
-0.08800213
0.01521739
0.07204001
-0.06824929
-0.02272170
0.07290272
0.02255882
-0.06007646
0.05921650
0.11293713
0.02415060
0.00716075
0.08606455
0.05110002
-0.07850994
0.00478187
-0.15237556
-0.05207757
-0.01219663
-0.03541378
-0.01845601
-0.07094017
0.01149649
-0.02703951
-0.01573398
0.00690132
0.09854669
0.04161132
-0.10781550
-0.01089471
0.12469117
0.08283339
0.06784134
0.04336530
0.12015803
-0.08442532
-0.02072234
0.12858248
-0.03119624
0.00112222
-0.01250174
0.05510738
0.10189158
-0.05620328
-0.05297405
0.01781777
0.06439993
-0.00297291
0.07299212
0.05524812
0.05492872
-0.01685042
-0.09378598
-0.12763978
0.03110263
0.03062596
-0.22088644
-0.06423839
-0.14146618
0.01845261
-0.08246960
-0.04831056
-0.11261522
0.00237276
-0.08386371
0.11418244
0.07348304
0.01938771
0.09161015
0.08387447
0.04238575
0.02050858
-0.10343290
0.06063457
0.00507108
0.07250534
-0.17986029
0.05279812
0.04422614
0.06057616
0.07542524
-0.00842271
0.02621132
0.01123184
-0.03732019
0.12552665
-0.06977945
0.00771688
0.06329127
-0.01043649
0.00776474
-0.02914245
0.02556430
0.06182172
-0.04301082
0.07211532
-0.00801598
0.00316035
0.10462682
-0.03473786
0.06054865
-0.13904319
0.00281790
0.00511573
0.05168821
0.00366893
0.02708778
0.00815585
-0.05109408
-0.05383787
0.10131516
-0.06221107
0.00786308
0.08115563
0.21099314
0.07239940
-0.01754542
0.06966729
-0.23950905
-0.03179177
0.05143296
-0.00591595
0.19525609
0.05366308
-0.05169383
-0.06548010
-0.02310355
-0.03702055
0.01716656
0.12587634
-0.06333325
-0.01775785
0.07278310
0.05270027
-0.03015792
0.02295365
0.03013764
0.02163854
-0.04022398
0.08004337
-0.08055778
0.09898051
0.03024809
0.05030052
0.01057477
