0.06071315
-0.03195958
-0.00791444
0.07209131
-0.06858286
0.02964069
0.09608845
-0.21405221
-0.03852926
0.00743676
-0.11342947
0.06728838
-0.01928923
-0.04067551
-0.00817949
-0.07212937
-0.01541818
0.04477118
0.01727380
-0.05998644
-0.13785716
-0.08687646
0.06773302
0.05322248
-0.03680264
0.05478332
-0.07481840
0.11483345
-0.08176059
0.08054123
-0.04331220
0.01103381
-0.04433659
0.03469093
-0.05171597
-0.22795412
-0.02523754
-0.06796714
-0.05221375
0.11469882
0.09380686
0.09763016
-0.01287109
-0.08057506
-0.04667446
0.07316131
-0.03494578
-0.09434803
-0.11211543
0.22135286
0.00683451
-0.11460428
0.03167158
-0.01226647
-0.08359068
-0.03830419
-0.09399228
-0.09287739
-0.01175722
-0.05405678
-0.12843035
-0.02154327
-0.00790921
0.18305658
0.03601487
-0.03919012
0.06964038
0.08937414
-0.04480309
-0.07752490
0.00233414
-0.01600128
0.01208986
-0.00731323
-0.06756734
-0.01847809
-0.02551487
0.04198929
-0.07577855
0.02739217
-0.02216228
-0.05147882
-0.09020487
-0.03691976
-0.10333758
-0.01822014
0.17747655
-0.17466692
-0.03857552
-0.06808268
0.00120018
0.06853390
-0.01008200
0.02976240
0.03476179
0.07021790
-0.05551698
-0.00671216
-0.10221787
0.00650675
-0.02229373
0.00538772
-0.07456829
-0.09303573
-0.06620065
0.02272234
-0.00340763
0.06911452
0.04747588
-0.03546550
0.03466510
0.00186289
-0.08583197
-0.06949806
-0.09960930
-0.01343062
0.02367300
-0.08847857
-0.10881462
-0.11954162
0.04907315
0.00960417
0.00536383
0.07556454
0.05853760
0.00385796
-0.11917719
0.07734941
0.04357079
0.02977318
-0.04631830
-0.07095538
-0.08651847
0.10432990
0.14003193
0.13486870
-0.09332709
0.05214715
0.04410008
0.03796372
0.09776354
0.02231151
-0.00972125
-0.17745476
-0.06554857
0.03430007
-0.01023652
-0.13521377
-0.17816470
0.00440869
-0.01952486
0.00996198
0.07292067
0.00069353
0.07748387
-0.00797762
-0.09247146
0.02776628
-0.08833068
0.09305308
0.02777972
-0.00703806
0.12576031
0.02978970
-0.06610550
-0.07998003
-0.04568559
0.05873337
0.04034915
0.05819057
-0.01972192
-0.02697786
0.13752443
