0.05730612
0.04552931
-0.05453424
-0.03840876
-0.03439474
0.01102260
0.06370670
0.04019117
-0.13119865
-0.14651560
-0.04249196
0.03800606
-0.04785045
0.04497063
0.02739261
-0.03758037
-0.05534828
-0.08728813
-0.00208470
-0.10011415
-0.12105674
0.32991245
-0.05106399
-0.01941773
0.00116288
-0.06865744
-0.08167018
0.01516682
-0.11215706
0.02057098
-0.03260386
-0.15262092
-0.04214096
-0.09901267
0.08614797
-0.04690280
0.04404638
-0.00988652
0.04639768
-0.10603837
-0.01576247
-0.08987880
0.06604997
0.13307263
-0.04461543
0.03486119
-0.11020905
-0.04455408
0.00720774
-0.11112452
-0.07016582
-0.15219365
0.04814479
0.07115275
-0.06068771
0.02726617
0.14721743
-0.06149120
0.01420012
-0.02889217
-0.06537459
0.05173176
-0.01862035
-0.06830795
0.02245102
-0.00756032
0.02226650
0.03343696
-0.03719449
-0.04222008
0.03416012
-0.02997725
-0.04014327
-0.04954251
0.08438848
-0.07355376
0.02735280
0.10316425
0.19007186
-0.00790901
0.00704761
0.05171247
0.06810920
-0.07865926
0.11046879
0.02291178
0.00645789
-0.10278360
-0.01112830
0.13558308
0.08918013
0.11074664
0.28302076
0.15493230
-0.06257565
-0.00010842
-0.07878680
0.01806444
-0.02467630
0.08754192
-0.08655753
0.05791121
-0.04239912
0.01153768
0.02349066
-0.14386732
-0.05601301
-0.06469398
-0.05225748
0.03883649
0.07948656
-0.14184835
-0.00252171
0.00987297
-0.07516141
0.04861257
-0.00163091
-0.03314728
-0.01986870
-0.00355890
-0.01715547
-0.04045838
0.06111614
-0.00086086
0.07587449
0.00798815
0.05146038
-0.05547881
0.05869174
0.01582528
-0.10987510
0.02702735
0.04442592
-0.07474967
-0.09352105
0.00775829
0.05216227
0.00640263
-0.00318491
-0.03370464
0.00139919
-0.02339062
-0.03084797
-0.15985528
0.03903552
-0.00255724
-0.00113335
0.05861049
0.06945237
0.10922985
0.05512651
-0.11507782
0.00918487
-0.01106457
-0.09549809
-0.09057884
0.03647982
-0.01234931
0.08015759
-0.09538795
-0.06520501
-0.01641385
-0.01266901
0.00506255
0.15223404
-0.02000012
0.06113113
0.07451937
0.09543884
-0.04295988
0.02534008
-0.09525780
0.00536064
