0.06848243
-0.07121359
-0.02086952
0.00477238
0.10845874
-0.11929192
-0.02617479
-0.00657034
0.05697014
0.01468091
-0.01793734
0.09289758
-0.05208235
0.04629538
0.02538050
0.01396477
-0.09452572
0.03321214
-0.05434796
0.05065020
-0.00742646
-0.06682057
0.00444103
0.03623165
0.08499245
-0.00753187
0.07075348
0.02440599
0.09140163
-0.21398935
0.04510346
0.01051500
0.00380862
0.06050277
0.01289666
-0.08122392
0.11005113
-0.01642424
-0.10718479
-0.00761184
-0.03255823
0.09480924
0.04735841
0.01847233
-0.08521085
0.01516305
0.00346921
-0.02948970
-0.07683507
0.04055056
0.01140229
0.10050417
0.03140858
0.02754206
-0.02256675
0.13408648
0.07746515
0.01639353
0.07341770
-0.03909379
-0.05478823
-0.00654202
0.09719504
0.02737071
0.06091939
0.12031283
-0.01032454
-0.05558937
0.03245025
-0.08815744
-0.04709537
0.05195724
0.04815417
0.07915918
0.13293543
0.04850925
-0.06644193
-0.02781673
-0.07112351
-0.08196480
-0.02958890
0.02513993
-0.14476061
0.07784901
0.04833668
-0.03978536
0.04087445
0.14766443
-0.00846750
0.05735562
-0.14009121
-0.00427729
0.01557894
0.03241592
-0.15275773
0.00611778
-0.09499661
0.11656654
-0.02743041
0.00534086
-0.09108534
0.15072470
-0.03985595
0.03113780
-0.11625307
0.00061312
0.05520280
0.10180155
-0.02189593
0.02802984
0.13597689
-0.05143464
-0.08536219
-0.07134303
-0.10016345
0.13861668
-0.01809247
-0.06665183
0.10213118
0.24416253
-0.16439998
0.15384301
-0.05688656
-0.03997717
-0.02392344
-0.04907064
0.03881671
-0.01421547
0.02912883
-0.11995039
-0.10498480
0.05752217
-0.00763249
0.07901687
0.05076429
-0.01260372
0.06918947
0.00852621
-0.07938876
0.14833979
0.03437105
0.08153768
-0.09562997
0.01458558
0.05186248
-0.07232636
-0.12487662
-0.05516240
-0.09997031
-0.02047616
-0.04609780
-0.00085926
-0.02948834
0.03108329
0.10404310
-0.07346031
0.06840871
0.10636942
0.16653168
-0.01753125
0.07345217
-0.03775490
0.06499382
-0.10754303
-0.09498152
0.08163968
-0.08521587
-0.05063222
0.03073156
0.06682529
0.11247075
-0.07410017
0.07412120
