0.03748252
0.01975974
0.06225879
0.04689587
-0.11203079
-0.03938034
-0.15764888
0.00378749
0.08161734
-0.09593461
0.09434594
0.03181963
0.07289866
-0.10662111
-0.03706898
0.02613551
-0.10208093
0.00603365
0.05010177
-0.09810552
-0.04504264
-0.01532097
0.07727311
0.12084545
-0.00019908
-0.11084622
0.03688618
0.01507973
-0.05270985
-0.02735299
0.10753327
0.09939212
-0.00706772
0.15503606
0.03284825
0.00104004
0.02196063
-0.04663420
0.09842939
-0.12029264
0.05813937
0.11994297
-0.03224460
0.16166193
0.05982751
-0.16983601
0.14026730
-0.06472386
0.13620077
-0.09865513
-0.00797876
0.02955518
-0.05697394
-0.09008479
0.00270261
-0.08008722
0.10181016
0.09748751
0.01513012
-0.03346148
-0.13047943
0.03995764
-0.00678317
-0.00430552
-0.08428023
0.05909209
-0.03838091
0.00242590
0.01149720
-0.06317206
0.04958883
-0.01844805
0.15539832
-0.19946747
0.03454734
0.02072528
0.01690882
-0.04263329
-0.02166046
-0.08630621
0.01844535
-0.00353461
-0.04640985
0.06630493
-0.02738748
-0.01829218
-0.14873796
0.00419878
0.08202958
0.07559417
-0.03680671
0.02198086
-0.04702656
0.04680302
-0.05030594
0.05577465
-0.07648240
0.12246998
-0.02675150
-0.00246010
-0.05372525
0.06691794
0.04169514
-0.09637906
0.00124094
0.12300821
0.06819798
0.10113932
0.06700553
-0.06909600
0.11489328
0.05388805
-0.12567764
0.12073826
0.08114483
-0.03079540
-0.12768011
0.09106019
-0.07075720
0.02417845
0.00164944
0.03152987
0.01528773
0.12794288
-0.00441810
-0.04309769
0.08610782
-0.07301733
-0.08354431
-0.01816225
0.03783879
0.02401578
0.01930816
0.01437123
0.10224206
-0.10068456
-0.04804800
0.01100552
0.03840731
0.00385542
0.08092260
-0.02929898
-0.01093037
0.00294812
-0.08753363
-0.07304294
0.02427063
0.17767261
0.00801340
0.10403936
-0.08389608
-0.04988355
-0.01781410
0.01360464
-0.02388086
-0.01558288
-0.06576621
-0.00643458
0.08400185
-0.09321735
0.09254568
-0.01279734
-0.11220794
-0.02580489
0.00016537
0.03790975
-0.10454548
0.01988229
-0.09557378
0.10065531
-0.18475357
-0.13088555
0.07311794
