-0.00297405
-0.00295688
-0.12920630
0.09422955
-0.02609686
0.02990211
-0.11807229
-0.01112644
-0.02479133
0.04561297
-0.03600963
-0.06845272
0.11766268
0.01687619
-0.15681321
0.02563748
-0.02496291
-0.03857663
-0.03824927
0.08385664
0.07335884
-0.02837918
0.05687279
-0.05279261
-0.04342749
0.02135013
0.01125155
0.08443097
0.00545071
-0.07539577
0.00920155
-0.06179677
-0.00890457
0.09356457
0.05036958
0.02790738
0.01653692
-0.01307819
0.03219380
-0.00863076
0.16937199
0.00582704
-0.10418976
-0.03229527
0.03042588
-0.05851654
-0.01911012
-0.01619432
-0.15738982
-0.03947430
0.05081840
-0.16748191
-0.07425004
0.05239209
-0.05721474
0.10934961
-0.06967809
0.03208547
-0.02288770
-0.06296930
-0.00124571
0.17418875
-0.08204343
0.07498926
-0.01637718
-0.04284322
0.04251698
-0.12942956
-0.07673495
0.06356130
0.00252528
-0.05017104
-0.00413043
-0.05647466
-0.01647438
-0.07295781
-0.00308869
-0.02032432
-0.00877571
-0.11824721
0.01073212
-0.02929447
-0.03342225
0.03392074
-0.09032429
0.01846071
0.01213477
0.12494320
-0.08946298
-0.01297640
0.03298650
0.02734907
-0.08135731
-0.00557715
-0.11634422
-0.03500239
0.00470405
0.10278691
0.07408154
0.03426697
0.06570407
-0.03923456
-0.04050552
-0.12676767
0.01724415
0.03037953
-0.13206178
0.16070778
0.11016153
0.14198979
0.13672064
0.05894307
-0.02729527
0.12969073
-0.04326276
0.13497034
0.04968401
-0.07604543
0.09104798
-0.10934402
0.04695040
-0.07955297
-0.09147098
0.05979307
-0.07494514
0.08408532
0.11943432
0.06920152
0.00627253
-0.08754691
-0.08702548
0.00863931
0.03958804
0.08183879
0.07728305
0.02156486
0.05759726
-0.06878730
0.04694289
0.02100333
0.12214105
0.01589975
0.04415756
0.08509801
0.02236634
0.04211238
0.16438411
-0.01330848
0.06941120
-0.15133292
0.10507508
0.07080254
0.06238244
0.03940282
-0.04072263
-0.02134372
0.06451336
-0.04575184
0.08632974
0.04517199
0.06568733
0.13212335
0.08132346
0.05349175
0.10871427
-0.22122729
-0.02736391
0.02038550
0.04600876
0.15441887
0.02254968
0.14527662
-0.00038372
