-0.10433324
0.00917858
-0.01447259
0.05019411
-0.04483694
0.11060604
0.05684365
-0.14285223
-0.00720457
0.03755624
0.03665945
0.13338981
-0.04916556
-0.03999432
0.11488485
0.01878636
0.02479768
0.04084063
0.06357614
0.08784259
0.14111268
-0.04547546
0.02151775
-0.03277117
-0.04350522
0.04271357
-0.01435593
0.06704670
-0.12207100
-0.10768839
-0.01361543
0.17763876
-0.06570318
0.09079186
0.08249609
0.03239549
-0.02416158
-0.03415432
0.08064094
0.09288039
0.03232329
-0.12070253
-0.02611408
0.06467334
-0.06045032
-0.00966462
-0.02496450
-0.04997877
0.02320370
0.17746447
0.11529601
0.10291862
0.01395788
0.05103716
-0.02568462
0.00684592
-0.02282875
-0.03999097
0.07759372
0.04278486
-0.12438475
-0.04252287
-0.13234249
-0.08331465
0.02512371
0.05517893
0.08373347
-0.01780819
-0.03794307
0.02634299
0.11592272
0.00015315
-0.00911400
0.08912637
-0.01510239
0.05543104
-0.01317871
-0.01192258
-0.03566757
0.00769355
-0.03460040
0.03245223
-0.06303149
0.00791574
0.09317153
-0.07660441
-0.04930726
-0.04010359
0.06000028
-0.01746501
-0.03291874
-0.02779595
0.04838839
-0.03531395
0.14952433
0.07777607
-0.05618991
-0.05504470
0.03591833
0.12109760
-0.03905673
-0.05926092
0.02634182
-0.21028409
0.08523438
-0.01178436
0.15064151
0.13715539
0.07254463
-0.05449946
-0.06405714
0.05813364
0.06306578
-0.08194850
-0.06458420
-0.05451235
-0.10582647
0.04541714
-0.01365636
0.08853734
0.11758989
-0.03223133
0.12343392
-0.10047639
-0.01415489
0.02916792
-0.10059614
0.04950586
0.12981425
-0.02797955
-0.09869970
-0.02346542
0.07110688
-0.02847121
0.12700745
-0.01116901
-0.02545821
-0.02078325
0.15096182
-0.10484056
-0.04556316
-0.00588335
-0.07864688
-0.12813758
0.20011782
0.10874242
0.00999226
-0.07754156
0.09672991
0.01925870
0.10258950
0.07871446
0.08638820
-0.03477533
0.02007127
0.08788565
0.06058221
0.03465675
0.00447132
-0.08189888
-0.01874486
-0.00725114
0.02585321
-0.09366503
-0.06252918
-0.04262591
-0.18824591
0.10809873
0.00348836
0.07987880
-0.02591670
-0.03014596
0.07279042
