-0.00804244
-0.09407729
-0.09220984
0.00454699
-0.00887964
-0.00196561
-0.00552231
0.01083261
0.16612382
0.01813671
-0.09119892
0.10153649
-0.04230431
-0.05136451
-0.01995447
-0.08076625
-0.07675753
-0.10201314
0.12028961
0.04440547
0.10605909
0.18795629
-0.02323372
0.12085881
0.04930253
0.08920560
-0.01250501
0.07965415
0.08528336
-0.09009270
-0.01435731
-0.00549745
0.02479746
0.01224126
0.06271202
0.02610358
-0.21316460
-0.09502721
0.00809140
0.03626299
-0.03614820
-0.03919666
0.04142825
0.05403468
0.08345026
-0.11311939
-0.03660086
-0.05231805
0.12951342
0.10367475
-0.04252389
0.05010699
0.20979563
0.03984116
-0.01800358
-0.05699377
0.04672376
-0.07162882
-0.01421175
0.04746610
-0.09371614
0.00780394
-0.02261390
0.08010391
0.01996814
0.15981780
0.02968152
-0.00225561
0.04353611
0.02725457
-0.05549662
-0.09087969
-0.14750227
-0.01001522
0.18168688
-0.01395280
-0.00768245
0.05216974
-0.08814299
-0.07706461
0.05052602
0.15663719
0.00145710
-0.04286118
0.04223294
-0.05111672
-0.00050977
0.01755259
-0.04331739
0.09341008
0.08457814
0.11235483
0.00423392
-0.04633052
0.06837267
0.08587720
-0.00267434
-0.02383473
-0.03272310
-0.04500356
-0.01561638
0.09286354
-0.00840459
0.05695637
-0.08698390
-0.04547312
-0.10322756
0.04974824
0.00695023
0.12905203
0.03363937
0.01317793
-0.00590957
0.04475710
0.16743504
0.01333989
0.00257575
0.00386159
-0.03217266
-0.06318881
0.07371873
-0.05157666
-0.05667802
-0.10418637
0.06190061
-0.01492501
0.00976868
0.01337152
-0.05635944
0.04740441
0.06252194
-0.01887300
0.05942905
-0.04505466
0.02224386
0.07256939
-0.06404295
0.02302670
-0.05728751
0.06015467
-0.21959970
-0.07479508
-0.09766856
0.13575600
0.12889302
-0.00239013
0.04608200
0.10659781
0.03923842
0.05521309
-0.08671373
0.11974249
-0.06878579
0.01297230
0.15526581
-0.16747960
-0.01350235
-0.04736446
0.08956534
-0.04064357
0.15977874
-0.04083448
-0.00116491
0.05246507
-0.01373829
-0.03654731
0.02102512
0.06420990
0.07926230
0.03786737
0.03969373
-0.04922828
-0.03948661
