-0.14208081
-0.07523759
0.11806945
-0.05870823
-0.02819358
0.08509009
-0.20073794
-0.06360587
0.02416729
-0.00368114
-0.02900173
0.00690876
0.01883706
-0.13736017
-0.02161241
0.02711134
0.10648441
-0.05415822
0.10681142
0.05782468
0.09297276
0.15816005
0.10348923
-0.06249722
0.03819725
0.00660089
0.01452109
-0.12351451
-0.07170274
-0.10912843
-0.05908745
-0.07976691
0.03181216
0.03343915
0.04152466
-0.02988306
-0.02534369
0.06898469
0.00963848
0.05956272
0.04287159
0.08312941
0.05919269
-0.07377834
0.03850234
-0.01400623
-0.07445251
0.20794503
-0.12756705
0.05588417
-0.03517000
-0.07280867
-0.02607877
0.16917310
-0.10487894
-0.16083295
-0.09148123
0.13688475
-0.08749824
0.13223122
-0.14221541
-0.05460135
0.00172672
0.04188198
0.11987903
0.15899227
0.03948311
0.00253584
0.09101443
0.00508179
-0.02364903
0.01077777
-0.05005955
-0.06230147
0.01267861
-0.04700303
-0.05973908
0.14135216
0.00261201
0.17551360
0.02971309
-0.04548683
0.02353420
0.01842436
0.04111230
-0.03495825
-0.01043431
0.03786187
-0.03186162
-0.07450147
0.06733281
0.08336846
0.00337071
0.02835344
-0.06088426
-0.00929250
0.01026754
-0.02936478
-0.04067133
-0.08801654
0.01390286
-0.05740138
0.08300498
-0.03462882
-0.02621095
-0.02518640
0.01936982
0.03716045
0.07493512
-0.03616295
0.02580580
-0.02127766
0.15034450
0.03289368
0.00492008
-0.06544710
0.01119171
0.07911338
0.07931935
0.08430201
-0.11414986
-0.03513194
0.04714936
0.00166578
-0.07203861
0.07134183
0.17202669
0.01437684
-0.06811844
0.03934036
-0.16019034
0.13238464
-0.04901627
0.02130894
-0.09595121
-0.02676191
0.08678383
0.10766480
-0.07618381
0.07041392
0.13057161
0.00180503
-0.08952995
0.01483564
-0.05400820
0.09362447
0.02441551
0.05352795
-0.02988196
-0.10439727
-0.05205089
-0.00725295
0.09233063
-0.01551928
-0.01175560
-0.01404792
-0.03427009
-0.12370052
-0.04133035
-0.04901177
-0.08910838
0.03800327
-0.12285359
0.02251703
-0.00464585
0.04122597
-0.00583867
0.08391823
0.02723927
0.04398495
0.05537552
-0.10726850
0.02479586
