-0.18910840
-0.04240819
-0.10038598
0.04679812
0.07985858
0.02712960
0.05881193
-0.02188198
-0.06396720
-0.04764323
-0.02922617
-0.05307160
0.02379837
0.01238719
-0.08435114
0.13096155
0.06357581
0.02651520
-0.01830059
0.03096344
-0.09468202
0.01093106
0.09479369
-0.05786296
0.01815944
-0.00872680
-0.10022040
-0.05906810
-0.15724375
-0.07320800
-0.04964061
0.00949502
-0.10541750
-0.02574080
0.06125634
0.05134113
-0.05996761
0.13801004
0.04594247
0.12064494
0.03495073
-0.02899929
-0.07948932
-0.00763020
0.02399784
0.05816282
-0.08752382
0.04481666
-0.12290154
0.00086713
-0.08419729
-0.07856628
-0.07727004
-0.01604740
0.01992754
0.09407684
-0.03349638
0.04138113
0.03569131
0.07918334
-0.01748900
0.04084021
0.11794213
0.04922495
-0.02564691
0.02305580
0.01690557
0.07204626
-0.07112063
0.14391068
0.03107088
-0.09864372
-0.01328362
-0.06565269
0.06180752
-0.03159332
-0.00049601
0.09761398
0.15793214
0.03105928
0.09652344
-0.03949109
-0.06191898
-0.11454145
0.13000901
0.00356761
-0.05277694
-0.21138569
0.08560159
0.10864430
0.14664828
-0.11402430
-0.01417647
-0.09902896
-0.06471833
0.01093372
0.09347295
-0.01281487
-0.10981487
0.09356416
0.10804308
-0.12478153
0.03740773
-0.03890970
0.00725422
0.10988973
0.01570078
0.05439114
-0.03007800
0.00163869
0.03742757
-0.05146753
0.07251823
0.05159681
-0.04545055
0.02228315
0.13184278
-0.06678337
0.03302314
-0.03802673
-0.02684987
-0.00616409
0.08466555
-0.06599254
0.03868682
-0.15401792
-0.06473908
-0.15449146
-0.10085975
-0.04480441
-0.05955781
-0.07924224
-0.00002794
0.07159277
-0.06997986
0.07924721
0.01690029
0.11847653
-0.01210164
0.05071031
0.06254405
0.02798926
-0.07892165
-0.05255744
-0.12816686
-0.07296531
-0.02676207
-0.02407263
0.15393803
-0.09082756
0.05360679
-0.00558653
0.08284386
0.09152790
-0.09331416
-0.06511900
0.01972447
0.01866824
0.01187828
-0.02102731
-0.10824104
0.04108287
-0.06801087
0.11872039
0.09694905
0.06570332
0.02241117
0.12920109
0.08337259
-0.02039931
0.10483306
0.10339293
-0.02916083
