0.05589041
-0.08488067
0.03798614
-0.03356198
-0.15587837
-0.09170125
0.16229650
-0.06215168
-0.04106781
0.07051487
-0.00394223
0.04671793
0.05559656
0.04669311
-0.01035622
0.02327869
-0.00519719
-0.03111261
0.08617662
-0.02869188
0.07482951
0.04179455
0.07457683
0.06260449
-0.01268169
-0.04277825
-0.06396440
0.05295241
0.05979528
-0.03435502
0.12979786
-0.01377837
-0.03877999
-0.09188078
-0.04616857
-0.09148995
0.04315267
0.02993927
-0.02495840
-0.11766711
0.11321732
-0.07038452
-0.03046525
0.18082538
0.02442026
0.13329470
-0.08535158
0.13991040
0.13893489
-0.03626203
0.04970341
0.02445854
0.10579101
-0.03478524
0.07485060
0.04144184
-0.02222878
0.01341598
-0.04935214
-0.04982097
-0.04688923
0.05482366
-0.03609124
0.08305874
0.03164864
0.05813048
0.01056569
0.08879836
-0.08295730
0.01428676
-0.21224348
-0.00165569
-0.04676403
-0.12801589
-0.04487756
0.00677144
-0.06726062
-0.01855954
-0.07663639
-0.10154319
0.16014136
-0.01389315
0.02878012
0.04645652
0.04397817
-0.07258682
-0.06257205
0.18134995
0.04124619
0.00183270
-0.11024017
-0.04162274
0.02292255
-0.03418273
-0.10106146
0.13060494
-0.21401136
-0.05987726
-0.08385513
0.02976153
0.02867643
0.01246457
0.00656908
-0.09429072
-0.11465782
0.13444180
0.02083175
0.04617414
0.01795493
0.01903460
0.01196379
-0.01061995
-0.10815465
0.03924843
0.09779987
0.10215260
-0.13081210
0.06347685
-0.05247833
0.05176903
-0.04948626
0.09277199
0.01636709
0.03993302
0.07095869
-0.01232348
0.01700252
0.03661578
-0.00111381
-0.03107532
0.09467210
-0.03661944
-0.13725290
-0.08872695
0.05317523
0.14640821
-0.14610589
-0.04394442
0.01412987
0.06148201
0.02806578
-0.06687234
0.04837727
0.04843512
-0.19953876
0.02958431
-0.05947260
-0.03249462
-0.03401291
-0.02443638
0.06923915
-0.02975688
-0.00207784
0.01727544
0.01423599
-0.04214876
-0.10050293
0.00075378
0.07709211
0.00573802
0.05082828
-0.01574308
-0.07013533
-0.06784197
-0.03876445
0.06985029
-0.19451556
0.00320319
0.13893819
-0.02070507
0.02200559
0.02279696
-0.05514614
