0.00229052
-0.01479725
0.06613480
-0.05112852
0.12637192
0.05083582
-0.09572425
-0.11762566
0.12080522
-0.09860179
0.02672124
0.03854455
-0.07572482
-0.14055128
0.04069603
-0.01848647
0.13006424
0.02792980
-0.04323091
-0.01908231
-0.07187797
-0.01882428
0.04367861
0.10029503
-0.00591330
0.02738793
-0.03392354
0.03395727
0.00660205
-0.06509497
-0.04422917
0.02722749
0.10143184
-0.05565719
-0.12468301
-0.05186293
0.11216024
-0.07670157
0.04231312
0.00411626
0.06057678
0.07552078
-0.04731901
0.09474514
-0.22994776
-0.03104131
0.06105651
-0.04411167
0.09012512
0.02714479
-0.03336836
-0.01520993
-0.14570898
0.01982066
-0.04371333
0.12339126
0.03742786
0.06648806
0.03986175
0.08548789
0.02589901
-0.09072586
-0.06633700
0.03146634
-0.08210634
0.03661851
-0.03563110
0.03360888
-0.03498625
-0.05369887
0.03212272
0.07688892
-0.12990678
-0.03064714
0.02209624
-0.02671045
0.05033054
0.06500686
0.03275798
0.02036979
-0.08390033
-0.16555256
-0.07351447
-0.12457185
0.01466742
-0.07251004
0.07320664
0.05924346
-0.08894945
0.02106346
0.04997229
0.02848982
-0.00435368
-0.07143653
0.10185936
0.10226455
0.21567169
0.04801556
0.08842807
-0.03750153
-0.02715109
-0.04443160
0.06925045
-0.03331035
-0.02406086
0.12177599
-0.00308389
-0.06260300
-0.02930623
-0.08539576
0.05109671
-0.00773347
-0.07586251
0.11392595
-0.05740460
0.07107318
-0.01206675
0.08653602
-0.08107868
-0.15418102
0.01673043
0.16113306
0.09867737
0.06187949
0.08668480
-0.08699093
0.06930118
0.07255256
0.02407123
-0.00345315
-0.05074472
-0.10076142
-0.02955558
-0.13287357
0.07417537
0.00770986
-0.05878421
-0.11379210
0.02609795
-0.02035990
0.05455975
-0.06379217
-0.02317580
-0.02327990
0.03736106
-0.02098033
-0.08350380
0.03257041
0.09503218
0.01914766
0.01530234
0.03852206
0.00382815
-0.10077101
-0.09159265
0.01082542
-0.15259779
-0.02229136
0.00072970
0.01559807
-0.00738252
-0.05139643
-0.25093233
-0.09743531
0.00446087
0.00110658
0.00311897
0.02369524
0.15976391
0.15990859
-0.02259261
0.03495718
-0.03885217
