-0.01528040
0.01701928
0.06463428
-0.03383326
-0.05521375
0.02349426
0.04082341
0.00511510
-0.02172159
0.06997170
0.10710253
0.02397470
0.10191475
0.01933242
-0.01079970
0.05172762
-0.00927481
0.11714265
-0.02945997
-0.19883025
0.02104645
-0.02022204
-0.20587570
0.01592150
0.05863580
-0.10341791
0.16930331
0.14160016
-0.01409542
0.02583711
0.11215246
-0.01573048
0.02661166
0.02192497
-0.10653986
0.00358309
0.17745266
-0.02600254
0.10219851
-0.12083171
-0.09587404
-0.04413945
-0.02226991
-0.02834690
-0.06324802
0.04281991
-0.04817330
0.20982108
0.03572757
-0.08283189
-0.02812824
-0.06623467
0.12020055
-0.14603437
-0.11324474
0.01568713
0.00154274
-0.09029359
-0.08035168
-0.03520262
-0.00888953
0.03512439
0.01109497
0.07160233
-0.03672876
-0.02607860
0.02084488
0.21645205
-0.03870120
-0.04705343
-0.12357565
-0.06412840
-0.15321684
-0.04366934
-0.00752765
-0.01809517
0.01867693
0.02655576
0.01038590
-0.06538595
-0.10857894
-0.00852011
0.04513689
0.09144873
-0.05996617
0.02235833
0.03957250
0.10880174
-0.08864080
-0.03069254
0.06295326
-0.01016123
-0.04202183
0.11452198
0.10411648
-0.02063942
0.07415846
0.04728156
-0.04813018
0.12387243
0.01653142
-0.03610376
-0.08186091
0.04876098
-0.03071843
0.00243884
-0.11596248
0.01041605
-0.07474143
-0.06254768
0.00219998
-0.02117346
0.06701009
0.04876564
-0.19428320
-0.04342359
-0.01221203
-0.07582903
0.05506688
0.08146135
-0.00112507
0.05392114
0.10032462
0.05773074
-0.00826395
0.16774868
0.07136270
0.03029003
-0.03992332
0.08053362
-0.01116572
-0.05038226
0.09637549
0.05286777
0.05181826
0.03149933
0.12395798
-0.03691135
-0.01094567
-0.00269450
-0.08775068
0.08549204
0.07056701
-0.00372942
0.04257572
-0.01071408
0.11576966
0.15162240
0.00719537
-0.03717922
0.00417358
0.06125913
-0.12944229
0.08547219
0.02909887
-0.01866450
-0.11863868
0.04064501
0.06336219
-0.03065000
-0.00767010
-0.03221362
0.01565411
-0.03157571
-0.03623767
0.07130275
0.05753078
-0.02553397
0.08999948
0.04088878
0.12465931
-0.08840849
-0.10277510
