0.16493197
0.03704012
0.10386099
0.07683676
0.09682463
0.01070786
0.00190643
0.04083656
-0.00073540
0.03424662
-0.03603897
0.13948278
0.00427514
-0.07816018
0.01732125
-0.13045481
0.07658515
0.00638435
0.02606792
0.01142315
-0.07798660
-0.00983029
-0.05042441
-0.05041273
0.14779822
0.08401336
-0.07293909
-0.02852438
-0.06217984
-0.00058781
-0.12852952
0.06866046
0.04352490
0.01614905
0.01786250
-0.00882215
0.02043032
0.01920151
-0.00986970
0.04234542
-0.02719382
0.03255700
0.01059413
-0.01390995
-0.04292501
0.09630574
0.08046558
-0.17426168
-0.10879969
0.00070338
0.05587260
-0.03739327
-0.05334664
0.01497188
0.13235692
-0.08047854
-0.08366538
-0.14415980
0.09203627
0.07579847
0.07777988
0.03437521
-0.05047637
-0.01275233
-0.07530937
0.15517972
-0.06466603
0.06063196
-0.13708412
-0.00409418
-0.00351403
-0.02513338
0.03366078
-0.00234319
-0.03257058
0.02544029
-0.09703936
0.02116588
0.01616949
0.21539532
0.12409995
-0.01576750
-0.02249570
0.01402924
0.00680290
-0.16673631
0.00209105
0.00151450
-0.01183893
0.05165647
0.01304756
0.10456506
0.06600614
-0.12557982
-0.09249195
0.03329827
0.00084408
0.08080732
-0.11776422
-0.04713992
0.11466922
0.04110285
-0.06812184
0.02731193
-0.10297407
0.03540848
0.07215873
-0.00884961
0.08342434
0.03022124
-0.03133531
0.12963358
-0.09851461
-0.02621195
-0.08052545
-0.10886367
0.03015264
0.12297637
0.07586928
0.04771951
-0.03591484
0.00173274
0.18085339
0.14781630
0.00208380
0.06659619
-0.11305023
0.01904308
0.04084053
0.02987402
0.06195046
0.06668679
-0.03687101
-0.03843459
0.02814181
-0.08128889
-0.24462739
-0.09136094
0.02407337
0.00910237
0.04863351
0.09367406
-0.00953576
-0.03849611
-0.01497590
-0.05830148
-0.09904156
-0.01425480
0.03653124
0.00921447
0.07114671
-0.08081588
-0.00117307
-0.01494861
0.08066664
-0.06062535
0.09241508
0.03194746
-0.07670685
0.08314834
-0.07700080
-0.01609360
0.02042587
0.12243900
0.17791596
-0.03568893
0.00394136
0.06604113
-0.12971105
0.04667118
0.01126012
0.00495781
-0.11443861
