0.06030229
-0.07884134
-0.13234312
-0.10538614
0.05492325
0.16733822
0.06287937
-0.03357011
0.07723200
0.12254164
0.00120492
-0.09031960
0.02026847
0.14464819
-0.05903418
0.00843148
0.10075688
0.08518093
0.06665542
-0.01186800
0.05321354
0.08939113
-0.07271725
-0.08001159
0.06261650
0.00049710
-0.02320604
0.08168205
0.10329205
0.04389079
0.11259215
-0.05115172
0.09079408
0.06881233
-0.03941896
-0.04908622
0.03889564
0.02311481
0.17142436
0.01985144
-0.06825622
-0.03763406
-0.00101445
-0.05820768
0.07458907
0.10314215
0.03930855
-0.05885249
0.02014074
0.09397436
-0.12899485
0.02286522
-0.03773893
0.18216682
0.05968069
-0.02303874
-0.04655995
0.01834529
0.04218713
0.01346965
-0.03552636
-0.16679674
-0.08301430
-0.10969208
0.15261301
0.05399872
0.06690697
0.10416101
-0.07269061
0.06434666
0.10784054
0.07121265
0.03035034
0.08303770
0.02341454
-0.04515963
-0.08752793
0.15005200
-0.02202471
0.03119961
0.00236834
0.03922002
-0.06000021
0.12317319
0.01551451
-0.02499214
-0.00948933
-0.00238327
0.12864851
0.05852595
-0.15082382
0.05974079
-0.09882453
0.06241930
-0.02498939
-0.08454288
-0.08635352
0.06642756
-0.06463402
-0.05626979
-0.00015033
-0.05377173
0.07711594
0.09768374
0.01450900
0.14140540
0.01038562
-0.09712935
0.04273575
0.03232056
-0.01301059
-0.05104096
0.05479644
-0.01449929
0.07726888
0.18957497
-0.00441128
-0.06333295
0.12221556
-0.04219517
-0.04033911
0.01670751
0.06528696
-0.00432565
-0.00946270
-0.02293085
0.11686801
0.08517655
0.03805383
0.01708569
-0.06151949
-0.00301720
0.09076905
0.13747491
-0.19924939
-0.01564795
0.05814652
0.02917186
-0.00908319
-0.07988254
-0.08472428
0.02102871
-0.01596510
0.06422013
-0.01332147
-0.06047223
0.07897276
-0.00725240
0.10864870
0.05755175
-0.00012341
0.04811122
0.01706664
0.04488921
-0.08523579
-0.03531445
0.03053628
0.03799907
-0.12125488
-0.12147280
0.01837308
0.06552753
-0.04674601
0.02336137
0.15444595
0.02226487
0.08767987
-0.02303408
-0.02945277
-0.07379400
0.04160648
0.10771165
-0.02200620
