0.01306056
0.07089054
-0.12379423
-0.04821218
0.04021272
-0.05368327
0.06118021
0.10022975
0.10496137
-0.12476367
-0.07776519
-0.08192649
0.05228441
-0.07046885
0.02088397
0.07688159
0.11561712
-0.06199967
0.03076548
-0.04209824
0.10626076
-0.09990143
-0.05808228
-0.01668644
0.00771904
-0.04423670
-0.00752241
0.04965106
-0.09671835
0.00552908
0.04808083
0.00959462
0.11762429
-0.06335936
-0.08699866
-0.09850999
0.01785905
-0.00085900
-0.11484111
0.04334221
0.08188193
0.05065921
0.00374884
-0.13140312
-0.02039442
-0.00030336
-0.02072838
-0.01116690
0.06413614
0.01331775
-0.06261580
0.01318856
0.06661206
0.10931633
0.03030584
-0.11329550
-0.11154492
-0.10315107
0.13758701
-0.14066775
0.01037904
0.12417096
-0.01955463
-0.10102068
0.06014618
-0.02428138
0.07764660
-0.00540522
0.07135919
0.19669095
-0.12274378
0.00586632
-0.02074927
0.14496397
0.10095698
-0.10231992
0.04341948
-0.01820025
0.02183491
-0.05295817
-0.12244798
-0.14397946
0.01706501
0.06567869
-0.11717835
0.05422087
0.04074031
-0.14200329
0.05163128
0.04216155
-0.00315123
-0.06120035
-0.07403781
-0.03697126
0.02083074
-0.03938676
0.13514056
-0.07353053
0.03689766
0.02256209
-0.05185130
0.08614034
0.05485981
0.05634247
0.11586207
-0.03609352
0.00367062
-0.05019363
0.03455368
-0.02535131
-0.12608546
0.12095446
0.09577697
-0.00380076
-0.09082687
-0.04210191
-0.06054063
0.03397932
0.07779824
0.07217941
0.02546841
-0.01473307
-0.08562128
-0.01646474
-0.14572165
0.03530746
-0.06501425
0.18024025
-0.11798371
0.00819301
-0.05461791
0.05654792
0.07473226
0.05300324
0.01298781
-0.15582057
0.01839921
0.02419321
0.03351227
-0.05366503
0.19470348
0.08207741
-0.12128271
-0.05799045
-0.01346396
0.07114021
-0.00195095
-0.05544268
-0.10043561
-0.00663529
-0.09184915
0.12847204
0.01846505
-0.10872616
-0.10475039
0.00563704
-0.04630391
0.00894083
0.08378092
-0.08226816
-0.04417253
0.00945851
0.01958016
0.01447636
0.05924773
0.03240341
-0.05764071
0.01725823
0.04870765
0.09168772
0.00196502
-0.04901507
-0.07470103
