0.08120629
-0.06195285
-0.05578650
-0.06353269
0.07525415
-0.00128744
0.03443678
-0.07848831
0.07004349
-0.08362159
-0.02418931
0.03868385
-0.07849784
0.02850348
0.06424677
0.04576917
-0.00451178
-0.17033209
0.00430303
-0.00510449
0.02433129
0.06213863
-0.05350571
0.03184311
0.00229928
0.06030075
0.12737192
0.06096581
-0.03301951
-0.05973319
0.05823831
-0.00202319
-0.02388044
0.00433667
-0.10920850
0.05721811
0.04097695
0.02903785
-0.05378306
0.08900291
0.07476497
-0.04765104
0.14548373
0.06368418
0.16945058
-0.13791332
-0.03225733
-0.01432308
0.12672239
0.06649336
0.06891924
0.12780959
-0.00477666
-0.09177493
0.08481901
-0.02540834
0.05345870
-0.09031452
-0.01884980
0.03770737
-0.02289896
0.02688800
-0.07779488
0.00492985
-0.00775315
-0.10233917
0.01873054
-0.08375539
0.05540550
0.00249192
-0.01234716
0.03399179
-0.00742994
0.18455687
0.09885005
-0.00094685
-0.02855025
0.08967518
0.05149781
0.02134688
0.00253424
0.09993626
-0.12180171
-0.04185824
-0.07772403
-0.01619095
0.04261548
-0.09110113
0.12307412
-0.03546426
-0.15060306
0.04528549
-0.11742588
0.01036838
-0.01417471
0.04404121
0.01882522
-0.00599958
-0.10478622
-0.19407254
-0.04100417
-0.15178652
0.04548091
-0.11885054
-0.15468921
-0.05039353
0.11705070
0.02198697
0.07235718
-0.02696419
0.00340971
0.02100995
-0.11619833
0.08540448
-0.10084283
-0.00103826
-0.10529715
0.01670899
-0.03191680
-0.00112570
0.06302118
-0.06938874
-0.07043199
0.04010031
-0.06701217
0.08184605
0.10704047
0.09180924
-0.08071242
-0.08031206
-0.01814739
-0.00307209
0.04438444
-0.00288584
-0.05121686
-0.12411226
0.00707676
0.11915845
0.03454949
0.14440016
-0.04198111
-0.10116046
0.05205301
0.15162696
0.12213529
-0.05494185
-0.07159773
-0.07382184
0.03866833
-0.11091041
0.01273399
0.12931520
0.05823675
-0.00083627
0.02528682
0.01574163
-0.00339102
0.05876976
0.11577908
0.08407262
0.04820442
-0.12567494
0.08377572
0.00295016
0.09144392
-0.10953637
0.02915074
-0.00449767
0.07214028
-0.12437676
0.10589268
-0.05776438
0.05113175
