-0.01460151
-0.01399452
0.04683505
0.03599735
0.05117264
0.02577707
0.02332965
0.06230192
-0.01323345
-0.05980087
-0.03642265
0.13731477
0.07229682
0.11229046
-0.01977971
-0.17492654
-0.00631235
-0.06222294
-0.03970672
0.05031956
-0.05506931
-0.05393161
0.04465095
0.07407801
-0.19195480
0.13744271
0.03100931
-0.00502196
0.07431915
0.01133947
-0.13547640
-0.13353942
-0.03865482
0.13890663
0.03668996
0.08586290
-0.03672902
0.21609368
0.01140693
0.01522698
-0.06090305
-0.12860558
0.06020944
0.06294951
0.02348392
-0.04778717
0.05006176
-0.10303414
0.04230208
0.01496155
-0.21823891
-0.09423218
-0.03830781
0.13237805
0.03248001
-0.09720801
0.00724795
-0.02568640
-0.13438599
-0.00728349
-0.04853021
0.05767981
0.10922606
0.03473760
0.00969595
0.03592296
-0.04008941
-0.00664767
0.01840137
-0.12799997
-0.03049275
0.09511545
0.16020056
0.04400022
-0.00433013
-0.04279440
-0.07423567
0.12962988
0.08266314
0.05562562
0.03737895
0.03318223
0.03591282
0.12835126
-0.04072505
0.04634525
0.00394814
-0.02817640
-0.05094176
0.08050188
-0.11562013
-0.05061032
0.11269061
0.09147638
-0.10551651
-0.13595433
0.03110619
-0.09337246
-0.07697215
-0.06446233
-0.09530208
-0.06261482
-0.03741294
-0.06110230
0.00075123
-0.13002601
0.06822579
0.02596847
0.06060041
0.03860404
0.07968936
0.06084593
0.01568209
-0.04830203
-0.02628431
-0.06757501
0.04044694
-0.06642459
0.10617647
0.14726039
0.05258829
0.01517395
-0.06727136
-0.06878047
0.04328069
0.10370207
0.06777991
0.03478370
0.08598192
0.00817184
-0.00194213
-0.06174104
-0.05117927
0.07370782
-0.06557038
0.04568825
-0.05869180
-0.01319666
0.05085542
-0.06428821
0.00323094
-0.12216024
-0.07407780
-0.04045660
0.08833053
-0.06260796
-0.04116099
0.02265581
-0.08546531
-0.06860251
0.13187758
0.11689089
0.04181355
-0.01837859
0.07176676
-0.04987271
-0.12935586
0.01748515
-0.02815360
-0.06141079
0.03346021
0.10357412
0.05178158
-0.01077405
0.01856548
-0.09398152
-0.11926793
-0.04423604
0.04107841
0.11582906
0.00204948
0.04081782
-0.01309992
