0.07010309
0.02839752
0.05451736
0.00778414
0.09547879
-0.05507552
0.02546698
-0.10894099
-0.05569069
-0.05646079
0.02960459
-0.15780178
0.07444129
-0.13903896
-0.06159087
0.08993514
0.07624667
-0.08792814
-0.04221225
-0.14940461
-0.04562528
0.02089016
-0.02507185
0.02782227
0.02450534
0.00891424
-0.01595776
0.03095238
0.08074538
-0.02789782
-0.02438085
0.24565068
-0.00325412
-0.10745298
-0.02660105
0.03243739
-0.06510669
-0.04551844
0.02409975
0.01182655
-0.11744935
-0.17513519
0.05303172
-0.11385449
-0.05697076
-0.05971885
-0.07887354
0.04917093
0.02371801
0.05273612
-0.02439452
-0.06285434
0.09834793
-0.03145385
-0.07490032
0.06528366
0.01918360
-0.10256463
-0.09476634
0.05647980
-0.07326735
0.05245221
-0.02448195
-0.02068282
-0.08693108
0.02665256
0.04646535
-0.05181593
0.02271629
0.01243943
-0.01040111
-0.12804282
-0.03834289
0.17686972
0.09622431
-0.07856955
0.01610810
-0.01238730
-0.04289905
0.03726460
-0.01381818
0.16111604
-0.03407349
0.04472924
0.10198142
0.05564738
-0.10093127
0.02755817
0.11360683
-0.01669048
0.12932881
-0.09266470
0.08223415
-0.16628488
-0.10459932
0.09562579
0.09050701
-0.04891872
-0.11572329
0.10032918
0.07239766
-0.05910254
0.05274775
0.05259211
0.00792205
-0.11469271
-0.01768091
0.02398250
0.03440601
0.09532029
-0.11422794
0.09425155
-0.05309364
0.08992891
0.08186989
-0.06360660
-0.09063711
-0.00394391
0.01177708
-0.10272135
-0.17780834
-0.01172575
-0.00759616
-0.14919504
0.01042901
0.10549459
-0.05748505
-0.02781014
0.00100044
-0.02067417
0.12380924
-0.02522541
-0.01276383
0.00449446
-0.04824669
0.10017517
-0.03950679
0.03122899
0.02666567
-0.13385587
0.00703435
-0.00292837
0.04255769
-0.01285848
0.00854100
-0.14329358
0.09700933
0.08115587
-0.09060856
-0.05471305
-0.08226680
-0.02146114
0.08022878
0.15809927
-0.03437369
-0.10749282
-0.00990288
-0.05358544
0.05035535
-0.08842418
0.05307335
0.03379020
0.01894171
0.04393276
-0.04789313
0.05387203
-0.04762544
-0.01517014
0.10944723
-0.02110174
-0.03879712
0.03631285
-0.04560433
