-0.00108920
-0.05750989
-0.03115121
0.11604591
-0.02532228
0.02198916
0.02947348
0.01816736
0.08431977
-0.03901683
0.09070544
-0.06965162
-0.09046865
-0.02285815
0.06926064
-0.00179710
0.03849064
0.05970612
-0.00488393
-0.01982072
0.04964783
0.00463674
-0.14096311
0.04371984
0.07189069
0.17655341
-0.10772636
0.08670138
0.09126256
0.04122711
0.09720692
0.08612605
-0.05739848
-0.08876825
0.19791508
0.07346001
0.05005050
-0.01544560
-0.08878280
-0.05767648
-0.11971186
-0.06269261
-0.08972209
-0.01540771
-0.07180222
-0.16002080
0.01404977
0.04182133
-0.03058932
-0.01879376
-0.04252693
0.16094646
-0.01996257
-0.02240888
0.04869261
0.09231619
-0.03324999
0.04189400
-0.03217856
-0.01198442
0.12080245
-0.05326171
0.08186798
0.06072672
0.05044473
-0.05555542
-0.01282176
0.05201259
0.20451156
-0.08380501
0.00926483
0.06615959
-0.00430202
-0.08639316
0.03953854
-0.07021606
-0.02745552
-0.00837946
-0.03969863
-0.01879179
-0.05055582
0.05689655
0.00019964
-0.05525302
0.04847691
-0.05457159
0.13547901
0.05482715
0.03391916
0.11192916
-0.00136912
-0.06277226
0.11836429
0.02658008
-0.05696889
-0.03747067
-0.04187363
-0.13051487
0.05040659
0.06600691
-0.23948241
-0.01457855
-0.13435893
0.06390136
0.10540723
-0.03722808
-0.01408255
0.02417624
0.05865224
-0.10143290
-0.09660223
-0.01743407
0.03204873
-0.18795994
-0.03600353
-0.05065783
0.10666132
-0.06157151
0.02730216
0.10124299
-0.12043047
0.06231073
-0.03771383
-0.06594376
-0.03665427
0.04795326
0.00081755
0.02562581
0.14716655
-0.03003807
0.05595493
0.09357910
0.06289424
0.13747143
0.02425137
-0.00322727
0.04441579
0.02336258
0.01248435
-0.13984507
-0.08801638
0.15883782
0.05538262
0.07404147
-0.03034250
0.15144729
-0.07885585
0.04291868
-0.07609746
-0.03791280
-0.08906724
-0.02650992
0.00941115
0.02063401
-0.05151327
0.09350078
-0.05705008
-0.06248382
-0.02797556
-0.01477301
-0.05144942
-0.07117927
-0.00578107
-0.08872763
0.07046128
-0.08028384
-0.04072666
0.04383078
0.04087756
-0.08501936
0.03556201
-0.11306617
-0.00450546
