-0.04750126
0.19887974
0.08678988
-0.02504241
0.00390087
0.10902226
-0.00016318
0.13026572
0.06817395
0.09728071
0.18577795
0.00107400
0.03752598
0.01676240
0.01964079
0.02344578
0.03675898
-0.09975817
0.03807177
0.18321231
0.00564056
0.02494289
0.04131372
0.02685901
-0.03463567
-0.04125485
0.09445180
0.03513128
0.01628642
0.03999695
-0.00371268
-0.07949116
-0.18015628
-0.08433466
-0.08080877
-0.03991213
-0.05528971
-0.10336906
0.04587806
-0.06206217
-0.00565436
0.07076698
-0.05253974
-0.09221394
0.03238134
-0.13559421
-0.08596222
-0.15482541
0.00115016
0.04810056
0.03390574
-0.02894896
-0.06372037
-0.06068601
-0.01007957
0.09958603
0.01576169
0.12807170
0.04808161
0.01837415
-0.00903059
-0.07946882
0.06752829
-0.02754101
0.10122111
0.03273006
-0.05764359
0.06565729
-0.06008572
0.06067366
0.01220369
0.09158769
0.09288295
0.02013262
-0.07665753
0.05281579
-0.01728911
0.04002537
0.08439212
-0.12438591
-0.16484959
-0.05659428
0.05232751
0.04836654
0.07022705
0.00779613
0.04527388
-0.16087656
0.00427238
-0.07936954
0.05155028
0.03363360
0.03637843
-0.00313079
0.11316919
0.04514191
0.04072454
0.04333421
-0.10332389
0.08373496
0.01094478
0.11463157
0.05461873
-0.03412541
-0.08303233
0.12884856
0.03013781
-0.03816694
-0.09889758
0.05251462
0.06043851
0.09606168
-0.01489111
-0.09726822
0.04487748
-0.13979943
0.00865888
-0.00341562
0.00280651
0.02988792
0.15714029
-0.11930541
-0.13903575
-0.00662648
-0.02849734
0.00022507
-0.09216346
-0.00213367
0.08463882
0.04963700
-0.01136052
-0.03897264
0.03447035
-0.09392909
0.05872086
-0.03633557
-0.03361123
-0.18794068
0.11380711
0.04253619
-0.07756130
-0.16828658
-0.01451426
0.10963056
-0.00749857
-0.02184504
0.15177730
0.15165309
-0.03459693
0.07683152
-0.10469355
-0.14232262
-0.03240471
0.03088156
0.07452463
0.08417894
0.05104835
-0.07215910
-0.02919112
-0.02492701
-0.01204418
0.05166486
0.03290951
0.04343382
-0.00841420
-0.06251210
0.00768918
-0.05298566
0.05517990
-0.00055958
-0.03184611
0.01513191
-0.02701028
