-0.14689671
0.00784931
-0.08084660
-0.02833664
0.04064124
0.04027849
0.22461712
-0.03872520
0.04369451
0.01639072
0.08449203
0.05768965
-0.06300464
-0.08141379
0.08327085
0.01797231
0.06083114
0.07425808
0.15723408
0.04076532
0.03798876
-0.05027495
0.09343592
-0.08422435
-0.00481101
0.08769132
-0.07018723
-0.06238016
0.01935367
0.00440843
-0.04808111
0.04843835
-0.03298791
-0.08799177
-0.05342295
-0.12190148
-0.06683720
0.07037170
0.04137459
-0.19231755
0.08190232
0.01651317
-0.06602656
-0.07241828
-0.03178481
-0.11822724
0.04228948
-0.19622079
0.08548593
-0.11418352
0.05187901
-0.06805682
-0.05345956
0.01564812
0.00443875
-0.04239231
0.04406232
0.00257364
-0.05365027
-0.07963827
0.09193788
0.11441758
-0.16476956
-0.07006723
-0.05069773
-0.02027293
-0.12479985
-0.00620199
0.04103193
-0.02294893
0.04207125
-0.03159146
0.12093774
-0.02903412
-0.03313098
0.07603646
0.01846387
-0.03699635
-0.01146346
0.02564795
-0.05011302
0.07787969
-0.06680446
-0.08844326
-0.04070401
0.01894208
0.07439892
-0.08396141
0.06699607
0.00070184
0.06948172
0.13154902
-0.07346453
-0.01973459
0.07221015
-0.09162633
-0.04024863
-0.12045377
0.08417535
-0.01951495
-0.05618100
-0.06223700
-0.04786073
0.02627726
-0.11035235
0.01199175
-0.07077463
0.03365531
0.01519016
0.02507061
0.03198286
0.14693047
-0.07648534
0.03021779
0.06423599
0.02273538
-0.05693346
0.03698978
0.03089239
-0.08357953
-0.07880175
-0.06065073
0.05680130
0.03248396
0.04491788
-0.06780094
-0.06174312
0.02137385
-0.00185599
-0.03709581
-0.04775604
-0.01070552
-0.00953167
-0.06378542
-0.03538223
0.23178886
0.03523181
0.00169788
-0.01907000
-0.07326205
-0.15628420
0.05952288
0.01933814
0.10438522
-0.01410350
0.02301263
0.00673139
0.05279502
0.00931103
-0.06309648
0.05030996
0.14059861
0.08693505
-0.04122950
-0.04465218
-0.03173514
0.07878800
-0.01335308
-0.09982142
-0.04241656
0.02034851
0.19304006
0.02516390
-0.21174507
-0.10138068
-0.06339151
-0.06884160
0.17349221
-0.05673064
0.00190002
-0.01660750
0.05752179
0.03785224
