0.07265674
-0.02018712
0.11829971
-0.04472205
-0.00771320
0.19418288
-0.11378849
0.02080991
-0.02335530
-0.05770602
-0.07871426
-0.01252083
0.12555310
0.01146310
0.04634222
0.00424608
-0.18192203
-0.12523304
0.01493641
0.04896040
0.04386514
-0.08682426
-0.02450602
-0.00816896
0.09227051
0.13186138
-0.12912733
-0.00460259
-0.00642640
0.09871037
-0.13452640
0.05281118
-0.01634297
0.03995319
0.16813207
-0.05349052
-0.08576321
0.02539000
0.08304812
0.05463297
0.04072602
0.05806166
-0.00227843
-0.28480113
0.11732358
-0.05209524
0.00544474
0.00283658
-0.02052840
0.11007914
0.17159275
0.06223172
-0.06551209
0.03380488
-0.02506559
-0.10442364
-0.02812721
0.04704876
0.03383891
0.01752613
-0.07336793
-0.04391099
-0.02050268
0.01635433
0.02272185
-0.13390705
0.06905099
-0.00814598
0.01342781
0.02424302
-0.03633477
0.06445512
0.05226537
-0.06180737
-0.02919976
-0.05321891
0.00351146
0.07308376
0.03095887
0.08889154
-0.03329981
0.09603243
-0.00791140
0.13394534
0.06584480
0.01344228
0.07605620
-0.05371039
0.01925006
0.03586200
-0.07317667
0.11646681
0.11793391
0.06168661
0.02491159
0.11838706
-0.02878906
-0.15096684
0.05700817
0.00297405
0.08201932
0.04373350
0.01569270
-0.06227722
0.06176518
0.13669231
0.11078189
0.03850116
0.09587383
-0.05919525
0.02516126
-0.07100307
0.04440177
-0.00246939
-0.01001437
-0.00189525
-0.01188458
-0.01764264
-0.08165188
-0.07081287
0.11467702
0.06974515
0.03445019
0.09231398
-0.10645963
-0.07395468
-0.02573619
-0.05180021
0.00296324
-0.10409447
-0.06065423
-0.06181052
0.15305379
0.07281154
0.05015840
0.05845727
-0.09511331
0.11023907
0.01510298
0.03296799
-0.08548327
-0.05136396
0.16523260
0.00671256
0.09459571
-0.04233672
0.07226849
0.08341816
0.00248279
-0.00991464
0.03299444
0.07997940
0.05248423
0.01996774
-0.03209589
0.01373257
-0.05553305
-0.00326547
-0.09448220
0.00881417
0.05120539
0.03271483
0.04385908
-0.06634631
-0.17815415
0.10522374
0.02524811
0.05571828
0.03631493
-0.02338441
-0.04351995
-0.03014091
0.09725936
