-0.03215071
0.03224100
0.10367291
-0.07863928
-0.03925551
0.02530592
0.05149680
-0.01983121
-0.08843636
0.04996353
-0.08064659
-0.05556830
-0.04118187
0.03715739
0.07102846
0.01569791
-0.11881896
-0.11279848
0.02656964
-0.05956596
-0.01281408
-0.13041579
0.14209565
0.05953665
0.08801385
0.00778304
-0.15111462
0.04856859
-0.07934039
0.08290920
0.05338792
0.00098008
-0.00937771
-0.10769048
-0.17025084
-0.04203801
0.08447958
0.05035679
0.10391842
-0.03793998
0.00167416
0.00168046
0.03662486
0.13511324
-0.02646209
0.06730616
-0.03388902
-0.07041611
-0.15515077
0.01830136
-0.01781198
0.11499102
-0.09643552
-0.06389582
0.11326413
0.07622019
-0.04691851
0.03658646
-0.03636749
-0.12727949
0.09033356
-0.07695990
-0.12389133
-0.00794006
-0.06804881
-0.07843409
-0.08637050
-0.10383813
0.05811469
0.05890961
0.10430665
-0.06043973
0.00042828
0.12070164
0.03379577
-0.10904814
-0.04115249
-0.11273152
0.07958123
0.09194443
0.13044008
0.03015635
0.08063477
0.08682923
-0.06074038
-0.04110797
-0.07482693
-0.03913085
0.01555750
-0.05231593
-0.03711290
0.02015965
-0.00962103
-0.03964748
0.18605154
0.16481223
0.09992178
0.18280758
0.05200175
0.10446182
-0.05886037
0.10266229
-0.09692887
0.01041620
-0.00949340
0.04466246
-0.04066879
0.03482050
0.13849926
-0.02273909
0.07024038
0.05095349
-0.08482823
-0.05609771
0.06542314
0.06481582
-0.05412050
0.01149919
-0.02415524
-0.12130477
-0.02159318
0.02364398
-0.07394838
-0.06153973
-0.04345078
0.04709841
-0.01249472
-0.05391303
-0.02068230
-0.04615812
-0.11468060
-0.01002628
0.05435256
-0.04306275
-0.04044278
-0.00331997
0.01283479
0.07166232
0.04984977
-0.02975581
0.12094935
-0.08984146
0.03042552
-0.06222120
0.01853988
-0.02516766
-0.07042512
-0.09544715
0.05332892
-0.02862704
0.00296403
-0.04606582
-0.10192968
0.13410092
-0.03992916
0.08903973
-0.03003701
-0.05641478
0.19419586
0.10692655
0.03690038
0.02893907
-0.03939379
-0.15418156
-0.08083633
0.02763226
-0.08435227
0.00991997
-0.04007822
0.02046540
-0.08288858
0.03899249
0.02412936
