-0.11920524
0.08808777
-0.03123254
0.09414298
0.09832544
0.09690760
0.01717049
-0.01020674
-0.00291413
0.01889996
0.03618335
-0.05265504
-0.04782723
0.12503051
0.01435906
0.05641941
-0.02526944
-0.15889421
-0.00851181
0.05305098
-0.14639659
-0.00095111
0.05652016
0.05114995
0.03161638
0.03426708
-0.12183169
0.10337109
-0.04376789
-0.08486756
0.12433506
-0.00329956
0.15350671
0.00895371
-0.11267312
-0.13075724
-0.03521697
-0.13450507
-0.08457468
-0.09576158
0.07884868
0.10234066
0.06629740
0.02391313
-0.07454426
-0.04606887
0.10986831
-0.00306334
0.04776432
-0.14628054
0.07445244
0.00991230
0.11093530
0.03139862
-0.17573736
-0.02393576
0.07677447
-0.11194284
0.01242313
0.04173596
0.02080394
-0.09523727
0.15008356
-0.09408723
0.01244696
-0.08176624
0.14371232
0.10182610
-0.03118376
-0.06703332
-0.14075250
-0.04266996
0.02208438
0.13848348
-0.12362281
0.00934108
-0.02271553
0.02738312
0.04751788
0.05166375
0.08337208
0.05083924
-0.09992918
0.01337514
-0.07497936
-0.01470756
0.05605882
0.08104067
-0.08333981
-0.00400820
-0.00647355
0.00923075
-0.06544559
-0.08801070
-0.00718025
-0.13320499
0.02776662
-0.03852033
0.04894511
-0.03820859
0.10219648
0.01207437
0.09707630
-0.13493878
-0.05856071
-0.13531894
-0.03034307
0.06729341
0.03604579
0.00932123
0.04280104
0.04767255
0.04266928
0.01377638
-0.07529313
-0.05427889
-0.07285588
0.00853233
0.12961468
-0.06657998
0.08267254
-0.07588667
-0.04213005
-0.05181986
0.03591786
-0.01630323
-0.05284350
0.07754668
0.09043473
0.14143530
-0.03620365
0.03332175
0.01659279
0.00484821
0.19629940
0.10124698
0.02593518
0.02218485
-0.01247607
-0.00603238
0.05449312
0.08136595
-0.01671738
-0.01320501
0.00700701
0.05894628
0.02474021
-0.01653036
-0.13942353
-0.14594885
0.00051343
-0.00363996
0.06358965
-0.01635789
0.03038486
-0.06759349
-0.08477745
-0.05051595
0.04739100
0.06911687
0.14715630
0.03463372
-0.01269219
-0.01049582
-0.10427157
0.00330844
0.08382773
-0.03929036
-0.06690836
0.05665013
0.06360614
0.09091026
0.05898225
