-0.01443520
-0.07427609
-0.09088193
0.03156808
-0.11708556
-0.09715195
-0.18402232
0.00095101
-0.06186190
0.08197106
-0.07293068
0.07770925
-0.01772266
-0.08590532
0.08190025
0.04966310
-0.04751398
-0.06138247
0.00689151
0.02571533
0.12037899
0.05404522
-0.02983454
-0.11285768
-0.03402353
0.04028269
0.01541956
0.03486483
0.09153012
-0.01643089
0.06945271
0.05677037
0.01811305
0.02355888
0.05474095
0.03951393
-0.04364911
0.13294978
0.02347300
0.00962676
0.05049948
-0.03805883
0.07569956
0.06806112
-0.05680276
0.08795992
-0.15842635
-0.14436610
0.00466018
-0.03328838
-0.06537866
0.05737263
0.01311427
-0.01474224
-0.13446519
0.06491568
-0.00609457
-0.04241462
-0.15496522
-0.00374634
0.03838933
0.00453481
0.08104481
-0.05497875
0.11195303
-0.07659673
-0.01953702
-0.03704753
0.03655406
0.10817773
0.02857280
0.04995217
-0.02991961
0.14962960
0.19887819
-0.05850508
-0.00602337
0.10437483
-0.01516505
-0.06761609
0.09192675
0.02370718
-0.00211269
-0.00977005
-0.03789324
0.00156891
-0.06977401
-0.07674375
-0.06117873
-0.02612647
0.04474103
-0.03050409
-0.14456906
-0.00451419
0.13591206
-0.05669639
0.11736324
0.12250856
0.01679417
0.06275673
-0.03705544
-0.00029860
-0.12188562
-0.02516456
-0.23870453
-0.05187306
0.02766484
0.00163889
0.03553170
-0.15695706
0.09428908
-0.03319841
-0.00904285
-0.00496827
-0.23873377
-0.02160010
-0.11984928
-0.17042716
0.03144958
0.03580435
0.02513788
0.01551735
0.01515823
-0.05342381
-0.00270156
-0.12604381
0.01826309
0.12439825
-0.05917696
0.05518291
-0.01352751
0.13585148
0.01975103
0.03831868
0.05798541
0.06363165
-0.03657938
0.10600455
0.01720040
-0.01630177
0.01427883
0.07454096
-0.02709018
0.11611767
0.04496012
-0.05407084
0.00548397
-0.03980173
0.06751118
-0.02979324
-0.09010182
-0.06990753
0.00729264
0.18930701
-0.05810117
0.03883179
-0.11871101
-0.01339344
-0.07089527
0.00140127
0.04641141
-0.05834268
0.04533731
0.02328024
-0.02906802
-0.01462367
-0.01016072
-0.00266897
0.07967254
0.07925675
0.12360177
0.01804324
0.01380772
