-0.12437136
0.05795828
0.06908989
-0.14267118
-0.01037758
-0.07905261
-0.02043521
-0.10630200
0.02342928
-0.00614383
0.01454632
0.21268198
-0.04316163
0.05987663
-0.06670965
-0.06401237
-0.04426708
0.03060169
-0.05280417
-0.05372945
-0.05020863
-0.09073668
0.10231452
0.07475830
0.17876777
0.04053371
0.00618151
0.02475746
-0.00625923
0.13412346
0.11212937
-0.00860020
0.01765794
0.12781733
0.13897028
0.07375752
0.01987124
-0.16773079
0.08465873
-0.06033704
-0.02905946
0.03063473
-0.11591920
-0.02293889
-0.02370596
0.02380910
0.02384293
-0.02255791
-0.02832232
0.06105338
-0.04326324
0.02353355
0.05505250
0.06580116
0.04180813
-0.00613196
-0.08136377
-0.04609860
0.11415294
0.08852275
0.22262620
-0.04843913
-0.06459518
0.08030016
-0.05062778
-0.02504465
0.02174535
-0.00363609
-0.13707520
0.15601856
-0.09846781
0.22793958
-0.09311086
-0.07068662
0.03132041
-0.15659241
-0.03810696
0.01717412
-0.00147151
-0.03814067
-0.12804118
-0.03702869
-0.02759607
-0.05555268
-0.09746190
0.04214482
0.08365370
0.02607581
-0.06655642
0.05691572
0.00687008
0.08646530
-0.11161405
0.07964768
0.09357491
-0.05769890
0.02881017
0.06346737
-0.07218157
-0.02665561
0.02287625
-0.06397426
0.01678172
0.00115857
0.03618376
0.02002795
-0.12618671
0.05349765
-0.06128467
-0.09709977
0.03981048
0.10892875
-0.01814727
-0.10861491
-0.00174729
-0.05476925
0.05008741
-0.02412819
0.03001159
0.08012383
-0.10725934
-0.16938073
-0.05406986
0.02862702
-0.04402303
-0.10259880
-0.12719052
-0.05332826
-0.06070677
-0.01502905
-0.09194488
-0.06853665
-0.00602687
0.04326459
0.00583433
0.08862925
0.08981923
0.10774717
0.01049324
0.10189114
-0.02030626
-0.05394378
-0.03497248
0.06778075
0.00836114
0.06082616
0.09590225
0.05192328
-0.10486080
0.02698826
-0.06180798
0.08024123
-0.03819256
-0.04273314
-0.01602373
0.00540428
-0.00845867
0.00500400
0.05274150
-0.01513311
0.07563680
-0.03713606
0.13247190
-0.05947466
-0.00044097
-0.03690782
0.09206450
0.01260721
0.02066034
0.00539626
-0.13579533
-0.04269401
0.00732510
