-0.13295325
0.11075080
0.03512474
-0.08230551
-0.00995649
-0.09838002
-0.04350650
0.07005637
-0.12864326
0.06947573
0.05235552
-0.19528603
-0.03047423
-0.04049602
0.07784659
-0.07655712
-0.01830851
0.02140850
-0.01770839
0.02052315
-0.02508184
0.03457455
0.00580017
0.06267457
0.03311124
-0.06286670
0.00764745
-0.03687033
0.02192572
-0.01621119
0.07727167
0.07347066
-0.01594358
-0.08835800
0.05870573
0.04272082
-0.02548763
0.02658180
0.10553343
0.03760832
0.00562356
-0.01822522
0.00958419
-0.11869900
0.04466861
0.12101289
-0.13914216
-0.07568460
0.20154138
-0.05652611
-0.10032794
-0.00337152
-0.04529047
0.10338623
-0.03636625
0.07375557
0.03341622
-0.03668700
-0.00392800
0.01501059
-0.13203033
0.02125559
-0.02992251
0.05542005
-0.01694829
-0.09965923
0.12568522
-0.11980562
0.00059425
0.03156956
-0.07700372
-0.13425727
0.04702550
-0.03453534
0.13867714
0.15029904
-0.10129883
-0.01973605
-0.13084577
0.02030911
0.01031059
-0.07830841
-0.05058763
-0.21022488
-0.10270936
0.00561398
0.05288643
-0.09850308
-0.02341554
0.02535932
0.16018568
0.11500076
0.07252528
-0.09022608
0.05274417
-0.05453457
-0.06925270
0.04542995
0.00464238
0.09122052
-0.05756866
0.04025371
0.07223777
-0.07554783
0.01136641
-0.04225322
0.08526878
0.06408201
-0.14037234
-0.09117875
0.04258934
0.01262956
0.03399984
-0.05674982
-0.02739184
0.01203884
0.07880013
0.04788407
0.15441163
-0.07858913
-0.03319200
0.11242308
0.02168809
0.03179047
-0.04377074
0.06656909
-0.08754354
0.00983960
-0.04081003
-0.08112374
0.01218224
-0.02219620
-0.15919273
0.01274292
0.00659717
0.03827857
0.03252553
-0.10824861
0.05703127
0.04177119
0.06745358
-0.00518100
0.04351946
-0.07065225
-0.04354749
0.10346579
0.14291408
-0.05192449
-0.04390509
0.02655932
0.10569797
0.04756399
0.09638434
-0.05331810
0.13088112
-0.08436848
-0.00189510
0.05028155
-0.00324282
0.07813663
0.03258234
0.10903328
0.01668831
-0.04112763
-0.00590461
0.05335117
0.13943970
0.12694208
-0.00785436
0.04662743
0.03481647
-0.04529095
-0.13804379
