-0.11805690
0.08728952
-0.06954023
-0.02710959
-0.05590069
0.01954350
0.07380500
0.08664265
0.04958206
0.01700936
0.08527720
-0.00964026
-0.14623495
0.00018610
0.10163222
0.13230622
0.02141487
-0.01594600
-0.08142717
0.00003029
-0.09529438
-0.09310893
0.02197831
0.04147840
-0.12009117
0.12053818
0.06373566
-0.07908340
-0.00933566
0.00697074
0.02927063
-0.03810004
0.00072285
-0.02582754
-0.04145715
-0.03540943
-0.01364527
-0.07651186
-0.02327524
-0.02379033
0.11205661
0.06018835
-0.01407968
-0.04943247
-0.00668171
0.00963786
0.04210874
0.04422984
-0.06365457
0.13071469
0.01214669
-0.09239512
0.08942186
-0.04817757
0.00535175
-0.13572956
-0.01734127
0.04008074
-0.04546072
-0.06817556
-0.08274922
0.08184113
0.14871473
0.04808487
0.09112221
-0.05352026
-0.09734764
-0.04915643
0.00666111
-0.01905284
-0.07055142
-0.13224627
-0.05024998
-0.04003263
-0.04888377
0.05396952
0.12001736
-0.03978783
0.05457254
-0.05331885
-0.00568054
0.07876504
0.08465641
0.03789568
-0.07299885
-0.02468876
-0.00650759
-0.06339199
-0.03699979
0.03799206
-0.05033918
-0.05487657
0.17484930
0.11566532
0.05295141
0.07124278
0.06460794
0.11458185
-0.07782225
-0.01834896
0.06622134
-0.11899601
0.05565333
0.05292220
0.16713329
-0.01980631
0.11023557
-0.01268180
0.08322964
0.01810346
0.08631846
-0.03840744
0.01600833
-0.03678604
0.03934738
0.02455051
-0.11077309
0.01840573
-0.07022187
-0.02971940
-0.02818294
-0.14493823
0.19315529
0.10840159
-0.00911188
-0.09525934
-0.02629720
0.05623244
0.08112405
-0.06302282
-0.12729348
0.19424717
-0.09552597
0.06906148
0.00321948
-0.09567143
0.04646734
-0.02675465
0.01035780
-0.08713885
-0.07189856
-0.02013786
-0.05375228
-0.00755528
-0.05824646
0.00373536
0.08030852
0.09224315
-0.01227737
-0.05497656
-0.12520793
-0.17381545
-0.13986683
0.01991321
0.03486961
0.07363194
0.07315798
-0.07825226
0.18807569
-0.01958194
0.01913048
0.05316426
0.10058241
-0.04204735
0.04690350
0.00588617
0.10003961
-0.06921620
0.02472119
0.12459170
-0.11246810
0.06951283
-0.05068620
