-0.10713893
-0.00215316
-0.14286981
0.01688238
-0.09840321
-0.09175946
0.07160817
0.02388515
0.02771597
-0.01205527
-0.01625386
-0.09222431
0.13370095
-0.01068359
-0.01216456
0.06784374
-0.17440914
-0.05185272
0.01283675
-0.08489798
0.04386009
-0.13178516
0.01169233
0.00619790
-0.01234728
0.09231516
-0.03849166
0.06717544
-0.05820085
-0.15864836
0.07012365
0.10929728
-0.03951736
-0.04295412
0.11974173
-0.06371314
0.12809862
-0.12570740
-0.01569987
-0.02609527
-0.08546323
0.21754138
-0.01599880
-0.00944076
-0.09534278
-0.00446379
-0.05901778
0.06189150
0.00020577
-0.00559344
0.05058826
-0.02562532
-0.04848367
-0.06637020
-0.01551342
0.03402700
-0.08366555
-0.01712007
0.14584098
-0.04032038
-0.04209551
0.12351771
0.03030433
-0.12098533
0.00289232
0.03261575
0.10263232
-0.08151549
0.13144075
0.11830667
-0.05804410
0.00815615
0.13787368
0.04320661
0.01637482
0.09379109
0.04192994
-0.06400175
0.01516165
-0.11793772
-0.11752146
0.03972176
0.05253413
-0.03644617
0.07086084
0.08180676
-0.06510951
0.04389788
-0.09870148
0.07182661
-0.01504699
-0.03957251
0.08635121
-0.09952840
0.13113500
-0.10236856
0.05165297
0.00599453
0.09066501
-0.05108800
-0.07692568
-0.05064200
0.04438607
-0.04123984
0.16306449
-0.00724078
0.06018482
-0.13517409
-0.06261418
-0.06967751
0.03180250
-0.02907500
0.04622780
-0.06962879
-0.07134730
0.07703627
0.03556456
-0.01363587
-0.14150963
0.05458827
0.17001797
-0.14614290
-0.02749955
0.03839607
0.00986521
-0.04070010
-0.03792248
-0.07520933
-0.09449629
0.02667389
0.02212112
0.13421711
-0.09683174
-0.07512343
-0.03954286
-0.00466693
0.08111205
0.06753369
0.01837685
-0.00032407
-0.07365311
-0.07185563
-0.05855743
-0.02351347
0.08852952
0.16662938
-0.09098889
-0.00093905
0.02853194
0.08437953
0.01255498
-0.02053262
0.00019685
-0.01092636
-0.05653787
-0.10662995
-0.11655681
0.05898635
-0.00280074
0.06824996
-0.03788058
-0.00051251
-0.11735549
-0.06967407
-0.01969699
-0.03128351
-0.09106381
-0.02290405
-0.04129046
0.03099488
-0.08594892
-0.01214752
-0.01851194
