-0.04860393
0.08179725
-0.11676664
0.03795653
0.02638239
0.07051484
0.08628882
-0.00067136
0.06842302
-0.11975234
0.17388661
0.07666262
0.14958366
-0.06021835
0.00451844
-0.02819788
0.02932432
0.09924014
-0.18646125
-0.08458509
0.07964679
-0.03778243
-0.04212246
0.01123182
0.00730803
0.04346983
-0.06147096
0.02489993
-0.00390180
-0.03712113
0.02266350
0.06233060
-0.09143820
0.00267833
0.00947336
-0.08194721
0.02263247
0.02039039
-0.04615961
0.11921054
-0.03544663
0.04725385
-0.03716749
-0.02737608
0.02528005
0.00269267
-0.06227951
-0.01792899
0.05523633
0.05833850
0.20523185
-0.05433489
0.15199126
0.10183069
-0.14318944
-0.12497954
0.00630273
0.03125914
0.00140996
0.02564690
-0.06615845
-0.06864649
-0.06721883
0.08914349
-0.03145965
0.01794304
-0.19149024
0.06221901
-0.07595115
-0.04733514
0.04285946
-0.01583218
0.04706484
-0.07566392
0.00284310
0.06237812
-0.00890730
-0.04476418
-0.03647723
0.06216139
0.04442006
0.08719465
-0.05670633
0.05981985
-0.01985264
-0.02143855
-0.03345825
-0.03101866
0.06573748
0.06125143
0.05940833
-0.05835026
0.01019175
0.15573163
-0.09666380
-0.13698297
-0.05601624
0.12264675
0.10429920
0.11246931
0.07391769
0.09835820
-0.04539919
0.12916427
0.01691817
0.10727396
-0.01595407
0.03163208
-0.05796084
0.13250498
0.10982980
0.06800236
-0.02973587
0.08186351
-0.15962328
-0.02382009
-0.07896246
-0.11020709
-0.01782900
-0.01175090
-0.05136770
-0.14755583
-0.21309433
-0.05463684
-0.02099598
0.12361165
0.05179162
0.07161673
0.08415034
-0.03596180
0.15763429
0.02971236
0.03706466
-0.04603463
-0.06667157
0.03069576
-0.02198427
0.06703399
-0.01635499
0.01263785
0.03703393
0.14367128
0.03006069
0.06550205
0.07208114
-0.00478578
0.10725006
0.10186896
0.01399012
0.11403644
0.01122936
0.04305245
-0.04147110
-0.11187287
0.03732917
-0.01123932
-0.02289841
0.08265758
0.03405499
-0.09655085
-0.09297623
0.03852182
0.03134541
-0.03447709
-0.02510019
0.03947151
-0.08386482
0.02640869
-0.03955301
-0.02015150
-0.00872461
0.02113145
0.10016374
