0.16720430
0.00905093
-0.05282444
0.01398782
0.04817322
-0.08824775
-0.05548139
-0.09488676
0.06403792
0.04538660
-0.10311930
0.12287513
0.08859909
0.07574508
-0.11406564
-0.08608743
-0.01195301
0.02303220
0.17188779
0.01182085
-0.01027202
0.07403756
0.02397623
-0.05128747
0.03125934
0.00010802
0.04247082
0.01137475
-0.02166544
0.03536744
-0.09352362
0.00885533
-0.06591928
-0.04317768
-0.10829080
-0.03458186
0.07521032
-0.01577896
0.03661376
-0.11671113
0.01488738
-0.00131386
-0.06485209
0.11613012
0.08511084
-0.04200535
0.03416832
0.00622811
-0.08977731
-0.08447239
0.11953554
-0.10077132
0.01414489
-0.00604535
-0.06584856
-0.10012235
0.05681300
-0.00035318
0.04441273
0.11771068
0.04268620
-0.20370913
-0.06915883
0.01673299
-0.11205940
-0.04693999
-0.02128447
-0.04422840
0.01806300
-0.00578747
-0.13435225
-0.07003298
0.03070230
-0.11404485
0.01065257
-0.14822205
0.06326050
0.00841568
-0.01705656
0.04141071
-0.10839498
0.03808725
-0.05928774
-0.01204198
-0.05149429
-0.07108582
0.06481827
0.10727240
-0.06835472
0.04666005
-0.10071070
-0.07324605
0.02094201
-0.08188367
0.09273826
0.05323568
-0.07799186
0.00026620
0.01386832
0.11956695
-0.10637233
-0.10946893
0.05959041
-0.05833373
-0.17396029
-0.10050780
-0.10446377
-0.06069263
0.03448363
-0.09457663
-0.19286836
-0.03769977
-0.02553019
0.02324892
0.02574944
0.09916997
0.10315532
-0.08134471
0.09489300
0.02171461
-0.07173281
-0.06061464
-0.11336128
0.00555784
-0.02818465
0.11228341
0.00990170
0.01330508
-0.00836229
-0.09060058
0.09958845
0.11366240
0.13139536
-0.08180581
-0.01747884
0.01468865
-0.00684759
-0.09335722
0.02888618
0.13069197
0.05049552
0.03030248
0.11463504
0.07739515
-0.10615014
0.12053683
-0.00756726
0.03818156
-0.03130233
0.03104666
0.12904834
-0.10143108
0.03997762
-0.02220668
0.03159642
0.04256624
0.03428690
-0.09001078
-0.06907806
0.00766431
0.03593438
0.00814201
-0.03168725
0.04071212
0.05691738
0.22731730
0.03771714
-0.03924645
-0.03237765
0.04618721
0.01182869
0.00134192
-0.03212498
