0.01261741
-0.07373664
-0.01189788
0.19856119
-0.08371782
0.00280090
-0.04958099
-0.01031265
-0.02669819
-0.08617188
0.16881789
-0.06604545
-0.21335291
-0.05014105
-0.07467283
0.03206324
0.00885713
0.03841913
-0.06944842
-0.02332523
0.09872983
0.10755839
-0.18037211
0.10605577
-0.04234638
0.02514306
0.02130516
0.02281524
0.06254573
0.05023328
0.13083033
-0.04008994
0.05081924
0.05644855
0.17743842
-0.04973217
0.05136007
0.08172687
0.11196215
0.06339168
0.02021998
-0.03427739
-0.11601251
-0.02101900
0.04915118
0.00870147
0.12462817
-0.08653755
-0.01548563
0.01981496
-0.02093110
0.07245446
0.05837282
0.09665828
-0.01476710
-0.03741461
-0.09514768
-0.05060310
0.06923642
-0.06043563
-0.13518797
-0.02018335
0.02346845
0.15030357
-0.00330060
0.01740106
-0.00772948
0.05914981
-0.02903271
0.05151338
-0.10089756
0.09362879
-0.07028596
-0.02523038
-0.18460725
-0.13204384
-0.01291741
0.00035634
0.10281676
0.13206561
-0.01841249
0.08417000
-0.04014094
-0.02937794
0.02791282
-0.08124545
0.02962506
-0.15649574
0.00649876
-0.05066812
-0.06399335
-0.07773076
0.05819778
0.00982916
-0.00991350
-0.00764996
0.16116120
0.02549935
0.00083083
0.02173141
-0.04143238
-0.04964748
-0.10165334
0.06709916
-0.01684940
-0.03940329
0.00534749
-0.13521866
-0.08207426
-0.03350277
0.09170063
0.12246800
-0.06989798
-0.18404477
-0.00687027
-0.13365878
-0.04226237
0.06541851
0.01770361
-0.00185868
0.07353824
-0.12893902
0.05561769
0.04539953
-0.00672337
-0.04860828
-0.09202927
0.03167088
-0.00274834
-0.05839588
0.08772884
-0.11142535
0.04292422
0.10096145
-0.10087701
0.03881111
-0.04688784
-0.03892686
0.06001003
-0.01447816
-0.00600266
-0.01424544
-0.00595111
0.01288800
0.10789450
0.06820548
-0.04461719
0.15205953
-0.00095579
0.12665565
-0.02945291
0.02012544
-0.07121726
-0.06141830
-0.09411327
-0.06081482
0.06944576
0.02518065
-0.10167522
-0.08058831
0.03473946
-0.02743507
-0.04345856
0.03100566
-0.07767732
-0.02069161
0.01083529
-0.01619919
-0.03338123
0.03869151
-0.09754304
-0.06690198
-0.06102532
