0.16000140
0.04163703
0.03103358
-0.00591351
0.15386289
0.03621182
0.08354799
0.02624356
-0.01869366
0.10020608
0.08715015
-0.04789643
-0.04248560
-0.06570367
-0.07993927
-0.00847231
0.00173318
-0.11606166
-0.06418684
-0.00616801
0.08235808
-0.05060606
-0.06916374
-0.12099921
0.15948085
-0.08323551
-0.09582050
-0.09999150
0.08128894
0.04668639
-0.13297344
-0.11793728
-0.06026785
0.03022193
-0.03115220
-0.06846936
-0.02369448
0.05488503
-0.03003839
0.06768395
-0.10317072
-0.00396563
-0.02124640
-0.08572094
-0.07472318
0.02966061
0.00475512
0.01067622
0.10745004
0.08760955
0.11980961
-0.01769027
0.03641020
-0.00173708
0.02183244
0.08745011
-0.02137765
-0.00178622
-0.10578894
-0.02116676
0.11341889
-0.04780183
-0.03420341
-0.05016108
-0.03020658
-0.11318249
-0.11541437
-0.08844056
-0.01904357
0.03028787
0.07610989
-0.08616801
-0.10957058
-0.06260170
0.08256716
0.07328570
0.12203035
0.09771997
-0.00994138
0.03027033
0.03523093
0.12927154
0.06949206
-0.00827741
0.04359478
0.00886778
0.00942079
0.08398428
-0.07993171
-0.03948656
-0.05781234
-0.09643961
0.03623619
-0.03150183
-0.00590487
0.00341191
-0.00261405
-0.02642073
0.02847172
0.03799223
0.03092554
0.03652038
-0.13531664
0.12572235
-0.06173318
-0.02689971
-0.15143373
-0.03646146
-0.07734231
-0.17345759
-0.01599136
0.01436676
-0.13848350
-0.07302577
0.14324319
0.10965496
0.04281496
-0.10831716
0.02023043
0.10663853
0.04254184
-0.01438182
0.00336986
-0.13638772
0.06787446
-0.02891019
0.13446823
-0.04018962
-0.07978550
0.11748177
0.12328029
-0.00344683
0.09712921
0.00594912
-0.01710528
0.02919921
-0.04666980
0.01419588
-0.01752530
-0.01252142
-0.05313296
0.13630461
-0.07401832
0.00342297
0.09777909
-0.01882594
0.00660663
0.06293880
0.12565081
0.00746440
-0.09083408
0.01862674
-0.04842616
-0.01190458
0.10190370
0.02467060
-0.07406916
-0.04278495
0.09625496
-0.06233783
0.00468527
0.06970821
-0.10620653
-0.01387328
0.01305168
-0.12014762
-0.11776607
0.18370254
0.09017689
-0.14139402
-0.02094576
-0.00564817
-0.05760142
