-0.05340171
0.06086043
0.02139046
-0.10396108
0.06492990
-0.02352044
-0.09182336
-0.10673165
0.07698653
0.11249210
0.12143737
0.03960143
0.03676899
0.04374139
-0.13802706
0.04314621
-0.01649177
-0.02054357
-0.04692205
-0.02664609
0.22731807
-0.15902839
-0.06908524
-0.01587686
0.00858723
0.06065655
0.04583194
-0.00937916
-0.05409170
-0.10062589
-0.00763892
0.04991759
-0.06903806
-0.09324669
-0.04363757
-0.00158798
-0.06898855
-0.02594895
-0.04828087
-0.00323014
-0.02191011
0.09226989
0.00377943
-0.04583762
0.11950846
0.07450990
0.00827121
0.01586896
0.01334690
0.08437857
0.11667602
-0.12030130
0.00523859
-0.03693428
-0.08155125
-0.05577745
0.05367648
-0.10325875
0.00359210
-0.09963438
-0.05051771
0.02395137
0.02859157
-0.07878916
-0.02336916
0.07495139
0.01659978
-0.04472112
0.08127925
0.01088447
0.03436536
0.16202590
0.11594532
-0.11560225
-0.04787473
-0.05616845
0.07101432
0.05726246
-0.08125802
0.06739864
-0.00517728
0.00909307
-0.05106355
0.05533232
-0.01708868
-0.01003274
0.06821361
0.10990688
0.11538285
-0.04154990
0.03767001
-0.06675071
-0.02718391
0.03648160
0.03748112
-0.16664697
-0.02517492
-0.05373159
-0.05194066
-0.05187129
-0.03293700
0.07586877
0.04422165
0.05176860
-0.03660196
0.00782449
-0.09659348
-0.07057601
-0.16852186
0.10425646
-0.03408753
0.08492759
0.07935219
-0.06562781
-0.00204121
0.01085266
-0.06405252
0.03522431
0.05226844
-0.04852139
-0.07945885
-0.16020971
0.01772637
0.08289102
0.05856512
0.09508391
-0.08677146
0.14411820
-0.04078475
-0.10531134
0.05991976
0.03643217
0.02630945
-0.07306481
0.10843486
0.10667699
-0.01426381
-0.00126347
0.21088327
-0.05319989
-0.24697349
-0.01352706
0.00324126
0.03588893
0.02340240
0.01434376
0.10498690
0.03382224
-0.00853326
0.11632632
-0.14465214
0.03253343
-0.01146992
-0.00874908
-0.02725824
-0.04816243
-0.05961757
-0.12376082
-0.00138807
0.01179006
-0.09537093
0.05129206
-0.06440836
0.04636750
0.15664950
-0.03958661
0.05458353
0.05800985
0.01691569
0.01071498
0.09878273
0.07417259
-0.09397068
