0.13006908
0.11929677
0.00391012
-0.02945590
0.02289335
-0.03585138
-0.05733058
0.00025481
0.01021411
0.12947703
0.04251794
0.01901024
-0.05135957
-0.06226357
0.06212065
0.07855924
0.06506213
-0.05411179
0.04949141
-0.03209220
-0.10817324
0.03046848
0.04856289
0.10051662
0.02238915
-0.05613662
-0.00205718
-0.09908451
0.02068790
-0.00209610
-0.09481365
0.13022031
0.12217753
0.09933449
0.02230777
0.05612774
-0.01049900
-0.00983692
-0.01539590
0.01481344
-0.01590971
0.18716970
-0.06656668
0.04373730
-0.05336824
0.11929468
0.05443782
0.04135962
-0.00140577
0.06418839
-0.01867300
0.11561638
-0.12736557
-0.05598969
-0.06858056
-0.02208040
0.09853459
0.02806204
-0.00090118
-0.10723186
-0.02584865
-0.08888271
0.06885235
0.11585584
-0.02659577
0.05096511
0.01484722
0.09428875
-0.21405466
-0.20026382
-0.03496162
0.02809280
0.09113180
-0.03008166
0.00517374
-0.11353293
0.10319537
0.11835084
-0.12048146
0.04109690
0.06848068
0.11329677
-0.19002204
-0.00728602
0.09522518
-0.03091960
-0.03821999
0.05154281
0.07862361
0.02169944
-0.03718947
0.01205976
-0.07062269
-0.04184970
0.09137338
-0.04893085
0.11654880
0.02412114
-0.03351908
-0.04884768
0.00007718
-0.24568450
-0.04017438
-0.02891307
0.02477936
-0.02681009
0.07535079
-0.11437825
0.04439681
0.00867972
0.01990987
0.00588958
0.06137108
0.03029207
-0.00403478
0.01882084
-0.06917812
0.07105169
0.03555915
0.01567145
0.06615692
0.12105061
0.01150937
-0.10326759
-0.02484319
-0.02795319
-0.12239788
0.01223850
0.07781021
-0.04300726
-0.02055976
-0.03821606
-0.01025394
-0.08022171
0.03080545
-0.16985922
0.13559968
0.03362653
0.11947124
0.10035970
-0.05125427
0.01664489
-0.08817166
-0.16193324
0.06553773
0.13068801
0.01603475
0.00111877
0.03219156
-0.04229930
0.12860453
0.00146989
0.02388257
-0.01711171
0.06417594
0.02161672
-0.02074554
0.02523353
-0.03507845
-0.01425193
-0.08708307
-0.01029554
-0.11221249
0.04131904
0.11983556
-0.02062579
-0.12790865
0.01860312
0.04102528
0.08192123
-0.06938831
-0.01432151
-0.05214977
