0.07409905
-0.06439702
0.02221462
0.10362898
0.03121776
-0.23705431
0.18350557
0.04758645
0.06805607
-0.17834237
-0.04624003
0.09106564
-0.01556296
-0.03869568
-0.07573918
-0.03055578
0.19695747
-0.05386527
0.02452051
-0.07240656
0.12466318
0.08604557
-0.04302984
0.01489434
0.08339144
-0.04824738
0.07616163
-0.00920269
-0.01140169
-0.11244944
0.04742489
-0.02547292
-0.02513411
-0.01972149
0.08055269
0.00125295
0.00629362
-0.05248573
0.00246419
0.01133765
-0.05342834
0.01306797
-0.08229569
0.02897236
0.03870928
0.01903764
0.10118919
0.04847770
-0.04189627
0.05096311
-0.01050318
-0.07378164
-0.04262587
-0.04428246
0.05135886
0.07536049
-0.14796384
0.02014132
0.06059516
-0.14345243
-0.00116896
-0.14665422
0.06474093
0.10780024
-0.00672412
0.01533515
-0.07167455
0.02639360
0.10071746
0.05517193
0.05708205
0.04396187
0.01126279
0.12944167
-0.05005114
0.00957504
0.10781112
-0.02371460
0.00299867
-0.11541114
-0.01726832
0.03044973
-0.09013890
0.07581736
0.00562394
0.02163675
0.14534040
0.16992490
-0.01371328
-0.05435196
0.02857799
-0.01890724
0.08636094
0.02650964
0.02109294
-0.10798829
0.06748808
0.13115021
-0.00913723
-0.13526131
0.01424768
0.02472862
0.02140260
0.05772807
-0.03269256
-0.11477914
0.10980845
-0.01373008
-0.00077936
-0.05933916
-0.02742126
0.05706052
-0.03345886
-0.05734213
0.05254643
-0.08041890
0.09233951
-0.01728247
0.10320573
-0.14368112
0.10946894
-0.00008422
-0.03315279
-0.03362943
0.05362640
-0.01707211
-0.01109384
-0.07600569
-0.14780392
-0.02334648
0.11643130
0.05803630
-0.00620665
-0.05813021
-0.15783607
-0.07012865
-0.04473487
-0.04952209
-0.15536991
-0.00899703
0.03006140
-0.15353249
-0.01134262
-0.08918848
0.12871764
0.02861827
-0.11691253
0.02308715
0.02907873
0.07115787
-0.06445427
-0.12375684
-0.05644873
-0.08638258
0.01037365
-0.04926601
-0.11166797
0.06470128
0.00442948
0.01442960
-0.07852607
-0.09751328
-0.03798879
0.01285422
0.01949912
-0.13902713
0.06182840
-0.00950914
-0.01637865
-0.07559268
0.00162790
0.04520382
-0.02682611
