0.05257119
0.10134589
0.08007232
-0.10348264
0.00616564
0.02854429
0.08348115
-0.06794957
0.01823965
0.03113631
-0.15935571
0.01003681
-0.06076751
0.02865741
-0.02356114
-0.02542442
0.15786344
-0.08571011
-0.03337785
0.21176452
0.01911573
-0.00182915
0.02999320
0.03977478
-0.16048549
0.07840166
-0.12408443
-0.09113667
-0.04634126
0.06904093
-0.01571690
0.00881798
-0.04396095
-0.05336896
-0.06345140
0.02945658
-0.05597210
0.00707202
-0.02390910
-0.00809357
-0.06722870
0.06279226
0.02168291
0.10787806
0.11850800
-0.03846662
-0.01823059
0.00180667
0.00881962
0.05946357
-0.11550640
0.09806995
0.01909744
0.03165345
0.00024903
-0.18062936
0.01850177
0.02964499
0.04515417
0.10632027
0.17593868
0.07976404
-0.01871765
0.06742273
-0.02806650
0.00914310
-0.13875697
-0.03092819
-0.03712751
-0.04991917
-0.13808633
0.19142093
-0.09957211
-0.04768187
-0.02935596
-0.02394392
0.01634334
-0.14452469
0.02292960
0.01470162
0.12737922
-0.07810483
0.00996808
0.07267373
0.02412128
0.05331553
0.01250896
0.02113182
0.08540855
-0.10674668
0.03574303
0.03385297
-0.06451867
-0.00166692
0.05165797
-0.10179210
-0.06021369
0.06376406
0.02140320
0.03001839
0.07659230
0.10160183
0.02616288
-0.06606302
0.04485285
0.10067628
0.12799104
0.07858979
-0.06050046
-0.04260055
0.05515513
-0.02878964
-0.09734521
-0.14417548
0.07301552
0.03537144
0.10029148
0.06353285
0.00503468
0.08124381
0.01393580
-0.08342363
-0.10100000
-0.06975900
0.11819779
-0.09983010
0.06173560
0.12329519
0.04042449
0.14380810
0.03564868
0.09521396
0.05160569
0.00602114
0.15876161
-0.08767909
0.06889121
-0.06752841
-0.14398751
-0.05495179
0.00221427
0.01873935
-0.10622276
0.02460749
0.08885694
-0.02850760
0.01712375
-0.02515614
-0.04895451
0.00417614
0.05039000
0.04278933
-0.01747083
-0.02286033
0.03822348
-0.10033083
0.03275599
-0.13058391
0.06561362
-0.02401846
-0.02172128
0.05211753
-0.07898944
-0.05786508
-0.10174936
0.01884416
-0.00275911
-0.05204059
0.02252345
-0.12593472
-0.10200072
0.02873411
0.10621005
