-0.00932944
-0.04228475
0.00706702
0.11609125
-0.18271606
0.10445521
0.00047552
-0.05488509
0.03331701
0.08967978
0.14632569
0.03493203
-0.03459280
-0.08733636
-0.08161943
-0.05646838
0.00530570
-0.03465179
-0.00769960
0.01411172
-0.04655547
-0.09123488
-0.21457292
0.03094018
-0.11007763
0.10020924
0.06168081
0.06567126
0.03936433
0.02802985
0.08350820
0.00925679
0.02097465
0.15333472
-0.00518127
0.04767063
-0.03154232
-0.01517580
0.02559196
-0.03292858
0.08743261
-0.05621621
-0.01195891
0.03589658
0.06949134
-0.02115988
0.09481445
-0.00437891
-0.07795652
-0.10284883
0.06807040
0.03103439
0.09053141
0.04743772
0.04744151
0.01922097
0.03856835
0.04947463
0.05347156
0.05480805
-0.05654635
0.01402351
-0.10111688
-0.01248897
-0.06456094
0.04470610
-0.01989208
-0.03459225
-0.00304989
-0.00645269
-0.02483570
0.03198459
0.03332271
0.04321719
0.01952504
-0.01504793
0.08038643
0.16415150
-0.04473158
-0.02243924
0.11875408
0.11385786
-0.05353234
-0.03002239
0.13374929
0.02816245
0.04936423
-0.10235035
-0.01343942
0.06435692
0.00924947
0.05459368
0.02602854
0.06546330
0.05399390
-0.06318391
-0.00872662
-0.09526374
0.07952564
-0.06312764
-0.09757389
-0.01258120
0.17835204
0.02047663
-0.04068840
0.03017525
-0.06375025
-0.03495571
-0.00688533
0.13681345
-0.05400322
0.02762553
-0.13301525
-0.06894751
0.03996265
-0.02212515
0.09167382
-0.01489602
0.06483503
0.03821543
-0.01211737
-0.07515944
0.07987908
0.05319126
0.14017443
0.19528504
-0.05504062
0.01795883
-0.01554164
-0.03426239
-0.10780632
0.00161533
-0.02260980
-0.16623302
-0.16220327
0.16341322
-0.01867264
0.02565058
0.06961418
0.02014678
-0.03171458
-0.14343608
0.04333224
-0.09965145
-0.06092537
-0.15238630
-0.03601958
0.01602275
0.01753764
0.05979486
0.10739215
0.16458694
-0.09319600
0.02611975
-0.12511493
-0.01561915
-0.11873416
0.04376551
0.03135429
0.01360733
-0.09609687
0.18295919
0.03304632
0.02300378
0.00987211
-0.05021909
0.05290451
0.16522113
0.07281081
-0.01524721
-0.06000279
-0.02802558
0.04513750
