0.07608901
-0.09523479
-0.06362990
0.03732743
0.00611990
0.09364084
0.05015877
0.02695893
0.06997405
-0.04944895
0.11499006
0.04047969
0.00183674
-0.08858296
-0.04431128
-0.01872227
-0.03045668
0.08935660
-0.10867459
0.02122983
-0.00663648
0.03157622
-0.02432464
-0.04628379
-0.09109130
-0.08420846
0.10455510
0.07118394
0.03119114
-0.01930804
-0.03116013
0.02514182
-0.03077781
-0.08395840
-0.02538234
-0.00077779
0.05470634
-0.05642738
0.16917152
-0.13775035
-0.01901843
0.08212544
-0.03859873
-0.18989896
0.14555471
-0.03477210
0.00203002
0.07293641
0.03141121
-0.03490388
0.03707115
-0.03820660
-0.08768275
0.04552295
-0.01238573
0.00353797
-0.14671618
0.02863283
-0.08253571
-0.00071330
0.03021407
0.01324888
0.05047495
-0.11451985
0.00373144
0.06049350
0.01112417
-0.10509122
0.11410414
0.01162430
0.01243123
0.25205299
-0.06098738
0.18256820
-0.01495850
-0.06953684
-0.04697780
0.03566123
0.03710737
-0.01394338
0.02945617
-0.01627039
0.04811602
-0.13498251
-0.03925700
-0.02904059
-0.01708506
-0.05503822
-0.05389345
-0.09875871
0.05515048
-0.05888751
0.09614323
-0.08050184
0.05857150
-0.14548771
-0.02606098
0.00024712
0.00542907
-0.02924021
0.04529644
-0.10298924
0.02915225
0.02639990
-0.01497618
-0.02293702
-0.05565683
0.02266120
0.04466442
0.11710730
-0.02419023
-0.01385162
-0.06659824
0.04682270
-0.03899609
-0.06072028
-0.06136932
0.09285666
-0.13986109
-0.06177579
0.01761805
0.13348883
-0.18553220
0.08748644
-0.01304385
-0.03617425
0.07814750
-0.04291032
0.10017601
0.09489183
-0.01601544
-0.08070090
0.16770330
0.13262500
-0.05055625
0.08459079
0.04879281
0.02471310
-0.02399782
0.07890210
0.06180898
-0.10386306
0.01609435
0.08478368
-0.13711453
-0.07840878
0.03351049
-0.05226617
0.01895535
-0.16235011
-0.03966762
-0.09259075
0.02899722
-0.04595530
0.09818620
0.07224458
0.01207767
-0.06502988
-0.09575080
-0.01116842
0.04363459
-0.07676400
-0.03678006
0.13704190
-0.06509035
-0.00559316
-0.02750114
0.17217160
-0.02890430
0.01854800
-0.03397895
0.02130065
-0.15864056
