0.02332923
0.08998478
0.07504413
0.07378535
-0.01599407
-0.02794798
-0.00042038
-0.08996295
-0.03797925
-0.03915311
-0.08833796
0.09197765
-0.01554537
-0.07732165
-0.12993555
0.11384441
-0.05341012
0.06067196
-0.01374680
0.14647650
-0.06093915
-0.05911243
0.02907318
-0.03328702
-0.05177062
-0.00516133
0.02274858
0.00182145
0.03128519
-0.01915689
-0.07944458
0.00711498
-0.03759323
0.09826281
0.00613214
-0.07225734
-0.06763336
0.01860115
-0.06675681
-0.18255089
-0.00901908
0.02777728
-0.03908874
0.05567932
-0.09979986
0.03283099
0.05109927
-0.07304009
0.11333025
-0.05200962
0.11732897
-0.16153332
0.03652970
0.06292964
-0.08295502
-0.07736825
-0.00682018
-0.04079137
-0.01977196
-0.05365076
0.03870213
-0.03571267
-0.01078004
-0.00407401
0.03060829
-0.14467907
0.14066799
0.04137740
0.00780141
-0.04862433
0.07987991
-0.19011092
-0.08185165
-0.04510157
0.02174056
0.08441482
-0.03670209
0.08057880
-0.06129784
-0.05778933
-0.09893623
-0.09375392
-0.02330371
-0.03867334
0.11390712
0.00295042
0.06897224
0.05300789
0.11100357
0.07172918
0.08108105
0.09181248
-0.13059821
0.04145434
-0.12748801
0.07733479
-0.01601817
0.01890236
0.14357490
0.03844016
-0.05236828
-0.02180675
0.12665704
-0.03180034
0.05030793
0.02516525
0.04286176
0.00752883
-0.10503031
-0.10534354
-0.09901526
-0.09859436
-0.02422075
0.05351489
-0.04112491
0.01021314
-0.01674907
-0.14570010
0.01781802
0.06732153
-0.05677815
-0.03814498
-0.13379250
-0.13348904
-0.12755061
-0.06182078
0.11420716
0.12629848
-0.05685913
0.12730095
0.07813480
0.00543937
0.00784945
-0.09868264
-0.06606387
-0.01483474
0.01739217
-0.04686526
-0.09221890
0.12764721
-0.09131045
0.20586579
0.06863748
-0.02976061
0.14235148
0.01480697
0.04350759
-0.01220553
-0.08288723
0.08959218
0.02084026
0.03801816
-0.17258770
0.05646653
-0.04485108
0.06557792
-0.08840118
0.07987139
0.00595024
-0.01924746
-0.05893845
0.02054572
0.00564106
-0.11165170
0.04259496
0.02831046
0.11267871
-0.03195128
-0.01150891
0.07529858
-0.01591568
-0.00017349
0.04554768
