0.04235699
0.08945357
0.03955800
-0.09585056
0.07345027
0.01555048
-0.01089813
-0.10126746
-0.01888929
0.02473993
0.07629316
0.00810536
-0.07938611
-0.02876814
-0.00068753
-0.02301399
-0.01369436
-0.08546008
-0.06897298
0.01955338
-0.04978969
0.04355398
0.16334460
-0.12748703
-0.04990022
0.03955610
-0.09460971
0.13125110
0.09172640
0.06480194
-0.00185807
-0.00178647
0.06411824
0.07227401
0.14910840
-0.04323083
-0.01625544
0.12252962
0.07680183
-0.08200858
0.01161464
0.03597080
0.02268437
0.03514461
-0.04713895
0.08092138
0.02769491
-0.00944252
-0.01697912
0.20810363
-0.03454266
0.00813186
0.00421529
0.10120185
-0.23063995
0.09496219
-0.11330009
0.13567998
0.09619322
0.03106695
0.07851566
-0.00467888
0.07819420
-0.02944570
0.05206677
-0.01115740
-0.04570815
0.08480079
0.10426217
-0.05814265
-0.03057482
-0.15354212
-0.04396306
-0.00827721
0.01898667
-0.03329011
0.09730891
0.00348036
0.01506235
0.06596796
-0.02415338
0.13647439
0.06509938
0.03457115
-0.01222740
0.09151434
0.01844380
0.00619187
0.02881446
0.07927246
0.14249805
0.00988734
0.05109926
-0.11570373
-0.05719829
-0.13838516
-0.05917455
0.02849952
-0.08920541
0.00540117
0.00031827
-0.05069169
0.00362823
0.06658110
-0.14869256
0.00270019
0.07660342
0.00039693
-0.01106522
0.08695300
-0.04512615
-0.03077479
-0.00958021
-0.13247381
-0.12039078
0.13621998
-0.01216742
-0.01443501
-0.04973604
0.08401589
0.05009376
0.05552703
0.03512564
0.08645467
-0.05500797
0.08799221
0.00709034
-0.13882611
0.01162761
0.02028118
0.12213727
0.02157702
0.00242627
0.00817259
-0.10562071
0.09312940
-0.02876305
-0.07149812
-0.10164453
0.11552942
-0.01671659
-0.04207454
0.12179980
0.12305890
-0.07247314
0.00410918
-0.06250873
0.13218845
0.13195969
0.00471512
-0.04579485
0.07746156
0.05420216
0.16655724
-0.00573738
-0.11403515
0.04445502
-0.03286852
-0.01160371
-0.01871123
-0.03380423
-0.03611929
0.00891224
-0.01377766
-0.01589223
0.02833483
0.18530576
0.06764902
0.04593621
0.06335280
-0.07776264
-0.03451733
0.12740805
