0.03199238
-0.00593754
-0.03528388
0.07601643
0.19723505
-0.08660679
0.00098248
-0.09296492
-0.05935693
0.05309896
-0.05447274
0.02168200
-0.00804839
0.03345073
-0.01421774
0.03213577
0.06643293
-0.17186437
0.03920007
0.06058047
0.11731640
-0.03675118
0.08114276
0.02297068
-0.09505601
-0.02839999
0.05151740
0.08742743
0.00541050
-0.09954829
0.00069876
-0.07622530
0.03269886
-0.08262017
-0.02665112
-0.03858326
-0.01501848
0.00176619
0.09800003
0.05038902
0.09449278
0.06724033
-0.14203189
0.05958763
-0.01882882
0.08599029
0.04067405
-0.00798797
0.04892878
0.01410671
0.19504058
-0.10661641
-0.06134508
-0.05847290
0.01245699
-0.02738260
0.10408201
0.04045128
-0.01136466
-0.07425825
0.10286064
0.01013230
-0.08153018
0.05143693
-0.00466106
0.07176737
-0.03211396
-0.01502686
-0.09150167
0.11203000
-0.12086144
-0.15966877
0.04867301
0.01222229
-0.03968608
-0.06029686
-0.05577234
-0.15422059
-0.03201345
0.10322453
0.12133791
-0.04293976
0.08682388
0.01410154
0.06036789
-0.07536063
-0.08799763
0.01191677
0.01942049
0.01928769
-0.01061383
-0.01471012
-0.05360568
-0.05577186
0.07244738
-0.03746277
0.04731501
0.06833303
-0.01445626
-0.11023884
-0.20085421
0.06410172
0.13124759
-0.06224071
0.08334826
0.04635702
0.00359595
-0.07506883
-0.19244656
-0.01683419
-0.00331100
0.07463476
0.06577600
-0.03923117
-0.00319816
-0.04387477
0.01056423
-0.05577108
0.01468823
-0.10218267
-0.14036149
0.04340541
0.08231943
-0.02244043
-0.00440243
-0.00850308
0.02242974
-0.19468469
-0.10025402
0.09553560
0.16431797
-0.13883251
0.06538993
0.01475698
-0.12088696
-0.09460137
-0.11997607
0.06547710
0.07182041
-0.11194721
0.01703224
-0.05083269
0.08451924
0.00930131
0.04542606
-0.03882004
-0.00326239
-0.02196251
-0.20193631
-0.01070326
0.06248341
-0.01629061
0.09776249
-0.00189048
0.08592518
-0.05306384
0.04527480
-0.07938415
0.02421140
-0.04168390
0.06543305
-0.06953260
0.00869345
0.03681603
0.00088975
0.01214675
-0.07372182
-0.12409581
0.05138187
-0.00121801
-0.07185027
0.02299745
0.01461532
