-0.04684655
0.02656488
0.09111607
0.02040367
-0.03039195
-0.02187787
0.01646403
0.03764019
0.19790218
0.13502947
-0.12198370
0.04325696
0.03795276
0.07029349
0.04561818
-0.00382101
0.05807273
-0.10792981
0.03419723
0.09909700
0.00301153
0.05179975
0.00360520
0.07392321
0.08309685
-0.02697467
0.23798278
0.17900937
-0.02770531
0.07703752
0.05425645
0.00209475
0.03383202
-0.18186638
0.00496806
0.05124070
-0.01088062
-0.07020334
-0.14046184
0.02591617
-0.05209029
0.00647633
-0.02997891
0.04951374
-0.06799479
0.00380136
-0.14125028
-0.01013877
-0.04449576
-0.00015712
-0.05942408
0.02355263
0.12143864
0.10487257
-0.07590430
-0.00889436
0.15428725
-0.12062684
-0.06010971
0.04506966
-0.08710139
0.01247471
0.12450908
-0.12172672
-0.03191593
0.08118351
0.03049199
0.01109388
-0.00865348
-0.11572881
-0.10001536
-0.05285334
-0.07110578
0.06136419
0.01198490
-0.06457420
0.06475049
-0.01478608
-0.03158420
0.05163499
0.04610797
-0.00179989
-0.04645311
-0.10108223
-0.03729011
-0.08629273
-0.12456677
-0.00237688
0.03833499
-0.12297106
0.08083746
-0.01288328
0.02396763
-0.09802908
-0.06462711
-0.14709446
-0.06157975
-0.16493351
0.08966122
-0.16409145
0.02486741
0.00625441
0.00925627
0.05328853
0.00730508
-0.07419516
-0.03954214
0.14283949
0.03248192
0.00159017
0.02914451
-0.03922852
-0.01847774
0.00348464
0.10115815
-0.02478085
-0.01535880
0.01056137
-0.06760942
-0.06761547
0.06911250
0.08095895
0.04265166
-0.03350239
0.01642745
0.03164786
0.02008273
-0.02867417
-0.02605027
0.10773378
-0.12477866
-0.04998025
-0.21981725
-0.08615043
0.00054878
-0.02513218
-0.13035637
0.06164885
0.12606622
0.02835464
-0.07722493
0.00119784
-0.08816558
-0.01101450
0.01437543
0.04571722
-0.05345916
0.01030684
0.04625246
0.02877282
0.08804610
-0.07743620
-0.05642101
0.01201936
0.04809477
0.05696588
0.03076598
-0.04525879
0.00653766
-0.00061442
0.04983003
-0.05400855
-0.10644390
-0.14250277
-0.00035183
0.06932846
0.06941261
-0.00367606
0.00760653
0.00130753
-0.12527286
0.13948785
0.05969123
