-0.04985759
0.04105372
-0.06193121
-0.05959031
0.07171894
-0.15217429
-0.09818753
0.01180804
0.17902594
-0.00009865
-0.03088975
-0.05298656
0.03297875
-0.01379719
-0.07105918
0.04180039
-0.06838366
-0.18000101
0.04429386
-0.01588739
-0.05896049
0.19280082
-0.20202795
0.13597969
0.01721606
-0.09779356
0.02808699
0.04751123
-0.09465441
0.20829705
-0.08634228
0.11382176
0.04158939
0.03350353
0.12272291
-0.01341679
-0.01524716
0.01029454
-0.12136881
-0.06467256
-0.04356420
-0.04946437
-0.08577646
0.02097536
-0.00692652
-0.13764695
-0.03529599
0.05150133
0.06415376
-0.03197253
0.06504690
-0.06196571
-0.05682358
-0.03763149
-0.05872001
-0.07816181
-0.11324305
0.03971072
-0.01103826
-0.01015055
0.05536763
-0.00690705
0.16950110
0.01317023
-0.07435244
0.06210470
-0.05637212
-0.09832939
0.08870065
0.01139053
-0.01737050
-0.02041959
-0.04448868
0.01885384
0.01123142
0.04815721
-0.13880900
-0.05887681
-0.02966990
0.04244336
-0.02782988
0.04806120
0.03933759
-0.09289321
-0.07664175
-0.02087782
0.01490654
0.11309365
-0.08563822
0.03751782
-0.00820576
-0.06299273
-0.02242365
-0.03630099
0.07607088
0.14235706
-0.03046465
0.09036134
-0.10781104
0.13901368
0.03186413
-0.13806362
0.08060844
-0.05239805
0.05053194
-0.00302603
0.06553914
0.06634848
-0.00746055
-0.05324991
-0.08012142
-0.08988675
-0.07922163
0.18852273
0.08263376
-0.00907377
-0.00958114
-0.02078853
-0.00263605
-0.03595386
-0.11338369
0.08262253
-0.09359110
-0.00595611
-0.08140519
0.05444291
0.09421218
-0.04586748
0.01768856
-0.07253991
-0.08546665
-0.06705035
-0.08168137
0.03563251
-0.03898983
0.01928942
0.01736210
0.06654112
-0.03799860
0.09641930
0.09382979
-0.01086333
-0.07596042
-0.04010631
-0.04040957
-0.15800266
-0.03394988
-0.02241292
-0.02297252
0.04613850
0.10022339
0.10652960
0.08353628
0.03685468
0.03444407
0.11580761
-0.09032621
0.17966637
0.01936723
0.01929836
0.04683553
0.02035870
-0.05198043
0.04866140
0.07615619
0.05353858
-0.01877530
0.01191400
-0.04377133
-0.06721812
-0.01438992
0.00341575
-0.06519341
