0.00845060
0.02210248
0.00946295
0.12345530
-0.08317179
-0.11150707
-0.06142009
0.00514276
-0.03345976
-0.04353942
0.08856460
-0.08891580
0.13536907
-0.03418488
-0.13566486
-0.07652725
0.11349155
0.01256710
-0.07357312
-0.09152017
0.09447490
0.04866628
0.10549128
-0.04227479
-0.13965614
0.02831950
-0.01294774
-0.11292475
-0.05732595
-0.01729656
0.02183808
0.07422257
0.14010918
-0.13777517
-0.09842401
-0.04919151
0.07785657
0.06045735
-0.00234861
-0.00475818
0.09002081
0.03356910
-0.03107072
-0.01468475
0.02254962
-0.00693341
0.02114437
-0.06107075
0.03423549
-0.03794922
-0.08067556
-0.14125768
-0.02118360
-0.02071709
-0.10433849
0.05890291
-0.02601281
-0.04764988
-0.09316554
0.05986893
-0.03318584
0.06670593
0.00186366
0.15411613
0.06798814
-0.03992703
0.01395108
0.21040934
0.01308473
-0.10256564
-0.07026731
0.12202787
-0.03405720
-0.07612153
-0.00132451
-0.08302024
0.02673364
0.00750978
0.16831909
-0.03403474
-0.04778940
0.03576789
0.07672055
-0.00988965
0.06280748
0.03356927
0.04299710
-0.05905323
-0.09402587
-0.12790184
0.07762826
0.05745107
-0.07404573
-0.04554048
0.01297037
0.03817786
-0.04109867
-0.05777097
0.11483736
-0.08358190
0.27304975
0.00599705
0.04537583
0.05947140
0.01820706
0.01939408
-0.05626505
-0.04938354
0.01871535
0.06429807
0.05419198
-0.09634407
-0.07799987
-0.11888724
-0.04139635
0.09538327
-0.14783387
0.06463610
0.05092566
-0.03540207
0.09579325
-0.03953544
-0.01614465
0.08588616
-0.11969751
-0.14621877
-0.12339214
0.00402837
-0.00900426
-0.02436823
-0.01740498
0.02487628
0.04308847
-0.05862894
0.03689309
0.04664076
-0.08981226
-0.03239188
0.00222997
-0.07887456
-0.06030630
0.02941744
-0.11401479
0.00953380
0.07410548
0.14348289
0.12348138
0.02630517
-0.01892580
0.02720673
-0.03990761
0.04742224
0.02529891
-0.01741052
-0.12745059
-0.00947263
0.08557200
-0.01330724
-0.05091241
-0.00894164
-0.06838740
0.04549074
0.00244680
-0.16753045
0.02418552
0.04884372
0.00853248
0.06613593
0.01654052
0.07090750
0.11603021
-0.04655667
-0.10779731
