0.01483510
0.10265634
-0.08668278
-0.06645375
-0.16052907
0.03231443
0.07205691
-0.02026400
-0.00933936
-0.11584601
-0.02857513
-0.03341420
-0.00058217
0.00876244
-0.04831740
0.07581797
0.08206055
-0.06093290
0.04442573
-0.05057877
0.02056463
-0.01647012
0.02674290
-0.12093128
-0.00337088
0.03840215
-0.00185902
-0.03691932
-0.11289997
-0.06661399
-0.09070882
-0.07419720
0.03235634
-0.08963634
0.06323465
-0.05452219
-0.00741071
0.07522964
-0.05461227
-0.02994974
-0.09570362
0.07578266
0.00234086
-0.08559360
0.12007567
0.01071037
0.04309703
-0.01702189
0.02083476
0.01202576
0.19505248
-0.01181952
0.01341195
-0.05117202
-0.00496049
-0.03863254
-0.12089441
-0.01896628
0.11359454
-0.05218370
-0.07955701
0.04726923
-0.05139037
-0.06445290
-0.03829510
0.09941617
-0.13096382
0.08962781
0.09246155
-0.11150904
0.13338121
0.03926057
0.00411476
0.11027476
0.07206245
0.02075837
-0.02048126
-0.03002929
-0.08985745
0.01478023
-0.18412898
-0.01947064
0.08670135
-0.02737085
-0.00946090
0.01711847
-0.05372559
-0.00092505
0.00889590
-0.12136059
0.04801795
-0.06100877
-0.06611283
-0.01610920
0.12019745
0.10062552
0.00269865
-0.06427046
0.00527255
-0.17366963
0.03428786
0.08870400
-0.10299686
-0.06027376
-0.02290661
0.04411471
-0.10207969
-0.03419687
-0.03507149
-0.07801833
-0.14580338
0.01709111
-0.00215041
0.08402993
0.12031569
0.20394017
-0.08482354
-0.06413462
-0.00258490
-0.05001732
0.05687924
0.09408080
-0.02416537
-0.07765100
-0.03660822
0.16568789
0.08150836
-0.16644002
-0.02246500
-0.08534460
-0.04052494
0.03302026
-0.00112696
0.04302945
-0.01716024
-0.03424994
0.01809542
0.05603716
0.06578388
0.00098268
-0.04946583
0.10338318
0.07573138
-0.12785179
0.07116667
-0.02132812
-0.04351941
0.05351510
0.04932508
-0.02972546
0.04602349
-0.01177492
-0.00882046
0.05923991
0.06971634
0.06872538
-0.02344466
-0.06903681
0.07336891
-0.13789208
-0.19035538
-0.01572597
0.12639785
-0.08999667
-0.09227313
0.00670231
-0.16693521
-0.02534307
-0.05837702
0.00607884
-0.13617523
-0.06851083
0.05968272
