0.14627506
-0.05826249
0.00607904
-0.03337704
0.05978129
0.04271942
0.04863691
0.00153305
0.11222441
-0.07536029
0.01619967
-0.01149693
-0.01723868
0.00155553
0.02802889
-0.10578671
0.03737538
-0.00408556
0.03307031
0.07874035
0.00348825
0.05046061
-0.09490808
-0.06438619
0.01358910
-0.06823904
-0.14558078
-0.05262382
-0.08173523
0.11097850
0.10872787
0.00475073
0.06388688
0.05366711
-0.23245744
-0.01912425
-0.01997356
-0.05082447
0.11125177
-0.14584255
-0.01949920
-0.02099455
-0.04232814
-0.01724826
-0.09851823
-0.04234847
-0.06825770
0.12335560
0.04482914
-0.07493936
-0.01421978
0.00781908
0.07553956
0.01069175
-0.10890397
0.05419046
-0.06544710
-0.07121399
-0.11571049
0.00275960
0.03409728
0.06429844
-0.15691866
-0.11801084
-0.00943611
-0.06652201
0.09436570
-0.07645443
-0.09804719
-0.08300224
-0.01370379
-0.05152189
0.03413009
-0.09031567
-0.27702302
-0.00141623
0.04522450
0.06086237
-0.00446259
0.03719843
-0.09257836
-0.13710311
0.00052134
0.06640814
0.05400001
0.03219407
0.16211961
0.04881117
-0.02934194
-0.06957027
-0.02846625
0.00024489
0.02200453
-0.04887910
-0.08486417
-0.08432937
0.03581065
0.00130402
-0.05241703
0.09450323
-0.00797124
-0.01722923
-0.02400007
-0.00995992
-0.07870252
0.17372620
-0.02765817
0.00940307
-0.09274062
0.04379726
0.04099135
-0.01929197
-0.04597316
-0.05541527
0.16272503
-0.04135981
-0.05364652
0.08194061
0.05950241
-0.05910939
-0.02495470
-0.09091754
0.02030089
-0.06837341
-0.12518106
0.01986914
0.15006536
-0.02520459
-0.03835052
0.08189380
0.04416626
0.00993031
-0.08089244
-0.07301431
0.02778085
0.03985002
0.13174814
-0.08005187
0.12488781
0.03004041
0.01973543
0.09571463
0.02957279
0.05795575
-0.03759080
-0.04538452
0.02727639
-0.11165809
-0.07542919
-0.06805273
-0.01017596
-0.00604119
0.00263081
-0.02015282
0.10293875
-0.00984462
0.12951750
-0.04961652
-0.08976045
-0.07808840
0.12354914
-0.07834462
0.07877657
0.13826447
0.08985289
-0.00154452
-0.00799005
-0.05572462
0.02045637
0.02212471
0.14119632
-0.08949941
-0.00238981
