-0.01237809
0.00207536
-0.06036389
0.06566750
-0.10703586
-0.08643606
-0.06652583
-0.07981028
-0.05349161
-0.00479551
0.14448730
0.07601022
-0.06506543
0.08371312
0.04860202
0.02936383
0.07287699
0.09464674
0.03917393
-0.11532007
-0.12629833
0.01405409
-0.00938938
0.05794923
0.02356716
0.03626809
-0.10773228
-0.04693373
0.05121831
0.10402932
-0.05820365
0.00421093
-0.01477399
-0.02028377
0.08341652
-0.00111986
0.06098827
-0.10804020
-0.13311381
-0.01590363
-0.02459153
-0.18560773
0.06470275
0.05134832
-0.06147987
-0.05344981
0.03460275
0.06394051
0.02271542
-0.09002329
0.02950401
0.03898246
0.03784703
0.05013893
0.10052456
-0.12008114
-0.11367919
0.01006012
0.06167248
0.07357754
-0.06376519
-0.03362122
0.02284895
0.03654046
0.02590678
-0.04629484
0.06322060
-0.14350365
-0.11997555
-0.02708958
-0.01373131
0.05290559
-0.14131137
0.04406403
0.13528535
0.00035540
0.02031088
-0.10937881
0.06570924
0.06968576
0.11298254
-0.07420247
0.13808800
0.02151890
0.00855060
-0.00254101
0.13099486
-0.06224245
-0.00128934
0.00058530
0.09766207
-0.04166897
0.01695693
0.02671519
-0.00453142
0.01522447
-0.05158325
-0.09951983
-0.13860288
0.11806176
0.00032154
-0.02035327
-0.05847074
0.03015283
-0.14645588
0.13483916
0.07883635
-0.00210972
-0.02067993
0.05721239
0.23753535
0.02232877
0.08843703
0.18142937
0.11382452
0.08900970
-0.02795267
0.00828314
-0.12220997
0.06495434
-0.03219603
-0.03054359
0.09123002
0.02114187
0.17787082
0.02691039
0.02293185
0.04213708
-0.04035019
0.10369722
-0.02931650
-0.04653830
0.01884222
0.09815620
0.02720366
0.05574086
0.00296892
0.00442958
-0.01965480
-0.15890966
-0.01125897
0.08847510
0.03304255
-0.02654703
0.03402528
-0.02117222
0.00454831
0.08379264
-0.03410238
-0.02922535
0.03686962
0.08073503
0.06477712
0.05338982
-0.01255147
0.02065931
0.02325930
0.12652025
-0.04237046
0.03030444
0.00846086
-0.03213105
-0.03439009
-0.10031781
-0.08283070
-0.02302237
-0.00068020
0.11328577
0.16666245
0.00690741
0.13164967
-0.13504842
-0.06820845
