0.09538815
-0.01200269
0.07323703
0.03448782
-0.05793051
0.00252501
-0.04279065
-0.08473040
-0.04241300
0.01666031
0.06715862
-0.10679844
-0.06162772
0.05380795
0.01355906
-0.05455426
0.03681568
-0.10912413
0.12978174
0.12397352
0.03952126
-0.00430006
-0.11145524
0.10500466
0.05623100
0.03632390
0.06514404
0.12058133
-0.04844367
-0.02503270
-0.02939002
0.03386015
0.04945022
-0.08670423
0.07848648
-0.12797379
0.00533158
0.15717635
-0.05915666
-0.05541695
0.03020201
0.15023442
-0.01117531
-0.12283697
-0.03409483
0.05907966
0.03291108
0.08421693
0.02211942
0.00158810
-0.05794789
0.02052398
-0.02922028
-0.10579195
0.10279987
-0.02624848
0.07604304
0.00619626
-0.05319154
0.07844093
-0.01072055
-0.00498265
0.17568798
-0.03328128
0.00415951
0.02444502
-0.03203620
0.04436225
0.06267488
0.00176641
0.12908520
-0.01974051
0.02423210
0.01483541
0.09431665
-0.06915575
0.16461010
0.01541346
-0.11703832
-0.03125489
0.05672372
0.00793818
0.05348859
-0.18470098
-0.08656463
0.05626427
0.05427777
-0.02985028
0.03308073
-0.09867577
0.03353551
-0.09570149
-0.00786035
0.06169822
0.07803197
-0.08149407
-0.00201294
0.01251667
-0.02396576
-0.01645389
0.00525774
0.12834482
-0.07851685
0.05322215
0.06603279
0.00191334
0.11527979
0.07368046
0.03920780
-0.02031476
-0.06789741
0.04486802
0.06325273
0.01962897
-0.14580347
0.04321123
-0.24247580
-0.07119871
-0.06521416
-0.07235843
-0.00473443
-0.00403087
0.00860496
-0.15381916
-0.00305841
-0.00700117
-0.06158520
-0.05832322
-0.01102584
-0.03412435
-0.03848054
-0.14706422
-0.09068846
-0.00043235
0.07577781
0.09888335
-0.09303678
-0.09061748
0.01127020
-0.05118152
0.04366318
0.01672687
0.04216045
-0.10964606
0.10387770
-0.06292184
-0.13664517
-0.03357899
-0.13558314
0.06617274
0.05284380
-0.08698859
0.02088468
0.04368239
0.02196897
-0.01239376
-0.14312835
-0.15003906
-0.10796452
-0.05096196
0.02571944
-0.05697383
-0.02440777
-0.08484697
0.12396908
0.09916487
0.01046456
0.01168749
-0.01529298
-0.02899803
-0.15329778
-0.11104846
0.07818293
