-0.08721279
-0.07828076
-0.03551848
-0.02400845
-0.02678509
-0.02889656
0.07694887
0.07259641
-0.06287030
-0.03316671
0.01938188
0.01790775
0.03196154
-0.07447491
-0.00008115
0.00346774
-0.07295679
0.15147754
-0.11885876
0.02596345
0.03733501
-0.05829720
0.00798804
0.05896801
-0.06170350
-0.09558013
-0.08245239
-0.05799865
0.01506370
0.01827020
0.08040199
-0.06068376
-0.05275927
-0.10633509
-0.24707075
-0.11811305
0.03183428
-0.16985336
-0.11566952
0.04651791
0.03366805
-0.20068345
-0.04229189
-0.11614695
-0.04400890
-0.12131806
-0.01421428
0.03818899
-0.02525025
0.04427635
0.02434623
0.13310499
-0.00505362
-0.10119345
0.04253393
-0.01977694
-0.00933031
-0.10762162
0.02481446
0.02503689
0.06417715
-0.03371052
0.02708598
0.03603512
-0.06511615
0.02607504
0.12213765
-0.02578374
0.02117043
-0.03721346
0.02524496
-0.00669037
0.04759697
0.00901710
0.01690759
-0.00848946
-0.10829746
-0.02233742
-0.06404418
-0.08067557
0.03622318
0.02738049
0.02684685
0.04747827
-0.09251994
-0.06241750
0.02383610
0.00867197
0.06930423
0.14291289
0.13379282
-0.17061762
0.05394589
0.02845736
0.00720377
-0.18344289
-0.03330296
-0.02619532
0.01011694
0.02724561
-0.02282289
0.02545892
0.01795541
-0.13640556
-0.05418351
-0.02079243
0.08408639
0.04197663
0.02447101
0.09264644
-0.17339053
0.05273074
-0.06380959
0.00659243
-0.08395079
-0.13779299
0.02822261
-0.00139261
0.07247406
-0.05792076
0.07740297
0.12664231
-0.07659330
-0.04164715
-0.01273936
0.02442347
0.02677399
-0.03750532
0.09416048
-0.00068973
0.03508487
0.07132651
-0.03659226
-0.06823354
0.12547309
-0.04991131
0.13678802
-0.11720644
0.15641809
-0.05502848
0.01595775
-0.15359564
0.07898132
0.08762292
0.01074047
-0.11830340
0.06331842
0.06628758
-0.01622509
-0.06720123
-0.00248500
-0.10574539
0.03906629
-0.13671501
0.10824560
0.04330598
0.15079650
0.04796905
-0.12314575
0.10849887
0.00193512
0.01449650
0.01664710
-0.05989284
-0.02341485
-0.02490139
-0.04687299
0.07516907
-0.00884203
-0.09542421
-0.03533164
0.02084936
-0.01821980
