-0.00658683
-0.00151265
-0.00180268
0.08804054
0.11589605
-0.01679020
0.04081196
-0.03178243
-0.09282239
-0.02809401
-0.03980381
0.02938122
0.00350779
-0.07343457
-0.06302623
-0.13826042
0.03736554
-0.00998895
-0.08451606
0.05007182
0.04868644
-0.10023706
0.11988448
0.03203784
0.13270420
0.06518065
-0.04607930
-0.00791737
-0.17335508
0.01832441
-0.03276517
0.00372105
-0.08149593
0.25098795
-0.07135302
-0.02398854
-0.03409555
-0.02227866
0.01829691
0.01867818
0.06398633
0.07401158
0.11155888
-0.06257802
0.13458630
-0.02423170
0.13568313
0.03430938
0.12774426
-0.04999353
0.14156574
-0.02348179
-0.03614274
-0.06071729
-0.07739018
-0.12517833
-0.09541031
0.06057621
-0.06188351
-0.00102106
0.02306527
0.07180919
0.08541930
0.01847383
0.16518973
0.02738862
-0.03025860
0.04472870
-0.01957357
0.08376001
-0.08300551
-0.00651155
0.02013871
-0.00048700
0.05406681
0.00929524
0.01644631
0.10473443
0.00183662
-0.04690340
-0.07066310
-0.02421625
-0.06230844
0.04736725
0.12267162
-0.01147973
-0.08412583
-0.07523190
0.01913059
-0.08419115
-0.05386906
0.05320810
0.09810438
0.05110853
0.11585860
0.00224692
-0.02750544
-0.05511499
-0.05058471
0.06441604
-0.03154407
-0.06696860
-0.04058858
0.02570345
0.10355766
-0.01365686
-0.09722926
0.04501561
0.06528692
-0.00126324
-0.04777105
0.10490353
-0.04412565
0.09942420
-0.01077096
0.04734100
0.14053736
-0.14309600
0.01837864
0.00628714
-0.12911715
0.08341760
-0.01999458
0.03871779
-0.04644369
0.11078751
0.10573167
0.00338825
-0.07264383
0.02731591
-0.01615926
0.10138375
0.04085998
0.03861537
-0.05712615
0.02383875
0.02927031
-0.12377350
0.05688012
0.04892450
-0.08077334
0.03501695
0.06355421
0.13937736
0.03399596
-0.01745829
-0.04125465
-0.00498567
-0.12095172
-0.03267338
-0.09334177
0.14807357
-0.03065843
0.04028361
0.04878917
0.05635134
-0.14627157
0.25021269
-0.10436099
-0.00838194
-0.05910592
-0.03438421
0.20267033
0.08283080
-0.03654657
0.05750803
-0.05166883
0.03711681
0.08048467
0.01477916
-0.03288531
0.00789748
-0.00238110
