0.03118747
0.07635964
-0.02604595
-0.00887236
-0.02543822
-0.10374954
0.03787672
0.09902589
-0.02687577
0.14012277
-0.13324834
-0.10051945
0.00025878
0.12114692
-0.05419020
0.00971507
0.01144914
0.00116641
-0.05911460
0.05056655
0.00736192
-0.09442975
-0.05047342
0.11366782
0.01841467
0.04154793
-0.06034729
-0.05595333
0.09667996
0.05211039
-0.06533127
-0.07543685
0.03988756
0.06497670
-0.00834958
-0.05051120
0.00189787
-0.13989508
0.09953821
0.05414027
-0.11428610
-0.01435872
-0.09060405
-0.05889203
-0.07173477
0.06428802
0.06925684
0.24335759
0.01097355
-0.09851596
-0.09063563
-0.00485203
-0.06533137
-0.07250311
-0.00899694
-0.01330939
0.13488063
0.09428395
-0.01542238
0.10320940
-0.03392941
-0.00799689
-0.08738048
0.05186999
-0.06822172
0.04477544
-0.04967882
-0.07400607
-0.04463347
0.04576922
-0.04735098
-0.09161260
-0.16054696
0.08769258
0.08259161
0.05135584
0.02202915
-0.03489620
0.01827124
0.08597617
-0.03295928
-0.07763672
0.11132488
0.00011159
-0.03455443
0.00599461
-0.01348792
-0.06265805
0.03652869
-0.09213284
0.03822693
-0.07005680
-0.03216155
0.02974749
-0.06004475
-0.17878100
-0.09479779
-0.06331522
-0.14223812
0.04095649
-0.06427911
-0.01990233
0.06017511
-0.08090860
0.06296570
-0.01520721
-0.08336808
0.05723036
-0.00230011
0.05113992
0.06885834
-0.05231236
0.03322209
0.02467642
-0.19569165
-0.09038991
-0.02002489
-0.02952565
-0.12122309
-0.02701985
0.02726733
-0.12158841
0.06632461
0.02632632
0.09637984
0.02964975
-0.13256715
-0.00326092
-0.08929385
-0.04432296
-0.02399292
0.00950444
0.15950115
0.02231522
-0.00846338
0.05846129
-0.06746431
-0.04388132
0.00596313
0.12717139
-0.16802017
-0.01804089
-0.00331216
0.07309337
-0.04327554
0.08632696
-0.01856938
-0.08834140
-0.12638567
-0.02011608
-0.14632274
-0.04228175
0.02232360
0.07181058
-0.07481987
-0.04864650
-0.06321418
-0.12402068
0.03248289
0.17146309
0.04636949
-0.10667356
0.06470253
0.03644718
0.02412109
0.02189515
0.08925561
-0.00941482
0.11500496
0.01097886
0.07151210
-0.07452492
0.09516263
