0.14694489
-0.01290673
0.05436511
-0.13238160
-0.06251123
-0.05485989
-0.07415116
-0.15010197
-0.01964200
-0.04216683
0.10705559
0.01292808
0.01584058
0.05313954
-0.01680090
-0.02696548
-0.00304506
-0.12181508
-0.00157040
-0.00397565
-0.01316592
-0.02778671
0.02912001
-0.05488423
-0.01589457
0.16191187
0.15974049
0.06983800
0.14727474
-0.05150253
0.02376040
0.09455366
-0.01303829
0.01460451
-0.06339004
-0.00151424
0.03655129
0.04570439
-0.18380462
-0.09962178
-0.07465166
0.04541401
0.01890586
-0.00607454
-0.09598027
0.07549759
-0.03574195
-0.08297278
0.13260152
-0.00443471
0.00952922
-0.08707628
-0.07274001
-0.11758996
0.04636912
-0.00043195
0.00023151
0.01068040
0.06379217
-0.04173367
0.01043038
-0.06468691
0.08477494
-0.05490053
0.07606151
-0.08617679
0.15944815
0.11814537
-0.02529284
0.03374949
-0.03521692
-0.10511847
-0.09049723
-0.10854696
0.07048827
-0.04096489
-0.13925678
0.04348003
-0.10794492
0.07826808
0.02546582
0.00374014
-0.00175310
-0.04157935
-0.09765903
0.02668804
-0.04895133
0.03156075
0.13607930
-0.00258819
0.04329956
0.08128768
0.07483390
-0.14070281
0.02549325
-0.17146421
0.05180384
-0.01143305
-0.08695032
-0.04864843
-0.03211294
0.12696758
0.12824251
0.04542818
-0.03532721
0.04939154
-0.01538139
-0.08497970
-0.00267443
0.08818258
-0.02955952
-0.00881929
-0.05709391
0.08553743
-0.01137197
-0.07046802
0.05930494
0.10855992
-0.00099988
0.03855238
0.03098589
0.02498351
0.03167019
-0.03241208
0.05725559
0.03136818
0.06375403
0.14180318
-0.01785866
0.02944237
0.03583526
0.10970077
0.09288726
-0.02610392
-0.19382323
0.01470089
0.04501799
0.05563561
-0.00219254
0.03627895
-0.02509920
-0.01528097
-0.02784774
0.12848632
0.05832476
0.02690172
-0.06179842
0.08327642
0.09911059
0.01226234
-0.02546291
-0.07194226
0.02239588
0.12091984
-0.01535022
0.11959107
0.06615311
0.09633955
-0.03601571
0.08966693
-0.01351064
-0.04351183
-0.01926902
0.02482216
-0.11105454
-0.24754736
-0.08326323
-0.08569736
0.04684744
0.00297459
-0.00750913
-0.02139291
-0.13457184
