0.02047930
0.00963391
-0.06916850
0.01124198
0.10563923
0.00272582
-0.05952586
-0.04425146
-0.02875794
0.00544190
-0.02694106
-0.03469065
-0.11725825
0.00060069
0.07097514
-0.07100205
0.18318637
0.04363850
-0.01481547
0.07396289
-0.06067354
-0.08861563
0.09500211
0.08869266
-0.06463831
0.00160486
0.03784680
0.08342891
0.00430940
-0.01692148
0.02697679
0.13828133
-0.14500184
0.10682796
-0.00765684
-0.04249082
-0.16302351
-0.11264838
-0.06777220
0.05532545
0.00915346
-0.02592528
-0.07590355
-0.00405667
0.02343656
0.15199964
0.02565391
0.04059562
-0.02151658
0.01577217
0.17830479
0.01685904
0.15444777
-0.06328207
-0.11900158
0.02330114
0.03327449
-0.10118800
0.10862357
0.05957773
0.04416442
-0.10367214
0.02147213
-0.15088992
0.15833062
-0.03277203
0.13231802
-0.04818184
0.02139819
0.05743610
0.04702611
0.02376798
0.02886585
0.03430879
-0.02912715
0.03186096
-0.01398934
-0.05559141
-0.15029333
-0.09200936
0.00504388
0.00102932
0.10366412
-0.07089248
-0.13809169
0.03354451
-0.05201672
-0.05990724
-0.00955856
0.05523956
0.16925231
-0.08591127
-0.08047063
0.02678053
0.01846502
-0.14794117
0.03617352
-0.02207980
0.01115768
0.04828508
0.15893791
-0.09663462
-0.15457916
-0.06596231
-0.04023861
-0.08354027
0.00313388
-0.01652157
-0.08362988
0.08230833
0.04719977
0.09236504
0.06812233
0.05788049
0.01032535
-0.05470390
-0.00105556
0.00953304
0.02310869
0.11705284
0.01590741
0.01519442
0.03094018
0.02677509
-0.04647795
0.09325294
0.03081261
0.10578048
-0.06262738
-0.11730958
-0.08008130
0.09819366
0.00458124
0.19570681
0.07206296
0.02335398
0.00069956
-0.03240782
-0.08620387
0.00771935
-0.09329580
-0.10481159
0.00904066
0.00975845
0.12731784
-0.08114225
-0.03109206
0.04277391
-0.05063342
-0.04127904
0.04386877
-0.03277232
-0.01500556
0.05802278
-0.02889143
-0.09761269
-0.02611720
0.02608125
0.05597589
0.11630957
0.17752760
-0.07484277
-0.05548723
-0.07747590
-0.00061967
0.09377218
-0.03072154
0.03096746
0.02171735
-0.00230465
-0.03681681
-0.12026898
0.01980634
