0.05395431
0.05756690
0.01491151
0.07160443
0.09593274
-0.07107282
0.02420563
0.00405356
-0.00877545
-0.10279458
0.06848664
-0.07411582
0.07862513
-0.10683243
0.01265453
-0.06634206
0.04486118
0.06760795
-0.02620558
-0.03496681
-0.04411262
0.02250514
-0.02821587
0.00814348
-0.00766992
-0.09774988
-0.05984974
-0.07242423
0.15037906
0.02778027
0.07637495
0.07028492
0.01661524
-0.12314379
0.04658345
0.06548021
-0.02156918
0.04357764
0.10090881
-0.08600013
0.00165526
0.04112076
-0.01342472
-0.07568318
0.09692972
-0.08691216
0.01326557
-0.02912866
0.00653689
0.07069642
0.13176423
0.02348073
0.03090104
-0.08930741
-0.02903907
-0.02286989
-0.03456967
0.08739438
0.12518213
-0.00467642
-0.01856500
0.03237065
-0.05526783
-0.07392726
0.00004642
-0.02673020
-0.02793892
-0.05631754
0.02643618
-0.00943324
0.08532663
-0.10906460
-0.11759786
-0.11978172
-0.02763657
0.01757280
0.01108028
-0.01966802
-0.01584707
-0.13541800
0.09206412
-0.01491633
-0.07236422
-0.11085116
0.02095090
-0.01446982
0.00732944
0.10585373
0.02019164
-0.00084995
-0.04762637
-0.14855751
0.01819616
-0.06846336
0.15909913
0.04488114
0.10191489
0.03588003
-0.02825424
-0.02953348
-0.10374743
0.07593859
0.07236415
0.15800638
-0.15343161
-0.07064349
0.05497476
-0.13769988
-0.08419378
0.01418579
-0.04810387
-0.06848870
-0.12248734
-0.10066386
-0.04123121
-0.02921748
0.00949028
-0.07026690
0.24107477
-0.13721369
-0.05284071
0.00861362
0.00601377
0.10711335
-0.14260789
0.06179180
-0.11032310
0.00302547
-0.08218564
0.00846656
0.00424586
-0.06889389
0.10737395
0.03977074
0.13195166
0.07992782
0.07296505
0.04843093
-0.03103478
-0.06302107
0.06932106
0.11643282
0.01996757
0.01188741
0.00797804
0.01815051
-0.03544174
-0.02744810
0.03218797
0.06744680
-0.01186686
-0.11115742
-0.06244653
-0.21669214
-0.06701875
0.04481182
0.07660521
-0.07177639
0.04245968
0.03476688
-0.01324013
-0.04344453
0.02539142
0.04425784
-0.05365593
0.04867863
-0.03295290
0.20421889
0.02736376
-0.14673090
0.09919485
-0.03147525
0.14113407
