-0.01585341
0.09124906
0.05231480
-0.04641143
0.01351367
-0.00674241
-0.01314434
-0.12622967
0.01263099
0.02850384
-0.10593324
-0.17932398
0.07394894
0.11188280
0.03894954
0.14466713
0.01691506
0.10889421
-0.08516353
0.08174790
-0.09619978
0.12023545
0.04673796
-0.08046625
0.00712887
0.11649946
-0.05745758
-0.15206775
0.04067600
0.06220283
-0.08506107
0.07255782
0.05000213
0.00864747
-0.09983258
-0.03638946
-0.04577080
0.03498102
-0.06918008
-0.12973837
-0.02868548
0.12194654
0.06784808
-0.06422266
0.08068560
0.09585759
0.00082570
-0.01055608
-0.05470143
-0.08164111
0.01794773
-0.05780261
0.03686332
-0.05897068
-0.01058520
-0.17014384
0.16626460
-0.01997829
0.02357109
-0.06311386
-0.11074755
-0.09118606
-0.09152126
-0.02343268
-0.13921864
-0.03538490
0.08923231
0.03654864
0.01006555
0.03101981
0.05595597
0.00065233
0.06030291
0.05775958
0.01398644
-0.07747105
-0.05647101
-0.05422183
-0.06739191
-0.02143368
0.00817635
0.07510341
0.06601510
-0.04338762
-0.03903760
0.10594459
-0.00877431
-0.01160211
0.02331473
0.03808177
0.11307770
0.00879003
0.06954042
0.00161728
0.00469261
0.00355417
-0.02263783
-0.04749020
-0.14885886
-0.00181883
-0.00077295
-0.00753485
-0.00242493
-0.09425981
0.15641619
-0.12042608
0.11123505
0.04894573
0.00133169
0.03225463
0.03173638
0.00368101
0.06558078
0.07276347
-0.04159217
-0.14417406
-0.03089013
0.07875480
0.12595535
0.00930407
0.02246360
-0.07191652
0.04904059
0.01635680
0.02230319
-0.01461187
0.11008598
-0.07934100
-0.12874672
0.14899225
-0.01269298
0.03646915
0.02526062
0.02851996
-0.06585349
0.11783051
-0.08544927
-0.07902362
0.11553639
0.05335633
0.07399282
0.07232486
-0.12824179
0.04266445
0.04567065
0.04491968
0.13781740
-0.18035739
0.08710134
0.02003598
0.06408906
-0.14290622
0.01275779
0.06864302
-0.05802700
-0.10319778
-0.05384520
0.02942820
-0.08551239
-0.19650503
-0.00096406
0.05756420
-0.03305803
0.08957623
-0.01259151
-0.01060760
-0.01870922
0.02942795
0.06294435
-0.06589222
0.06866775
0.03178517
0.04227449
