0.01470418
-0.07055298
-0.06200703
0.04563569
0.06488304
-0.02852371
-0.02661662
0.05122817
-0.01832624
-0.04795040
0.14182495
-0.03853180
0.12240108
0.13545236
0.00990703
0.01201189
0.03450059
0.00958924
-0.19640358
-0.16914254
-0.15907901
0.06510580
-0.04456060
0.06542310
-0.05507849
0.04776713
-0.00674477
-0.10740562
-0.10863276
-0.12485312
-0.16734327
0.04627784
-0.00470358
0.00091820
-0.08446501
0.01156451
-0.01056134
-0.03522936
0.04232525
-0.02941365
0.10296096
-0.02664705
-0.01273847
0.13843706
0.09347566
-0.10518008
-0.07362590
0.07023920
0.02922594
0.06883670
0.02231513
-0.06271038
-0.09049197
0.03849654
0.01817365
0.15637886
0.09439564
-0.01330341
-0.03385478
-0.13215532
0.06084824
0.01393516
-0.02202731
-0.01003257
0.02232686
-0.02498830
-0.13981119
0.01889950
0.00347509
-0.08222442
-0.07121898
0.02625973
-0.04966353
0.06259423
-0.00661513
-0.14340182
-0.01866909
-0.00082529
-0.14574591
0.12245874
-0.00438054
0.06775655
0.02955707
-0.00793142
-0.04577406
0.03162056
-0.11365205
-0.03559526
0.04766339
-0.04516287
-0.00267873
-0.00756772
0.03809520
-0.01436799
0.02385563
0.00262230
-0.04118431
-0.03364583
0.17156230
-0.07708983
-0.10847441
0.09069319
0.04048270
-0.14596413
-0.02061230
0.08176083
-0.01552794
0.19423266
-0.01167494
-0.11522389
-0.16225232
0.07684913
0.00011304
-0.07488018
0.03618230
-0.10370474
0.05586254
-0.03816202
0.02781461
0.12193029
-0.06080010
-0.03790112
-0.00387798
-0.00445256
-0.05872875
0.13543674
-0.02248687
-0.08647911
-0.12444183
0.04795903
0.10637742
-0.09228241
0.02109555
0.01012084
0.05554573
-0.02544472
-0.08821621
-0.00555968
-0.13046237
0.02034462
0.00797443
0.05976819
0.07240327
0.01929122
-0.01154854
-0.05366284
0.02115896
0.00902824
-0.01087555
0.03448294
0.05298715
-0.05028346
0.12575375
0.04914228
-0.00715950
0.01069847
-0.08816307
0.05435029
-0.14401130
-0.09963491
0.12410032
-0.07328524
0.00272343
0.05687243
0.06417990
0.01470670
-0.08750510
0.01409890
0.13611844
-0.06215301
0.04765181
-0.09934157
0.08293578
