0.01902661
-0.05158795
0.00541912
0.11918611
-0.01954956
0.08574674
-0.09888109
0.03069275
0.03488785
0.01280463
0.07976021
-0.16292575
-0.00278292
-0.03203425
0.02051223
-0.06335542
-0.10953404
-0.07790145
-0.15472896
-0.09650733
0.07167828
-0.04336788
-0.02144583
0.22804781
-0.00635225
-0.01582195
-0.13382571
0.14463362
-0.07952124
0.12973774
0.04930037
-0.11140519
0.03824537
0.05382383
0.08661368
-0.04760859
-0.03552352
0.16728504
0.13996661
0.09600294
0.07143688
0.02277155
-0.15045113
-0.02868525
-0.07335242
0.12342521
-0.09074172
-0.03808372
0.01748045
-0.08737832
-0.08423981
0.08878829
0.06834245
0.05516285
-0.00639966
-0.06228374
-0.00459292
0.01118545
0.21566616
0.05527040
-0.01333079
-0.04609962
-0.01245871
0.14398625
-0.01320139
0.08468205
0.04917128
-0.04766033
0.04263421
0.03004833
0.03253998
-0.00692821
-0.17265538
-0.03157241
0.07057581
0.09388493
0.06900035
0.04834645
0.00686966
-0.08474109
-0.04805484
-0.12770066
-0.17548862
-0.03177634
-0.10514981
0.11052860
-0.03104988
-0.07942820
-0.01873682
-0.01194649
-0.11446481
-0.11845402
0.03579176
0.02576587
0.10387280
-0.01575308
0.05271496
0.07134363
-0.03466070
-0.12250183
0.02309843
0.07746934
-0.03586237
0.01749171
-0.06212183
-0.09610887
-0.05023261
0.00796701
0.02652232
-0.12897932
-0.00835681
-0.03121757
0.00741104
0.02382819
-0.07948537
-0.05797277
-0.00535923
0.02984715
0.02650437
-0.00601253
-0.03347504
-0.08715077
0.05170021
-0.14943679
0.08305401
0.08932666
-0.01065703
0.09845694
-0.00965989
-0.04107833
-0.03671051
0.00999791
0.05228323
-0.11159331
-0.00209367
-0.04809196
0.00157588
-0.01694648
0.05640734
0.01170196
0.08957262
-0.02164843
0.03543151
-0.00964351
-0.11224376
0.01432935
-0.04457938
-0.12529045
0.06582087
0.01044286
-0.05273262
0.07280508
-0.03674931
0.04145160
0.00119188
-0.06705545
0.00743901
0.01625029
-0.07839453
-0.03707522
0.11630876
0.05366180
0.03512886
0.03720401
-0.03628161
0.02223313
0.00849543
-0.03652772
0.02188492
0.12141316
-0.02412735
-0.18143612
-0.03202453
