-0.13581665
-0.10578900
0.00792717
-0.01881534
-0.16527633
-0.02541414
-0.01868388
-0.05255385
0.12230917
0.01707162
-0.05268524
0.01380342
-0.06652376
-0.06801595
-0.05925952
-0.01901847
0.02604538
-0.11412658
0.13925540
-0.01280377
0.04314078
0.19092237
-0.23273297
-0.07898631
0.05484780
-0.13640146
-0.00486179
0.08641634
-0.06195821
0.05458469
0.04715467
0.11186561
-0.04349744
0.08302640
0.02458794
-0.01795874
0.11425520
0.01899436
-0.14822170
-0.09168902
0.05360915
-0.07726742
-0.03534930
0.02173114
0.11901696
0.07878753
-0.04282573
-0.02948195
-0.03516559
0.08583109
-0.04913303
-0.06286851
-0.01669114
-0.02386455
0.02698365
0.03390498
0.07804574
0.02550510
-0.01998620
0.03532735
0.18127540
-0.05174108
-0.01400215
-0.03710635
-0.04728794
0.11001855
0.00979247
0.12129897
0.01053795
-0.04106799
-0.12450096
-0.02569015
-0.04615444
-0.19341607
-0.05855523
0.03671087
0.02706320
0.12487051
-0.01558532
-0.00521719
0.10153776
0.05659567
0.02107922
0.01524959
-0.08621731
0.01460411
-0.14871716
0.00907221
-0.02707739
-0.04165062
0.03439736
0.08976906
-0.03456242
-0.03419169
0.09982820
0.02801875
-0.05492334
-0.09268960
0.05440892
0.05874692
0.01637507
0.08748976
-0.05847545
0.11185252
0.03160865
0.03618794
-0.05606812
0.06261952
-0.00937228
0.04153869
-0.02964053
-0.09716932
0.04021211
0.09331046
-0.11341653
0.08694022
0.14682415
-0.07511617
-0.06369864
-0.06580117
-0.11351862
-0.13889966
0.09944519
0.03737175
-0.25509529
0.03052837
0.12552366
0.12563445
-0.06778336
-0.03726918
0.00298110
0.04478331
-0.02352915
0.10096251
0.03772903
0.05134108
-0.05768013
0.00905562
-0.06550300
0.06794351
0.00213545
-0.06361975
-0.00281569
-0.08151907
-0.05800847
0.03284282
-0.08752415
0.03709304
-0.07225636
-0.01671605
0.01768505
0.04649666
0.07812663
-0.02357745
0.01203124
-0.04865288
-0.01971150
-0.04266835
0.04162004
0.10562862
-0.00564415
0.08596617
-0.01586639
0.03210272
-0.05942222
0.02353289
0.03665897
0.01747993
-0.14154901
0.00395578
0.02216482
0.00567829
0.02418228
