0.16986088
0.03343736
0.09590584
0.01970922
-0.03751366
-0.00392091
-0.08196469
-0.00503789
0.10154574
-0.09363519
0.03722077
-0.05757362
0.03450525
0.01635453
0.07093098
0.02231620
0.15071435
-0.03633059
0.01058604
0.05505390
0.07949247
-0.10259857
-0.15569086
-0.09469836
-0.05073935
-0.12843389
0.09071940
-0.12788132
0.01737456
0.01512744
0.01898696
0.04465174
-0.12178030
0.03664047
-0.05216070
0.06405872
-0.13097386
0.05208874
-0.05041070
-0.11252941
0.01952389
0.02728212
-0.03064019
0.04458955
0.11360024
-0.10465646
-0.01869335
-0.01868701
-0.03335270
0.09127726
-0.02302140
-0.01493804
0.02555057
0.10332941
0.16885582
0.01906323
-0.02129083
-0.06033617
0.15156759
-0.15830667
0.02021608
0.02397613
-0.07315250
-0.01532643
0.07776580
0.06648105
-0.13283262
0.02912972
0.06277582
0.06937665
0.05767726
-0.14430509
-0.03537005
0.02665234
0.05460921
-0.08741753
-0.01396040
-0.02796137
0.11503709
0.04415501
0.01118293
0.05002853
0.02700493
0.00581391
-0.07130688
0.17284520
-0.03481753
0.06516826
-0.01759493
0.00734653
0.02633823
0.00603369
-0.02138932
-0.10730536
0.04612217
-0.02190703
0.05628928
0.09164705
-0.00647186
-0.04714413
-0.01100131
-0.07372788
-0.07476689
0.08263694
-0.12984979
0.00662193
-0.00765831
0.09862702
-0.08188924
-0.09844667
0.07794535
-0.04879814
0.03089551
-0.10121543
-0.00216888
0.10310054
0.08597350
-0.04124064
-0.02122858
-0.07842201
0.02998995
-0.07919696
0.06065268
0.11127341
0.06116825
0.05239905
0.04085147
0.13513950
0.05092711
-0.04880831
0.02161261
0.07253555
-0.09560209
0.12742215
0.05798810
0.02333179
-0.16601688
0.16707787
0.03111724
-0.02409207
-0.11416854
0.01229637
-0.04005623
0.13048785
0.00648093
0.01992218
0.07921281
0.09200580
0.00472368
-0.06260039
-0.01529878
0.15198388
-0.03999449
0.14867166
0.01093470
0.02356066
-0.12416816
0.04598360
0.02768374
-0.11098836
-0.15400747
0.00990662
0.04380449
0.00831767
0.01188867
0.03186086
-0.00747489
-0.07168379
0.03923410
-0.05301894
0.00857387
-0.13432358
0.02098705
