0.00154368
-0.00048091
0.05774765
-0.04639014
-0.20651486
-0.05088054
0.11429128
-0.06613478
0.09346247
0.13490664
-0.08555975
0.05343605
0.05215102
-0.02242807
0.03275500
-0.03436876
0.15306188
0.04675299
0.09035207
-0.01539564
-0.06260192
-0.00507559
0.02556919
-0.10307069
0.02100535
-0.06765986
-0.04688228
-0.00880674
-0.05899398
0.03508052
0.03590879
0.04256538
-0.10530581
0.09246505
0.14006903
-0.06657478
0.13483861
0.02356828
-0.13260326
0.10419605
0.05725373
-0.13711603
-0.00007110
0.01841767
0.05005486
-0.01085525
-0.06590440
-0.06332113
0.02604047
0.00109466
-0.03859207
-0.09427540
-0.06555983
0.05773275
0.04833810
-0.01964492
0.19306413
0.02272374
-0.04831263
-0.16067407
0.05238401
0.04352058
-0.12885826
-0.06581262
0.11097049
0.10937496
0.01650363
-0.05543159
0.07709624
-0.01019592
-0.09051826
0.07323946
0.02842039
-0.10914302
-0.06158310
-0.00432629
-0.09719672
0.02545117
-0.07056565
-0.05375827
0.09421856
0.05471063
-0.01025678
-0.13658627
0.04285343
-0.01781151
-0.00667419
0.01774526
-0.00736194
-0.00586291
0.01138789
-0.00021644
-0.04101048
0.09373590
-0.06630559
-0.24965662
0.06241393
0.08330945
-0.00733785
-0.07025698
0.02520021
0.08008895
0.01651797
-0.11136576
0.06148975
-0.07019497
0.01001297
-0.01108220
-0.03359984
-0.04201900
-0.00553969
0.03530686
0.00319696
-0.03946904
-0.05157183
-0.04269318
-0.21464987
0.17249291
0.05446519
0.04605301
0.00064973
0.07911158
-0.06729115
0.05821559
0.08665254
-0.07906770
0.06331154
-0.11777765
-0.09684930
0.07410884
0.06854414
0.11060830
0.08319231
0.00272376
-0.02847889
0.00481174
-0.00056315
-0.07271407
0.01002527
-0.00970349
0.02175412
-0.03374938
0.00823797
-0.02294572
0.01656164
0.01207362
0.11053568
0.09634023
-0.00433743
0.07825587
-0.02824650
0.00127278
0.09035962
0.05658936
-0.11978313
0.00063147
-0.01677484
-0.02241274
0.07801804
0.09730219
-0.02395985
-0.00899652
-0.07127538
-0.08476711
-0.01756066
0.07261354
-0.09120833
0.04425339
-0.21753778
-0.04447037
0.08938636
-0.00297001
-0.09876330
