-0.05357387
-0.00513356
-0.06614029
-0.09435969
-0.03728394
0.09109621
-0.08616259
0.04366580
0.07900381
0.01561728
-0.07534572
0.16890599
0.01064877
0.00002295
0.04131811
0.03259904
0.06083207
-0.07068539
0.02750208
-0.03393178
0.04955196
-0.06633774
0.05521655
0.09322964
-0.07803420
0.04969824
-0.13588289
-0.12664699
-0.09461935
0.02834709
-0.06232693
-0.02380415
0.18342571
-0.00625225
-0.06080208
-0.08952621
0.05914368
0.06203092
-0.13682701
0.01264818
-0.09162305
0.02003656
-0.02227516
-0.09383062
-0.07826310
-0.03719739
-0.13296736
-0.04198232
-0.07283006
0.05912401
0.06614018
-0.02286551
-0.13064818
-0.01925498
-0.01243754
0.01866350
0.03799468
0.06341448
-0.02927237
0.03712745
-0.17546698
-0.07133371
0.03278823
-0.05373858
-0.09981872
0.04045059
-0.07998934
0.09873665
0.11385805
-0.05842612
0.16485822
-0.00722652
-0.05358286
-0.02591440
-0.04249132
0.06305421
0.09109855
0.11133384
-0.09239755
0.00312230
-0.00267443
-0.16353735
0.02475839
0.13428653
0.00621175
-0.01619150
-0.05639487
0.08779601
0.02397798
0.04948562
0.00096927
-0.07969528
0.08824254
0.00551920
-0.04506151
0.10215887
0.05544505
-0.02771307
-0.09717815
0.07852946
0.03065011
0.07994613
0.01757805
-0.10348975
0.10855555
0.03735177
0.10234478
0.10700696
0.04481318
-0.01255048
-0.00731576
-0.05841549
-0.11348054
0.07857242
-0.02783345
-0.08943515
0.07723913
-0.02002052
-0.19765875
-0.14026059
-0.04239390
0.13637139
0.01133897
0.07114774
-0.10014847
0.06120295
0.08682002
-0.06929664
-0.00371140
0.01778579
-0.05363535
0.10334512
0.05601260
0.08502010
0.04816162
0.14287191
-0.03681777
-0.02297754
0.02543473
-0.01903766
-0.00086042
0.01015835
-0.12963590
-0.08494243
0.00588749
0.03751831
0.17306091
0.00239499
0.07816143
-0.02021049
0.03309481
0.08280232
0.04018578
-0.06514116
0.01965510
0.08214211
-0.04123105
0.11343121
0.03355999
0.06696017
0.03386853
-0.04524226
-0.00714893
-0.02214896
0.04874157
0.09543660
0.02679038
-0.03717088
0.10118762
0.12458720
-0.13194335
-0.06972085
0.03434554
