-0.01946420
0.02011951
0.00394602
-0.02128029
0.10582670
-0.03110873
0.04773060
-0.06997267
0.11350910
-0.01495391
-0.21808129
0.10396117
-0.02696231
0.02132867
0.12757833
-0.02562507
-0.06135114
-0.06902456
0.04366828
0.01880241
-0.04919196
0.03118539
-0.03751059
0.03617598
0.11999763
-0.02128852
0.03606697
-0.04604884
0.04810410
0.03130228
-0.01856075
0.02133650
0.04270971
-0.03910091
0.14407825
0.07764108
0.18903641
-0.06318019
0.03490555
-0.00726083
-0.03112123
-0.02185289
-0.14165229
-0.06971661
-0.00398392
0.02034178
0.10499663
-0.09893224
0.01385274
-0.07126787
0.08397098
0.10293763
-0.02292976
0.06726964
0.12385410
-0.01523143
-0.04274476
0.02787631
0.09340339
0.00258325
0.03879150
-0.06739591
0.10358605
-0.01782980
-0.14379237
0.11905603
0.09754776
-0.05824994
0.02346896
-0.06301509
0.03334280
0.06220355
-0.10890202
-0.08951650
0.09569635
0.16161088
0.16049693
-0.06401294
0.01887710
0.10492773
0.03648518
-0.14061137
0.12415150
0.07416747
0.05050888
-0.12185173
0.01031333
-0.14964146
-0.08350330
0.00996736
0.05727047
0.01825850
0.14183769
-0.02547702
0.06997506
0.00918089
-0.02102709
-0.00500405
0.22620543
0.06608249
-0.06156246
0.09724259
-0.02443108
0.00140457
0.00643053
-0.08970540
-0.04295004
-0.11629517
0.05472355
-0.02724567
-0.04858750
-0.05595614
-0.08855599
-0.02479129
-0.05649496
0.05555580
0.08836015
0.12796104
0.09740152
-0.12179057
-0.08883271
-0.02508722
-0.00599672
0.02006710
0.01213776
0.06179626
0.00827010
-0.00585411
0.06798856
-0.02271881
0.13632590
-0.05201260
0.01169543
0.09197090
0.04062593
-0.04308560
0.02143863
-0.05713335
0.01824296
0.04210145
-0.11436295
-0.10952687
0.00600381
-0.01803785
0.04974542
-0.11119513
-0.03135146
-0.05488823
0.04187073
-0.09084844
0.04014684
-0.04025642
-0.04266591
0.06797305
0.09386116
-0.16067203
-0.01973634
0.01494315
0.07406149
-0.04086228
-0.03689170
-0.01671973
-0.15540273
-0.09786738
0.03395090
0.05282202
-0.01491518
-0.03239535
0.03931197
-0.08834363
-0.05587431
-0.03049056
-0.06603363
