0.03158723
-0.07463909
0.03937124
0.19972940
0.03555587
-0.03307593
-0.05391903
-0.01939457
0.12530546
0.03538295
0.07838781
0.00647351
0.07190608
0.12284333
0.09340569
-0.08165679
-0.00892237
-0.06296965
-0.05783493
0.06199609
0.04389106
-0.03758263
-0.03692451
-0.05855627
-0.10808563
0.15138676
0.04415239
0.00607391
-0.04143293
-0.03671648
0.14518515
0.02540975
-0.05183929
0.09652999
0.11654357
0.07580412
-0.07800018
-0.06677052
0.05098731
0.04435046
-0.04557994
0.07530782
-0.01636158
-0.11758609
-0.12359299
0.01768630
0.01437416
-0.06817938
-0.06346594
-0.03649549
0.04945925
0.05873979
0.01503960
-0.02081086
0.04309133
-0.10039837
-0.01376911
0.05320191
0.04260724
-0.01959152
0.06618241
0.05748180
0.11971486
-0.22473475
-0.06225269
-0.03378313
-0.10609887
0.02824084
0.01004259
0.04108254
0.08260699
0.09470948
-0.05696586
-0.00367060
0.03155997
0.07249353
-0.01920126
0.01422828
0.03656324
-0.11663138
0.01032754
0.03605688
0.08706734
-0.05166359
0.02745050
-0.06021513
-0.03777838
-0.08271187
-0.13534767
-0.01722590
0.06623199
0.02554249
0.02041335
-0.04129213
0.03591766
-0.03671056
-0.15094628
0.10680971
-0.10968226
0.01008923
-0.08206686
0.11163185
0.16536615
0.08387948
-0.07802578
0.14747735
-0.04120734
0.15925206
0.04244041
-0.07121411
-0.05530777
-0.06664904
0.08821196
-0.06742487
-0.10696497
-0.01842525
-0.03048483
-0.00577421
-0.08781792
0.05112525
-0.14739275
0.06635735
-0.10047133
-0.06542074
-0.04303491
-0.00431079
-0.01041008
-0.06010725
-0.04873632
0.08587450
0.03674767
-0.01531024
0.04591278
-0.03795972
-0.01644202
-0.06155893
0.03426916
0.01566310
0.00088552
0.04248251
-0.06866880
-0.05297249
-0.03714064
-0.05646107
0.03481194
-0.01524292
0.08653394
0.01564400
0.02274888
-0.02543998
0.03683938
0.22090816
-0.01061072
-0.18180858
0.12461091
0.01416048
-0.09486683
-0.00960186
0.19273288
0.08895797
0.06985967
-0.03742272
-0.04176856
0.04868602
0.01085711
-0.11577989
-0.04627556
0.09256597
0.11094332
-0.02410174
-0.06869495
-0.04374927
0.03846178
