-0.09600328
-0.00658746
0.20213175
-0.09566175
-0.14550834
-0.02773928
0.09052337
0.01953122
0.01368440
0.01180389
-0.09618451
0.15909805
0.04825789
-0.01567087
0.04620456
-0.00128310
0.01585888
0.02239424
-0.05405046
-0.00188231
-0.07593346
0.00461258
-0.06810830
-0.05192856
-0.16199680
-0.01504188
0.10169081
-0.09484949
-0.06185833
-0.00303316
-0.02420913
0.24022215
0.01991974
0.06070656
0.06465742
0.08030314
-0.03893657
0.02957079
-0.04269043
0.10799580
0.00419024
0.11479739
0.00212441
-0.11675487
-0.06595035
0.04936722
-0.03349001
0.03263152
-0.11164525
0.11237104
-0.05593248
-0.10502978
0.12024428
0.05383117
-0.04002947
-0.14601804
0.14074725
-0.06410569
0.03320748
-0.07003577
-0.00024784
0.13745992
0.02136990
-0.07560548
0.10117323
-0.06369811
-0.08004992
-0.09462579
0.00720464
0.09807007
-0.03237063
-0.02583505
0.00284058
0.03072446
-0.02461444
-0.08564154
0.02110549
0.07440630
-0.07658387
0.08119019
0.02129355
0.04877252
0.18255613
-0.06804241
0.01246864
-0.09964020
-0.01735953
-0.02797846
0.14785323
-0.03701385
0.02706731
0.14339291
0.16121210
-0.05847505
-0.08947385
0.09115672
0.05719547
-0.00347349
0.03039592
-0.13565561
-0.07051992
0.06403089
-0.10140005
-0.06850394
-0.05047145
-0.03662785
0.03089708
-0.03635116
0.02525796
-0.07184937
-0.06143762
0.00275359
-0.02367097
-0.03802463
-0.00250152
-0.13545127
0.11148064
0.07986183
-0.15030936
-0.10144933
0.03199797
-0.02734982
-0.13324069
-0.05432810
-0.03057155
0.04041396
-0.06098974
-0.03222761
-0.10107581
0.02443688
-0.12034603
0.01266599
-0.02759059
0.09392557
-0.07941090
0.09682153
-0.00968369
-0.01770023
-0.00574393
0.03828598
0.08105808
-0.03946159
-0.04139167
-0.01554887
0.00933048
0.02093204
0.03488394
0.02526532
0.04678894
-0.01881136
-0.00432064
-0.03398819
-0.06797704
-0.11277998
0.00487889
0.01228652
-0.03554634
-0.02616262
0.01437869
0.12147177
0.09271968
-0.13929771
-0.00176891
0.05442563
0.12547498
-0.07792476
0.01902205
-0.07117979
-0.00754338
0.03176462
-0.07193071
-0.03052965
0.03883561
