0.12085635
-0.00142822
-0.06144170
-0.02686300
0.07165300
-0.08065566
-0.08752621
-0.01825350
0.07913197
-0.11112534
0.04568110
0.08757675
-0.10556113
-0.04519126
0.07943517
-0.05063054
-0.05974266
0.00282490
-0.00715967
-0.00999829
0.03590916
0.11790625
-0.05853232
0.07157010
-0.04705589
-0.01012733
0.15783112
0.03766915
-0.08260910
0.00893024
-0.13722356
0.00207776
-0.11565929
0.01015949
-0.04489273
0.15363517
-0.05392802
-0.02730987
-0.09131662
0.04033675
0.09125842
-0.01732097
-0.00974790
-0.11338871
-0.04104665
0.03025686
0.04437867
-0.00146784
-0.17575654
-0.12076312
-0.01574910
-0.15922801
-0.13947376
-0.10352344
-0.05778897
0.06329429
-0.12326082
0.04200461
-0.05446844
-0.00499798
0.01167224
-0.05642983
0.01370383
-0.21550637
-0.03799279
0.05491690
-0.03764118
0.03577253
0.01238393
0.06638563
-0.08663716
0.02320566
-0.00108300
0.09613951
0.00086902
0.08523893
-0.03151603
-0.09304521
0.04056542
-0.04859195
-0.04886387
-0.11612006
-0.13029450
-0.00903300
0.01104268
-0.00661141
0.01908981
-0.17370067
0.05386966
0.02397012
-0.00757759
-0.06699152
0.03432828
0.10181968
0.04472679
0.06914473
0.19252598
0.08362142
-0.04879790
0.07780400
-0.04521421
-0.01649283
-0.08890569
0.05118186
-0.00433246
0.02509323
-0.14630311
-0.00018368
-0.05414074
-0.03199236
0.00362599
0.07177608
-0.02482440
0.01705656
-0.05056936
-0.11298491
0.15717660
0.04710573
0.04481150
0.12119639
0.06737561
0.14940527
-0.11005746
-0.00632827
-0.02000058
-0.04238462
0.01426762
-0.07511805
-0.03481205
0.14824042
-0.01083677
0.02045253
-0.13433617
-0.05098135
-0.01003078
-0.04994321
-0.11934277
0.04541478
-0.02611036
0.01386352
-0.13068444
0.14394343
0.04529635
0.05181804
-0.05757810
-0.01311318
-0.06300418
0.12024949
0.00214877
-0.11501606
0.01753515
-0.08895650
0.00714712
0.05397964
-0.01521424
-0.10748211
0.09467330
-0.04303769
-0.03410902
-0.07195690
-0.05486638
0.12173930
0.01823076
-0.02932607
-0.07978304
-0.02082731
-0.02893676
0.01032290
0.04558279
0.07559249
0.05282801
0.01467239
0.09369484
