0.01487673
-0.07188542
-0.07315606
0.03106906
-0.08005546
-0.02006270
0.02964727
-0.02687016
-0.14117235
0.13866855
-0.11904398
-0.01210220
0.04466943
-0.12242754
0.03301293
0.11590207
-0.03372345
-0.00235262
-0.03929098
-0.14193988
0.01566090
0.07612756
0.04876015
-0.07432925
-0.01649570
0.14887991
0.03754524
0.11035899
0.06682133
-0.07161893
0.01516070
0.03117700
0.01087833
0.08957558
0.10222207
0.04638051
0.02668026
-0.05735937
-0.11681838
-0.09289241
-0.02398740
-0.02498073
-0.00301376
0.10423281
0.01801039
-0.03994724
0.03055793
-0.05634610
0.00562479
-0.02503159
0.00475378
0.16708901
0.05663212
0.06539118
0.03053445
-0.16689692
-0.01341630
0.01901103
-0.09758153
-0.04903356
0.05149787
0.02167922
0.15062717
-0.10211788
-0.11222302
-0.03768534
0.00236086
0.08945687
-0.00951802
-0.01628370
0.05396702
0.03216794
0.08531281
0.01898060
-0.01821214
0.02301137
-0.06751525
-0.06478771
-0.12893316
0.07064207
0.05787734
-0.01867005
-0.01296064
0.14433423
-0.14062454
0.00447697
0.04957695
0.09331853
0.05943346
0.08531394
-0.03262872
0.07716709
0.04813850
-0.03759590
0.01925511
-0.01966742
0.02761153
0.05030249
0.05053429
-0.02152516
0.09194743
0.00616215
0.03514296
-0.07386905
-0.11552019
-0.07694032
0.05600152
0.03486916
0.01929247
0.06872904
0.05172405
0.06675221
-0.09877945
0.09596555
-0.13878023
-0.00868509
0.12403653
0.06251630
-0.05986965
-0.01033924
0.02093737
0.10783464
0.01504742
0.08971053
0.04837186
0.07485217
0.02245498
0.11234577
-0.07360910
0.11225625
0.08891620
0.09969674
0.02750591
0.08468060
0.08358149
0.04863709
-0.08275303
-0.06407812
0.05740433
-0.15753964
0.05035643
0.10491630
0.02334722
0.11208134
0.15020848
0.20180672
-0.07222056
0.14517000
-0.07375914
-0.08210796
-0.04557452
-0.02979267
-0.08883794
0.02603513
0.13018561
0.02905678
-0.05647768
0.00341754
-0.05923475
0.02987786
-0.10407161
-0.04470662
0.02704963
-0.07581713
0.05613139
0.04504885
0.11495936
0.12234190
0.09913979
0.00762814
0.04338168
-0.08191824
-0.02622586
