-0.06983216
0.03435113
0.12364668
0.08197506
0.03168225
-0.06132767
0.02338868
-0.16562668
-0.08394599
0.02134042
0.01263839
0.07897787
0.10729213
0.02825481
0.05244956
0.01859025
-0.10239288
-0.07604886
-0.12248823
-0.20476620
-0.00037298
0.05427789
-0.07990202
0.09149478
0.05319080
0.01758310
0.01886181
0.00632782
0.01444599
-0.11662657
0.20959306
-0.05170281
0.09630540
-0.01745210
0.01122900
-0.01053511
0.09314055
-0.10368213
-0.04182107
0.07069734
-0.06025060
0.10327757
-0.01955061
-0.01238434
0.04478218
-0.03954819
-0.09536568
0.16182840
-0.05448408
-0.04885839
-0.08833833
0.04595468
-0.01361142
0.14540260
-0.06828335
0.12911026
0.06151626
-0.01506668
0.01369832
-0.08618850
0.05266379
0.03616269
-0.05831452
-0.08124684
0.10254454
-0.02491495
-0.07657756
-0.04984838
0.08724733
-0.00166679
-0.11391037
-0.01870030
-0.14306025
-0.03988980
-0.15753900
0.03294170
-0.00358240
0.05578736
0.01855431
0.04675282
-0.06554819
0.01622885
-0.09463121
-0.03421424
0.09669922
-0.14744101
-0.09664053
0.00120982
-0.02088564
0.08108062
-0.01025459
0.03092448
-0.18730633
0.02837701
-0.00362335
-0.01719195
0.08266711
-0.05267470
0.04132177
0.10190338
0.01103467
0.04327550
0.06700271
0.11750460
-0.09627570
-0.08003978
0.04811738
0.01719162
0.10569737
-0.00904071
0.00108619
-0.05388250
-0.01041949
0.06394741
-0.08160382
-0.03962294
-0.12284730
0.10381282
0.01985743
0.05080120
0.00891558
0.02270045
-0.08749060
-0.09652037
0.06934594
0.01821051
-0.14190646
0.05101564
-0.01242729
0.02763546
-0.06122094
-0.03774518
-0.02641669
0.01876114
0.03939472
0.02815810
0.01534005
-0.06389768
-0.04853127
0.03424020
-0.11591370
-0.11907777
0.05418625
0.04145418
0.09082434
0.04207204
0.04094377
0.11285596
-0.00953889
0.09124262
-0.10950800
-0.04934579
0.03432328
-0.16379301
-0.01950077
-0.03294420
0.03420049
0.08253976
0.03521291
0.07418022
0.02554049
0.10798806
-0.08484248
0.03784205
-0.11353422
0.07342772
-0.19715422
0.02991732
0.05014986
0.01725672
-0.05560764
-0.00181109
0.03420250
