0.03071283
0.11041143
-0.02164016
-0.20770158
-0.11736388
-0.02957807
-0.02040346
-0.05291173
-0.03581446
-0.10333329
0.08818237
0.09426729
0.09414894
0.02826808
-0.02794876
-0.03274421
-0.01599207
-0.15810033
-0.11676713
0.20178834
0.05767143
0.01495454
-0.11573355
-0.00268293
0.00273128
-0.08112076
0.18637531
0.03884425
-0.03807210
0.08067190
-0.02045270
-0.07606358
0.01398844
0.05151190
-0.01168738
0.00345690
0.05029387
-0.01274186
0.03888777
-0.07974647
-0.05481634
-0.00268200
-0.03397779
0.06376686
0.04628958
-0.11747093
0.13366098
-0.06662658
-0.02579633
0.10447096
-0.19640290
-0.04707931
-0.17068406
-0.00569472
0.07578687
0.06955116
0.03758886
0.13753971
-0.04708391
-0.00168250
-0.05769371
-0.07851435
-0.11886370
-0.03707773
0.00554044
0.00873952
-0.00398850
0.05467150
-0.12716663
0.03378160
-0.05872583
-0.13651617
-0.01490524
0.07835926
0.11981068
-0.01193866
-0.06948032
-0.13788130
0.01320160
-0.13587269
0.05405002
0.00693316
-0.07221862
0.12983485
-0.00837109
0.07931881
-0.04055744
0.02821845
-0.03185210
-0.00689112
-0.00661858
-0.05290032
-0.01761203
-0.05047284
-0.04767071
-0.06407767
-0.00961004
-0.04447759
-0.13494915
-0.02503594
0.00070233
0.02135514
-0.02927502
-0.02426713
-0.00807108
0.07292145
0.00693915
-0.05770587
-0.01512006
-0.14831649
0.03085716
0.05784217
-0.04966787
-0.00367286
-0.01460252
0.17402457
0.09104208
-0.05051857
-0.01263759
-0.05647409
-0.10947870
0.13354990
0.03038223
-0.08470155
0.02062646
0.10409469
0.13199737
0.00155214
0.00453454
0.05840902
-0.02000110
-0.02278567
0.04840524
-0.09881636
-0.00730484
-0.04050587
-0.01570513
0.06538385
0.08343350
0.07460874
-0.00024379
0.03881395
0.07318844
-0.11692330
-0.13354608
0.01373067
-0.02371702
0.12098674
0.06564802
0.05045954
-0.02520244
-0.00810454
-0.02679320
-0.02591444
-0.03326534
0.02817566
-0.05779123
0.02304468
-0.02728610
-0.02283665
0.09438144
-0.05984781
-0.00362170
-0.01678082
-0.17980746
0.14751143
-0.06787631
-0.01408949
-0.04565721
0.00187777
0.12146478
-0.08372293
0.08262074
