0.07345956
0.03405776
-0.00671314
-0.00220270
0.01447126
0.00715337
-0.07481455
0.01149922
-0.01815948
0.00526253
0.08090970
-0.02940815
-0.03113873
-0.04960295
-0.03677641
0.05015604
-0.00690959
-0.04554044
-0.09312511
0.04155344
0.08921754
-0.12887145
-0.05106150
0.05321966
-0.14206959
0.11298146
0.03095387
0.12797442
-0.11996803
0.01651762
0.05796565
-0.01687202
0.03794064
-0.16346588
0.00925019
0.00088275
-0.06822997
-0.00774614
-0.06797979
0.01989647
-0.04202448
-0.11332057
0.03080669
0.03190474
0.08670114
0.14709326
0.13828771
-0.00777591
-0.04930559
-0.00466774
0.14489038
-0.03766523
0.04947244
-0.08289228
0.09778984
-0.09081278
-0.02607425
0.16089150
-0.07706294
-0.01441503
0.09434143
-0.12045234
-0.06972134
0.02990667
0.02858889
-0.06468441
-0.03032990
-0.05149647
-0.01608401
0.00164830
-0.05842663
-0.10307113
0.12654414
-0.03725225
-0.06229523
-0.00576603
-0.02666107
-0.03676316
-0.02340129
0.06438608
0.15200157
0.10915526
0.06656121
0.12180475
0.05944839
0.03190567
0.00998085
0.16317299
-0.00672516
-0.06278575
0.01680365
0.03049245
-0.01662021
0.00987408
-0.06417673
0.02093234
0.19579332
-0.01976057
0.00568012
0.04766601
0.11347911
-0.09109640
0.09086792
-0.02254139
0.04412883
0.04911740
0.12443904
0.16329997
-0.05217061
-0.03519659
0.05704596
-0.06385168
0.20033273
0.10450823
0.04481141
0.02256876
-0.00069442
0.19861178
-0.01647077
0.08168151
0.00531569
0.02572327
0.01644897
0.03625458
0.05888970
0.01595662
-0.08005006
-0.01866994
0.01402870
-0.00721405
0.14513292
0.04871303
0.05059062
-0.00269403
-0.00708223
-0.05504271
0.01371047
0.02373682
0.03317677
-0.02700131
0.07960978
0.09373161
-0.16135869
-0.00107634
0.10839126
-0.16697512
0.09158090
-0.13381286
-0.08896372
0.02371457
0.03853220
0.02129730
0.00483032
0.04334315
0.08709038
0.04963836
0.07318900
0.07041152
-0.00628805
-0.06216535
-0.09294342
-0.12101122
-0.07135505
-0.05878447
-0.02986472
-0.03241088
0.07320153
0.13310501
0.04881156
-0.06883686
0.08977869
-0.04755666
-0.08034368
