0.05036706
0.00977159
0.09863721
0.08737458
-0.09679276
-0.04930696
-0.12344061
-0.01087559
0.12900185
-0.00539954
0.02986496
0.10591609
0.06740470
0.02738034
0.02693041
0.03479836
-0.03201061
0.01231886
0.05659712
-0.06002532
-0.08659182
0.01714507
-0.05794400
0.01860701
-0.03542137
-0.04149765
0.06923790
0.05635245
0.05876452
0.03008535
-0.12482559
0.06348117
-0.05059104
-0.01343890
0.00395853
0.02917623
0.02501684
0.03398374
-0.09717538
-0.12740071
0.13559171
0.04424476
-0.01022315
-0.04148630
-0.01675448
0.11746133
-0.04576362
-0.03246217
0.07074250
0.02590593
0.04894215
0.01773451
0.03530669
0.14661331
-0.07652983
0.09587480
-0.09142522
-0.08020546
0.11627840
0.04000327
-0.02792857
-0.06255297
-0.05610347
0.01703940
-0.07290913
-0.06219651
0.05170213
0.02571846
-0.07338684
-0.09427575
0.04361955
0.03318514
0.08540743
-0.01372565
-0.07003800
0.09576786
-0.11978658
-0.01528932
0.03003433
0.01274576
0.02276381
-0.04643468
0.08492024
0.00124227
0.06458589
-0.14077611
0.02076387
-0.04753172
-0.05293205
-0.04668004
0.02443769
0.05055463
0.11933811
-0.03824816
-0.12179342
0.07712570
-0.03037916
0.17805728
-0.00375065
-0.18671511
-0.03728528
-0.00726685
-0.01660996
0.03011243
0.18653805
0.12487212
-0.06599833
0.02634243
-0.02945430
-0.09571656
-0.08487088
-0.02581037
-0.05810238
0.05150729
0.17677500
0.08267064
0.05784170
0.11296406
-0.04805683
0.07529043
0.04272505
0.03311748
0.02886168
0.01859854
-0.12366314
0.00386292
-0.10152872
-0.06965210
-0.13984180
-0.11814302
-0.04595580
-0.00246770
0.12691431
-0.17282361
0.00150515
-0.02063364
0.13038148
0.10881405
-0.14411907
0.04880155
-0.02221919
-0.02015018
-0.04559303
-0.09583292
-0.00481684
0.03893566
-0.02506541
0.08474451
-0.17297569
-0.16553305
0.02353112
0.01594580
0.06634445
0.01638552
0.02066576
-0.00244496
0.04338117
0.00486583
-0.03475152
-0.01582809
-0.00549125
0.15809494
0.10811499
-0.04808637
0.04200233
0.02818107
0.03746867
0.01773135
0.04799859
0.04986265
-0.19711047
0.06395873
0.01323804
