-0.01197541
0.00811824
0.00960783
0.08520398
-0.07424730
0.01404674
-0.03549945
-0.01555537
-0.05421189
-0.02492791
0.00037972
0.11060164
-0.00062830
0.07578356
0.06329119
0.13978285
0.07477697
0.06748320
0.02234469
-0.08636327
-0.11191023
-0.02865526
0.03251640
0.04985975
-0.10486995
0.04213768
0.04456425
0.06934290
-0.04257696
0.01781591
0.19207356
-0.12337290
-0.08710879
0.01560480
0.08318409
0.04595499
-0.04985252
-0.03923896
0.06258651
-0.02591839
-0.04987350
0.08796721
-0.08265919
-0.07276529
0.14590499
0.02412739
-0.02585082
0.06332239
0.06457394
-0.12438649
0.18458951
0.07577838
0.04366925
-0.08162484
-0.02141049
0.15500587
-0.02792027
-0.11497577
0.06244809
0.09425556
0.03337798
-0.06377768
-0.01045500
-0.07951476
-0.10374136
0.05133179
0.00342938
-0.18228713
-0.02352111
-0.03944447
-0.07982966
0.00474021
-0.08533204
0.11870397
-0.07913691
0.00487232
0.05120737
-0.02879246
0.13065398
-0.03333228
0.07031786
-0.04036819
-0.13890667
-0.10383530
0.09886872
-0.02223925
-0.08216291
-0.05393097
0.07683546
-0.10216650
0.16688939
-0.08145717
-0.04128685
-0.06726217
0.06816863
0.04620820
-0.05277876
-0.10330091
-0.00174823
-0.04093553
0.13969522
-0.00154522
0.02140241
-0.02651293
0.00432988
0.04212863
0.05428437
-0.08057128
0.12066675
0.05055862
-0.07707654
-0.00061477
0.00079571
0.02203735
-0.05912635
0.09775259
0.01710362
-0.00125566
-0.03802573
0.03870162
-0.06390449
-0.04477624
-0.11548391
-0.03235850
0.01523839
0.01525960
-0.01542129
0.11137433
0.07582946
0.08454823
0.01475713
-0.07629750
0.01497043
-0.04995021
-0.02922996
0.07172933
0.16737965
-0.03292153
0.10249704
-0.06572356
0.06109738
0.00308565
0.09522396
-0.00207548
0.01502101
-0.06500452
-0.00929054
0.12840429
0.21336213
-0.02527438
0.02870345
-0.03385720
0.02715611
0.00747913
-0.15054820
-0.00940177
0.05229363
0.02324432
-0.14881525
-0.03562531
-0.19632724
0.07400617
-0.04609174
-0.01348850
0.03496443
-0.04521355
0.02429774
0.01583043
-0.07882715
0.01985187
0.07331275
-0.05218724
-0.10868391
