-0.06487534
-0.05596948
-0.07874329
0.11668897
0.16866911
0.01057489
0.01833761
0.05236796
-0.01097638
0.02912156
-0.07644406
0.01566462
0.03046065
0.11115598
-0.03962155
-0.01107014
-0.07871667
0.02036058
-0.13185345
0.10224187
0.03665322
-0.07709314
-0.12464293
0.00914937
0.01997940
-0.04593586
0.00126111
0.05843156
-0.11372224
-0.01940571
0.08824411
0.00740525
-0.12865353
0.02271639
0.07456573
-0.08060276
-0.02787127
0.01130669
0.01724398
0.01965882
0.04857378
0.12142780
0.02072157
0.06828065
0.12426264
-0.00929247
0.02976207
-0.08762863
0.06237996
-0.02729358
0.02213322
0.02681903
0.00518739
-0.02377388
-0.04397874
-0.04804734
0.19808811
0.10547854
0.04203586
-0.16617421
0.17358418
0.01411730
-0.08276832
-0.12423087
0.03840868
0.03214146
-0.01651279
-0.01238992
0.08744182
0.05539702
-0.15332105
-0.07244015
0.19787347
0.04378444
-0.00528415
0.05146253
-0.04036841
0.00071604
0.02110168
0.01833037
-0.06909864
-0.00966837
-0.02245683
-0.07841509
-0.13094175
-0.02584549
0.09594465
-0.07365878
0.00229769
0.07667810
-0.01662978
0.00968926
-0.01920131
0.10583107
-0.02277520
0.04908510
-0.09951782
0.03917283
-0.10578971
-0.00551574
0.08895270
0.12582487
0.06206995
0.07245583
0.09272907
-0.04426031
-0.00150835
-0.16646613
0.00568687
0.00539682
-0.03365638
0.09832629
0.03814004
0.11883697
-0.04212433
0.03185553
0.02989923
-0.06190007
-0.01233086
0.09567404
-0.13265619
-0.06061524
-0.06695657
-0.04684291
0.01401462
-0.07922262
-0.05204461
-0.10047473
-0.03398699
-0.15292607
-0.04405121
0.03890757
0.01737306
-0.00125623
-0.02589958
0.05257335
0.05480369
-0.04879861
0.11306823
-0.05915732
0.03829337
-0.03081033
-0.08002623
-0.00489694
0.02430213
-0.03063740
0.02810961
-0.11320697
0.01898444
-0.05518886
0.07260472
0.05159626
0.10616293
0.03337480
-0.00511469
0.00563780
-0.00867936
-0.18371814
0.14113304
-0.08637952
-0.05393193
-0.02546451
-0.13453254
0.06004734
-0.00519051
-0.02919167
0.02018550
-0.14917468
-0.09897049
0.10222657
-0.19446152
0.03841625
0.08025387
