0.11420450
0.08041817
-0.05411098
0.01318161
-0.02897732
0.02397122
-0.17060897
0.03200329
-0.05005934
0.08453463
0.01047862
0.08038435
0.01521877
0.07732422
-0.08498005
-0.02890225
0.04527612
0.02650980
0.01489639
-0.04812850
-0.03740067
0.01207214
-0.10021695
-0.01936096
0.04973563
0.04890702
0.08107074
0.01745622
-0.05056624
-0.05477542
-0.11107083
0.16001409
-0.02487960
0.06272755
0.02683645
-0.03931123
0.00378681
-0.04354040
0.10439715
-0.04454629
-0.07649011
0.14064626
-0.17465662
-0.05236461
-0.03637697
0.08122296
-0.04743372
-0.09791598
-0.00756086
-0.03308575
0.02984111
-0.13859860
0.10524119
-0.03453847
-0.01493306
-0.06572272
0.01754660
0.09476930
-0.06224900
-0.09398122
-0.15933772
-0.08021228
-0.10293677
-0.05974912
0.03187176
-0.04964564
0.09137526
-0.18211311
0.06667599
-0.09370958
-0.07112577
0.06413918
-0.04572912
0.02939448
-0.06650757
-0.08974725
-0.00682952
0.00943317
0.12022576
-0.00962598
0.02690477
0.00247438
-0.03257144
-0.04257447
-0.05183856
-0.08525281
-0.02410700
0.03992802
-0.09288545
0.02841392
0.09411441
-0.00797657
0.12812363
0.01527116
-0.13337261
-0.02511335
0.02158504
-0.06861628
-0.01769989
-0.01635509
-0.06076642
0.03037928
0.11801964
0.14229776
0.06730965
-0.05768589
0.02304440
-0.07090001
-0.13073320
0.05701748
-0.07134872
-0.17661595
0.01970021
0.15656720
0.00415774
0.03806803
-0.02610685
-0.01738324
-0.03691874
0.02907968
-0.06562950
0.04085856
0.06925732
-0.02994114
0.01182520
-0.12101402
0.04118083
0.02529536
-0.05708629
0.01928447
-0.01285502
-0.01495573
0.09694139
-0.10665230
0.10160967
-0.15759333
0.05147450
0.06868353
-0.10057823
0.06248337
0.10427070
0.07964746
0.01833491
-0.09364615
0.06451246
0.11123306
0.07932337
0.07289939
0.09043715
-0.02447707
-0.05215124
-0.05265366
-0.05013903
-0.03614036
-0.00800375
-0.11191515
0.12656122
-0.12994562
0.06531839
-0.17429471
0.05372216
-0.10098685
0.05898633
-0.05275313
0.08048721
0.01172740
-0.13735263
0.06868952
-0.02580351
0.09968755
0.01784755
0.02612466
0.04206309
