-0.00128486
0.06326705
-0.05056900
0.09584991
-0.00860515
-0.01065094
0.00148441
0.02704710
-0.04774150
0.07213638
0.01163580
-0.02831019
0.06884519
0.01917519
0.03581880
0.08971571
0.03022649
-0.02456461
-0.05249408
-0.00235076
0.08973968
0.04204422
0.06733570
0.00601126
0.08798419
0.05469606
0.02728591
0.01505184
-0.00614503
0.03460487
-0.03971347
-0.17313699
-0.08255984
-0.13898699
0.08492440
0.07165079
-0.07369509
-0.03793204
0.01079548
-0.03272856
0.11336871
0.00000646
-0.03793947
-0.09219889
-0.15734477
-0.20651081
-0.05050273
0.08399932
-0.02654014
0.06366610
-0.01870998
-0.03060873
-0.03862917
-0.05553125
-0.08189402
0.06941272
0.16710474
0.06973945
-0.04012740
-0.03413247
-0.02610029
-0.02182599
-0.06392890
0.01858469
0.09625777
0.22475828
0.11282569
-0.09720479
0.11357410
-0.07313924
0.12805601
0.01485508
0.01278401
0.08484768
-0.04017233
-0.08791609
0.02576135
-0.09793719
0.13426906
0.00125953
-0.07483048
0.12824799
-0.01928704
-0.00830226
0.01080910
0.06805089
0.01927462
-0.06186238
-0.05738458
-0.08962630
-0.08679489
0.12498906
-0.10817274
-0.10651928
-0.08068063
-0.08308568
-0.01284407
0.06356386
0.09129582
-0.02687387
-0.20053043
0.12366737
-0.08533122
-0.11474134
-0.06995648
-0.03591591
0.01723313
0.06019067
0.00183669
-0.01430035
0.01154882
-0.02192416
0.09605274
-0.02488297
0.08049292
-0.10423898
0.03347347
0.15123426
-0.07297945
0.03351738
0.05398863
0.04789565
-0.07528194
0.09045418
0.02368761
-0.00225575
-0.02753985
0.14781294
-0.06693220
0.06699148
-0.07861605
0.02035496
0.02819172
-0.02118445
0.07498339
-0.08542498
0.12516865
-0.00530602
-0.04519600
-0.10844896
0.05095263
-0.00969035
-0.01295019
-0.20144086
-0.03967104
0.04836148
-0.07169776
-0.05258794
0.13261006
0.03127220
-0.00440662
0.01535140
0.03510305
0.02544510
-0.07574706
0.00440601
0.09742455
-0.05447777
0.04657435
0.02199441
-0.20957644
-0.05372461
-0.01745905
-0.05151954
-0.02412681
-0.03690186
-0.05190662
-0.05927201
-0.06381324
0.00367950
0.06140046
0.03859742
0.01263523
