0.00909320
-0.13290244
0.00119340
0.01464211
-0.06645440
0.10097363
-0.02452045
0.11044467
0.02002136
-0.02244058
-0.08326757
-0.02771474
0.05883279
0.10025696
0.03830937
0.07813251
0.03882626
0.06050386
0.00389008
0.11538000
-0.04818927
0.09160187
-0.04897766
0.01742922
-0.08994739
-0.05028834
0.02033110
0.00776090
0.01519472
-0.01690767
-0.03671106
-0.01172558
-0.02447423
0.06716074
0.10023042
-0.08246935
-0.00867400
-0.11893698
0.11884417
0.02263940
0.01102190
0.11077740
-0.07323486
-0.06731149
0.06446276
-0.16978570
0.01863437
-0.01710584
0.08543855
-0.05846160
-0.14836458
0.20297933
0.03524993
0.03944803
0.03948677
0.04207704
0.06827254
0.02083674
-0.00197805
0.01409082
-0.07610884
0.08317212
0.05162570
-0.02096909
0.04011419
-0.02943431
-0.02879062
0.00924971
-0.00400138
0.00068827
0.06965344
-0.06010410
-0.10580280
-0.06455620
0.16485218
-0.15435522
-0.04981340
-0.01558248
-0.11676579
0.02320706
-0.01170972
0.07940823
0.09228776
-0.01388133
-0.06998393
0.04231171
0.08649146
-0.01125073
0.05709496
-0.13468565
0.01147488
0.01683273
-0.08670727
0.00703765
0.06600984
-0.04297429
0.14588133
-0.11356294
0.02443538
-0.18897271
0.00263565
-0.03001964
-0.11535008
-0.02290226
-0.12598311
-0.03979070
-0.02603287
-0.04928247
-0.03570572
0.09951104
0.02423557
0.03535248
-0.00968600
0.03968562
-0.12557716
0.07956459
-0.01461152
-0.05694818
0.09980479
0.08698918
-0.04945887
-0.10477753
0.04990740
0.01178703
0.08999772
0.12237826
0.02149608
-0.05605393
-0.01733097
-0.06144679
0.01985609
-0.05947883
-0.12877116
-0.13467150
0.13237518
0.02261150
0.03763276
0.13065063
-0.03310585
0.03434469
-0.12222837
-0.11215275
0.08131793
0.08332628
0.09272146
-0.00710379
0.08385448
0.06799401
-0.06850711
0.03285340
-0.04393236
-0.12402976
-0.02938043
0.07828272
0.07952195
0.13823084
0.09859680
0.19302468
-0.05638561
0.00048614
-0.04165446
0.00349789
0.06090379
0.00717467
0.05751484
0.03998384
-0.14707123
-0.01515224
-0.01579244
-0.01669421
-0.14355953
0.02693098
-0.05362936
