0.13675181
-0.07006586
0.07259412
-0.15792884
0.01942925
0.14004372
0.05018641
-0.03250961
0.11020992
0.05055710
-0.04972375
-0.09215561
0.05882033
0.06390617
0.00933309
0.01815564
-0.05590962
0.07291137
-0.04014533
0.03157692
-0.11709019
0.01966090
-0.08085256
-0.05199533
0.01454487
0.09241326
0.04754762
0.11070305
-0.14043541
-0.02878167
0.04325078
-0.13067402
-0.09729449
0.15927121
-0.04595101
-0.03929652
0.04810217
-0.03785830
-0.03721069
-0.03583422
-0.09355580
0.15438629
-0.03714499
0.01832701
-0.00151541
-0.02043709
-0.19663559
0.01968475
0.08252738
0.07619854
0.04788377
-0.08021559
0.11073376
0.01126186
0.07299520
0.02347137
0.07183091
0.08697475
0.01046352
-0.00884255
0.10155877
0.02433674
0.01558414
0.08117723
-0.05774274
-0.08336942
-0.01465189
0.08535573
0.02085112
-0.02343755
-0.08010733
-0.11690288
0.02907907
-0.04585925
-0.05567885
0.04439417
0.01670680
0.05370985
-0.12870956
0.07176137
-0.01206726
-0.03388795
-0.06175141
0.05502009
-0.01889430
0.03128164
0.09568902
-0.03340420
0.05437240
0.01703527
-0.05360492
-0.04713726
-0.01313640
0.01526543
0.17146824
-0.05186653
0.03408786
-0.00674160
0.15994992
0.13920462
0.10770676
0.00724150
-0.11026766
0.10305317
0.11685462
0.00362512
-0.13699312
-0.02615287
-0.04332340
-0.01332346
0.04729983
0.00607334
-0.02511291
0.07659878
-0.02897007
-0.02349672
-0.08829565
-0.08231005
-0.02807988
0.02334100
0.01382866
-0.09178280
-0.00586278
-0.00374542
0.04540196
-0.13212936
0.03490132
0.04136406
-0.04738016
-0.03218279
0.05350901
-0.11527142
-0.01307628
0.02113674
-0.00798855
-0.10150477
0.00957166
-0.11396021
0.02161811
0.00652620
0.00577064
0.08618715
0.06960291
-0.03953795
0.02619148
0.02884150
-0.06749279
-0.16737260
-0.03257702
-0.10952546
0.11753546
0.05729435
0.08792843
0.08295894
0.01434013
0.12421711
-0.00537438
0.09983769
-0.07479203
0.10422517
0.17636745
-0.13763965
0.12854205
0.03888243
0.00618847
0.03037699
0.02631323
-0.05770024
0.09634752
-0.03749003
0.12628018
0.13808225
0.00351770
