-0.05381433
0.02059557
-0.03886713
0.06917411
-0.02094784
-0.14183668
-0.04643094
-0.03682076
0.09929386
0.01854158
0.13239591
-0.03054269
-0.09568778
0.04997853
0.14472979
0.10891200
0.01216449
0.11776685
-0.10276359
-0.11449820
0.01602162
0.02567564
-0.03559688
-0.06655277
-0.00443279
0.14106332
0.01548904
-0.08606016
0.05746020
0.08277578
0.10471075
0.00771004
0.06862437
-0.05665166
0.07532565
-0.00087076
-0.03469782
-0.00764395
-0.04438751
0.07913558
0.09719976
-0.00756904
0.05202304
0.04555527
-0.12407192
-0.01360421
-0.05331488
0.05267561
-0.09933629
-0.05983130
0.01090540
0.08633797
-0.06577802
-0.02950586
-0.01321093
-0.08641688
0.03786634
0.11124631
-0.03145226
0.04337119
-0.09165031
-0.02659399
-0.05371458
-0.15450897
0.07722957
-0.07462966
0.06950288
-0.04576375
-0.05006657
0.10679231
-0.04896508
0.06929336
-0.07788817
0.17991862
-0.08015731
-0.02845416
-0.17793865
-0.16444094
-0.06048885
0.10023426
0.06793841
0.00949653
0.08624637
0.04347201
0.09289817
-0.12097132
-0.03061796
0.19419652
0.05203694
-0.06725505
0.03409697
-0.06284014
0.08297719
-0.02678978
0.00642337
0.06648424
-0.06923795
-0.02994007
0.04540116
-0.01899415
-0.13344456
-0.01401227
-0.06735146
0.11162423
0.04519808
-0.06458611
-0.06105996
0.00163794
-0.09729958
0.05208525
0.01724892
-0.10037942
-0.09017292
0.02967106
-0.09776099
-0.01115685
0.03917486
-0.12394877
0.02074317
0.06378825
0.04356831
0.03615271
-0.00547323
0.05270909
0.18363007
-0.05710959
0.07052151
-0.08568842
0.02741071
0.08834375
-0.07851264
0.06130747
0.03803271
0.03291512
-0.06983714
0.11922945
-0.04526666
0.09011465
-0.07898015
0.01002014
-0.11783180
-0.08636647
-0.07544694
-0.18560080
-0.06125100
-0.13865127
-0.08756630
0.07826739
-0.07333218
-0.07183003
0.04986285
0.02556681
-0.07448465
0.01007068
-0.00262232
0.02445848
0.11424499
0.04137373
-0.01876444
-0.02850899
-0.01157113
-0.09931899
-0.00500845
-0.04923343
-0.04086723
0.00554276
0.00327451
-0.06079804
0.09446486
0.00879397
0.03249036
-0.03735735
0.07824972
