2.18335823
3.47553570
4.41127926
4.94025480
2.29629901
3.04706648
3.89683802
4.28800169
2.23388602
3.78798290
1.39868442
2.69177467
5.17280286
3.13939390
1.34011971
3.68325561
3.24035395
4.34334942
2.08666991
2.94633444
3.77643666
3.19860940
1.48189730
3.56702414
3.69970701
4.84758918
4.26234092
2.98581942
5.23983890
2.26056423
5.48379995
3.87348326
4.44933888
2.42423219
2.06514545
2.13396717
2.09503314
3.29487185
1.36976747
5.19612985
4.96560254
3.76335413
2.56199121
1.81425752
3.58807125
1.74675581
3.41508039
4.18347657
4.32926491
1.78097337
2.61730135
4.36320979
2.60477606
2.95131461
2.31754595
1.63989905
3.19306972
3.14868088
4.05825552
2.23926672
2.14607341
2.32350044
1.68938523
4.11637966
1.59829624
2.54156804
5.26726083
2.77042549
2.56913898
2.70768370
4.38869586
4.07348685
2.03956872
4.58280382
2.22538016
2.31503159
3.88215791
2.18903003
3.87748169
1.94933498
3.04103620
4.85145785
8.06355532
3.14631329
2.56483204
4.29663873
2.31404762
1.50373546
2.11775156
3.77726007
2.16499893
3.56303935
2.69915654
2.62449524
2.79382042
5.79200559
1.89634022
2.16256145
1.67599798
4.47872495
