-0.10755256
0.03268445
0.05333645
0.02666096
0.10229501
-0.02026126
-0.04645971
0.03519278
-0.06629331
0.00320592
0.02138746
0.19383134
0.01358861
0.10851426
0.01669364
0.06441857
-0.05023597
-0.00689308
-0.05840623
0.08514188
-0.05720914
0.01245417
0.07452530
0.04510315
0.04187522
0.05779098
-0.05853493
0.16970049
0.01045644
-0.00781841
0.03047167
0.09930067
0.11119770
0.03271745
-0.11053204
0.02085650
-0.01628845
0.09027538
-0.02446372
0.02692422
0.00694631
0.13069233
0.06386637
0.03569246
-0.06195132
0.12848362
0.03518401
0.12252667
-0.13916252
0.06258523
-0.05578848
0.01115440
0.02469442
-0.08281817
0.02600276
0.06938633
0.09668092
-0.03872991
-0.13704049
0.09893791
0.01299521
0.06103181
-0.04554226
0.01540367
0.03811511
0.09432284
-0.02593089
-0.17242530
-0.01353197
0.11909716
0.07949590
-0.00418494
0.01177299
0.09297332
0.03253957
0.08309280
-0.14165674
0.00231793
-0.11390197
0.07903818
-0.04166130
-0.01458177
0.12904837
0.03474704
-0.09312961
0.04312131
0.04807360
0.04560659
-0.08691225
0.02437202
-0.10479667
0.00632334
0.09483667
-0.05949145
0.14188688
-0.06075924
-0.10557605
-0.09868846
0.06645835
-0.05839118
-0.13370214
0.08574726
0.11378301
0.06498305
0.05711419
0.10276911
-0.16169232
-0.02822008
-0.10447872
0.01494395
-0.01766746
0.12817232
0.04915888
-0.03132850
-0.02971798
-0.13983316
-0.02885520
0.02735056
-0.08507551
-0.01702994
-0.09256320
-0.03681551
0.02774700
-0.07506456
-0.04066110
0.11197065
0.11447422
0.04942173
0.01105621
-0.04405834
0.03533179
-0.01393412
-0.02603611
0.01501586
0.06255856
0.02701247
0.01558111
-0.20546192
0.01761754
-0.02422858
0.04363181
-0.14035887
0.04032165
0.13611443
-0.05974255
-0.02023451
0.16335016
-0.03839724
0.14079594
-0.01101098
0.07815565
0.02838191
-0.00351131
0.02126713
-0.08354874
0.10318271
-0.01124638
-0.02461833
-0.01398842
0.02071732
-0.02887095
-0.08463892
-0.07263247
-0.04513507
-0.05782127
0.11918353
0.05096574
0.05478197
-0.04250998
0.10535732
-0.02467307
-0.01843638
-0.08213877
