0.03571157
-0.08878022
-0.11374700
-0.15794075
-0.12858460
-0.01738665
-0.14875118
-0.04191627
-0.14739472
0.00145201
-0.11390710
-0.06314494
0.07634416
0.03988876
0.03284910
0.10193340
-0.03380773
-0.04713941
-0.17175962
-0.16752178
-0.00225060
-0.04687908
-0.06008688
-0.04204679
0.05137514
0.03506331
-0.08765800
-0.10702651
0.00828427
0.02427645
-0.05953184
0.11242198
0.06114676
-0.10252644
0.12348160
-0.04925465
0.06149436
-0.01193620
0.06634680
-0.04092060
0.07698660
-0.04403226
-0.01890373
-0.00869015
0.09827727
-0.00167394
-0.00032744
0.05966009
0.03611413
-0.00596474
-0.00286061
-0.10952208
-0.00036718
-0.09177947
0.01302084
0.04766587
-0.04751478
-0.06135681
-0.00870290
-0.03144633
-0.10507356
0.15434507
-0.09577319
0.14663200
-0.09696174
-0.02762162
0.02726745
0.02985018
0.06656898
-0.05939530
0.00926835
0.01721854
0.05015488
0.10343072
0.10654328
-0.12352958
0.17101667
0.05619663
-0.03960707
0.00181720
-0.07016329
0.05902421
0.05971083
-0.13943727
-0.09584725
0.06416531
0.14677520
-0.03996814
0.04430535
0.02260232
0.06351117
0.03631718
-0.18084168
0.04499127
-0.01125389
0.00781018
0.04510010
-0.01496077
-0.03531840
0.01632390
-0.02496062
-0.02070633
0.07470872
-0.16343841
0.04451038
0.09959462
0.00478097
-0.04621970
0.02628593
0.05543980
-0.04132677
0.10051811
0.07151401
0.01067162
-0.01763366
0.04350918
0.04434907
0.20720304
0.13545936
0.02050642
0.07105989
-0.13784640
0.05299209
-0.04079602
0.14104679
0.04123906
-0.11886686
0.04256156
0.11800649
-0.01808371
-0.03962279
0.05320286
-0.01794693
-0.07425746
0.07758632
-0.00780572
0.01468375
-0.12102149
0.01830557
-0.06835527
0.01061044
0.12294037
-0.07579457
-0.02129891
-0.04683363
0.05166168
-0.04592007
0.08724342
-0.01326515
0.08978763
0.01668106
-0.02102446
0.05719236
-0.05944887
-0.11896296
0.03897184
0.09693944
-0.01419310
0.16446605
-0.05274720
-0.02048568
-0.04751943
-0.05876598
-0.00187035
-0.00374074
0.02982456
0.00249828
-0.03160568
-0.07631835
0.02223791
0.01611912
-0.02153659
-0.07191324
