0.05188959
0.10480351
0.05302189
-0.10078388
0.05996945
0.05704868
0.22186972
0.00643887
0.10293070
-0.13308774
-0.01742338
-0.06028352
0.09586605
0.06872292
0.00311203
0.05083247
-0.00935101
-0.06134752
0.00399864
-0.08851420
0.12479202
-0.05810110
-0.01282749
-0.02903803
-0.04980134
-0.14653514
-0.07698664
0.09145091
-0.09282320
0.08487396
0.06625012
0.04033969
0.10787160
-0.04293869
-0.05729573
-0.11563921
-0.00604457
0.10548487
-0.03865848
-0.04295224
-0.00039851
0.05949207
0.00641282
0.12132928
0.02876714
0.18765783
-0.03599323
0.11632231
-0.10166456
0.13801365
0.06245566
0.05404069
0.03229001
-0.00840334
0.06525375
0.02095952
-0.04577365
0.10850599
0.00007429
0.05517948
-0.10195594
-0.05438567
-0.01916274
-0.03262780
-0.06016567
0.08076290
-0.24588277
-0.07134315
0.00445513
0.13489238
-0.01149652
0.06166214
0.09818554
0.00430007
0.11192493
-0.04666186
0.06243222
0.01502730
-0.07043918
-0.04951859
0.05359992
-0.09717811
-0.01628968
0.01657904
-0.07853698
0.00971810
0.07024026
0.06587227
0.02788019
0.05949466
-0.07790968
0.07400309
-0.03519199
-0.01601210
-0.14546700
-0.01573239
0.05252482
0.07910075
-0.05360076
-0.03610923
0.03149105
-0.04584689
-0.00398255
0.02288843
0.00553480
-0.01905212
0.14877936
0.11915618
0.03017923
0.04001016
-0.12003297
-0.03388889
-0.00967655
0.00836186
0.05184541
-0.03801867
0.12827875
-0.00554836
-0.05981325
0.00987388
0.02777801
-0.10922696
-0.09657641
-0.04362547
0.03753718
-0.05001071
0.07938705
0.01837372
0.04301917
-0.08300800
0.03637586
-0.05862527
0.11639104
-0.08194954
0.07720402
0.02827359
-0.09295353
-0.14612864
0.01658075
-0.08016065
0.09833317
-0.09112660
0.06876638
-0.03157675
-0.08690034
0.02421638
0.05536132
-0.03437377
-0.06342057
-0.06041748
-0.07967763
-0.01862218
-0.10802287
-0.00375175
0.02333766
-0.10106220
-0.08925498
0.05829551
0.05087573
0.01952741
-0.05791168
0.12555982
0.10028144
-0.03912478
-0.03326614
0.08832018
-0.09001712
0.09525581
-0.02145723
0.00923234
-0.08720209
0.09700061
0.13772791
