0.08767735
0.04529480
-0.01340682
-0.08631221
0.20544727
0.10853497
-0.10273596
-0.20039913
-0.20265326
-0.02928902
-0.02641617
0.04216668
0.12493568
-0.00271029
0.00466730
-0.06619847
0.00765788
-0.06837650
-0.01671274
-0.04452631
0.01133781
-0.07195784
0.09379859
0.12323087
-0.02071771
-0.04415610
0.03068033
0.03446640
0.05637132
-0.06847908
-0.09045384
-0.03537520
-0.02907476
0.11087013
-0.05033951
0.10454469
-0.05987570
0.15500593
-0.10920072
-0.03164280
-0.04087960
-0.06712982
-0.08296887
-0.08562711
-0.05560295
-0.03955676
-0.04811389
0.15566696
-0.00479336
0.08931321
0.03128833
0.11927549
-0.11870427
0.09444486
-0.06664723
0.17024084
0.03676271
-0.00351405
-0.02330228
-0.09845466
0.03191155
0.12059097
0.04660685
0.03902183
0.05296332
0.01582154
0.02536711
0.09494559
0.02555811
-0.06060069
0.08373066
-0.02712596
-0.10526197
-0.03831059
0.11899070
0.01268541
0.13333928
-0.08856206
-0.02501185
-0.09187131
-0.11447735
0.03517393
0.02783812
-0.03021196
-0.01714995
-0.13710106
0.12987280
-0.00029870
0.01587159
-0.09550174
0.01325913
0.04161762
-0.05739313
-0.06779389
0.05897082
-0.07303520
0.01259093
-0.09005790
-0.01427042
-0.06040914
0.00701392
-0.14993965
-0.00513739
0.05274661
0.00758435
0.02255716
-0.09495948
-0.15134117
-0.00437828
-0.03716959
0.00202143
0.05524557
0.08361279
0.09215614
-0.13398622
-0.00692204
0.03865779
-0.04783619
0.05887726
-0.06219542
-0.06673236
0.00709683
0.02419650
-0.05121694
0.04834312
-0.08029461
-0.01524472
0.09366973
-0.00218354
-0.01647732
-0.04973197
-0.03123860
0.13242726
-0.06228023
-0.03451628
0.12924196
-0.09595051
-0.08051682
-0.16613146
-0.03197913
0.04766488
-0.00571460
0.06317126
0.00110454
-0.07219623
0.01466025
-0.07042932
-0.10957919
-0.05424055
0.08103743
-0.14359687
0.06501551
0.07864755
0.03956355
0.04974699
-0.03882720
0.01646158
0.02232502
0.06056067
0.00683331
-0.10997399
0.04779095
0.09416080
-0.03595777
0.07143926
-0.07169286
-0.00670390
-0.04078317
0.01379857
0.03719240
0.01546082
-0.03581816
-0.09570893
