-0.03491481
0.01924573
-0.01739633
-0.02459752
0.15504115
0.01736949
-0.06051468
-0.00319754
-0.00420262
-0.00782949
0.01314962
0.17428844
-0.04358276
-0.07760947
0.02419050
0.01075414
-0.13032327
0.05400269
-0.10339863
-0.01518023
0.03296341
0.04294810
0.07980520
0.04476032
-0.03675909
-0.04190218
0.10055486
0.04612150
-0.05264308
0.02311673
0.09163707
0.08114356
0.00315164
-0.04565426
-0.08223181
0.09947950
0.07387197
0.23116171
0.04890485
0.04692540
0.06452731
-0.18329989
0.03747201
0.07540268
-0.11910160
0.02196498
-0.16011525
0.05843502
0.03876100
-0.01901950
-0.04992513
-0.00424816
-0.12491383
0.03725891
-0.06119445
0.05584825
0.05577208
0.06233161
-0.05307415
0.10310060
0.08788803
-0.03837657
0.04251056
-0.07320134
0.04730446
-0.07828056
0.06784529
-0.06055195
-0.08475710
-0.08866219
-0.07003430
0.02963018
-0.09791752
0.08250321
0.06775571
0.06164909
-0.05688955
-0.14067206
-0.04015487
-0.03527768
-0.15231669
-0.05250816
-0.04586486
0.01944789
-0.04387826
0.08022933
0.10162220
-0.07177218
-0.11482401
-0.02232947
-0.02281454
-0.04482186
0.02460471
0.05963340
-0.00146952
-0.01064949
0.03431654
-0.08040902
0.00848590
0.09716156
0.09918546
-0.07904981
-0.02870888
0.00631878
0.12181176
-0.04031172
0.07286222
0.08204761
-0.10775564
0.11433731
0.03040738
0.03699886
-0.06270087
0.12331691
0.13677695
0.07111204
0.08267534
-0.05581088
0.05593910
-0.00213860
-0.00561741
0.00466415
0.11201193
-0.03008840
0.11788245
-0.02440530
0.02553836
0.09929279
-0.05854315
-0.03284002
-0.00999060
-0.03087913
-0.05641329
-0.06491325
-0.02838629
0.01387764
0.12937392
0.03396577
0.04775388
-0.10280952
0.08009540
0.13632736
-0.01553290
-0.08066522
-0.01933129
-0.00728044
-0.17172023
-0.17994205
0.16525268
0.02366352
0.11374382
-0.04848247
-0.05544668
-0.01441001
0.01471793
0.00480719
0.14678047
0.07021724
0.07458872
0.09191167
0.03228871
-0.07805457
-0.00331299
-0.05557911
0.03734519
0.07616675
-0.05310920
0.01172050
0.01448497
-0.01513625
0.11372765
0.07110409
-0.09450802
