0.06697384
0.11631361
-0.10181462
0.01080090
0.00633143
0.00782197
0.03869487
0.07795563
-0.04458009
-0.00346226
-0.09505938
-0.12197689
0.10995007
0.03808589
0.03151581
0.01369590
0.12860933
0.05044341
0.06135646
0.10154262
0.03687117
0.06761456
-0.04713217
-0.05098464
-0.03668419
-0.02079218
-0.07314593
0.08135112
-0.07694978
-0.15483190
0.15708992
-0.10295270
-0.16207379
-0.02595416
0.06779363
-0.04807733
0.08051773
-0.03671143
0.02705486
-0.01060948
-0.08679094
-0.20609834
0.05694270
0.04640427
0.07544745
0.00335146
-0.09758274
-0.00349754
-0.09607585
0.02028147
-0.17822561
-0.07030447
0.12051712
-0.07808442
-0.02749510
0.10402878
-0.02266038
-0.05216301
0.11790193
0.02094266
-0.03198172
-0.04334850
0.00653841
-0.04155649
-0.01959961
0.02021059
0.01929664
-0.05091903
0.09648978
0.03102698
0.03288184
0.07400624
-0.10113118
0.05888362
-0.02162940
0.09735843
0.06986783
-0.03945582
-0.01289541
0.00716483
0.03986056
-0.02359896
-0.01680653
-0.00554325
-0.06480746
0.18011000
0.00947444
0.05367965
-0.03582084
-0.05638925
-0.03057809
0.06346109
0.03088592
0.08223893
0.02093330
0.08371327
-0.01560650
-0.10072428
0.04369716
0.04219524
0.01483283
0.05583752
0.02104263
-0.00696465
0.02600632
-0.01363894
0.02943102
0.17763678
-0.08506554
-0.02200163
0.00298476
0.07993943
-0.16981221
0.10159627
0.06106315
0.09235539
-0.06465419
-0.07992204
0.06421485
-0.06156489
-0.08777946
-0.00602516
0.00218835
-0.01449196
-0.04124262
0.03941906
-0.08130905
-0.02917290
0.13043997
0.03251114
-0.09709822
0.17726657
0.05861787
0.07152366
0.00602616
0.00954955
0.02685549
0.00432588
-0.08630921
0.05010216
-0.09377799
-0.21111911
0.03014844
-0.01464847
-0.00592512
0.02368319
0.03114837
0.09014006
-0.01979733
0.10575622
0.07417042
-0.04124939
0.01395778
-0.17806500
0.07905856
0.11682672
-0.09061017
0.03839514
-0.05175317
-0.12419277
0.02153835
-0.16964933
-0.04719960
-0.06574169
-0.03117185
0.04129385
-0.11043351
-0.03279288
0.08514927
-0.10494898
0.01391477
0.03371783
0.05281292
