0.08810746
-0.03234998
-0.06867992
0.01339985
-0.01080704
0.08528127
-0.05600173
-0.07314732
0.11664755
-0.11907269
0.01444933
0.03675876
-0.03023697
-0.10736755
0.00756067
-0.10630925
0.03687713
0.01217458
-0.02645947
0.18270612
-0.00558821
-0.02725507
-0.00990302
0.02600701
0.07398590
0.05064321
-0.03281877
0.07783791
-0.02043080
-0.01887493
0.01272565
0.08707556
0.10276824
0.16947826
0.03731688
0.05678363
-0.03526619
0.08355786
0.04918369
-0.05931586
0.07443094
-0.00763262
0.17504006
0.08587913
0.08591522
0.09113601
-0.17825671
0.08019552
0.02773812
-0.04230254
-0.03950719
-0.02345850
-0.00895478
0.07757932
-0.02976639
-0.00815691
0.09500827
-0.05332924
-0.06129169
0.03659596
0.02629047
-0.15726013
-0.04675840
0.03243861
-0.00289867
0.07587111
-0.07664750
0.01424390
0.01174877
-0.02655592
0.08750712
-0.08056774
-0.01813047
0.05975067
-0.02719163
0.03186642
-0.02004615
-0.13183203
0.05793989
0.09169510
0.04442341
0.07117497
0.09539864
-0.11615663
-0.04574702
0.02873343
-0.07921253
-0.07423404
-0.24506555
0.06894232
0.06479612
-0.06486578
-0.13480668
-0.06164625
0.05767131
-0.00252613
0.00259137
-0.10841049
-0.09520359
-0.05100554
0.06447380
0.05002346
0.07074460
-0.04204296
-0.00596436
0.01356625
0.10695102
0.11680652
-0.04931293
0.04756518
-0.02469942
0.10956878
0.01419248
-0.09341904
0.03630357
0.06917984
0.01117202
-0.06997349
0.03781161
-0.20342640
-0.01804372
0.00632881
0.11492718
-0.00286311
-0.09408801
-0.07343049
-0.06750641
0.07377886
-0.03579664
-0.05832161
-0.01962132
0.08159823
-0.08381061
0.07594341
0.09559979
0.00173169
-0.09247996
0.01846544
0.01736230
0.00776938
0.18735182
0.03475084
-0.01213338
0.14205013
-0.03037796
0.08007209
0.01855270
0.03168837
-0.07146226
-0.08020128
-0.05743266
-0.04740510
-0.09421445
-0.10189052
-0.05948932
0.05350001
-0.07551222
-0.15003318
-0.00344940
0.02235570
0.10175184
-0.00668614
0.07342686
-0.09139461
0.01212275
0.13210991
-0.06398592
0.10556691
0.04310700
0.13076581
-0.01566076
0.03586136
-0.03604103
