-0.11378218
0.09114243
-0.01897954
0.10160639
0.00786291
0.12587501
0.05592890
-0.01235052
-0.04225071
-0.04232661
-0.02441014
0.01206062
0.04275293
-0.02310964
-0.09725636
-0.02724895
-0.07559894
-0.08210157
0.01462593
0.14344766
0.11674927
-0.00644836
-0.01698793
-0.02716547
-0.06830557
-0.14630276
-0.06781998
0.14997652
-0.09137521
0.06778074
0.01781242
0.13878791
-0.06613282
0.12192321
-0.02585887
-0.04335020
0.05777903
-0.04853735
-0.10307397
0.02901080
0.07534462
0.01721621
0.10435506
-0.00003436
0.15693918
0.01809559
0.07027722
0.15712711
-0.03079799
0.02715811
0.00615163
0.00426738
-0.01543128
-0.15174672
-0.19092105
0.04658889
0.02745542
-0.02087063
-0.13041241
0.04998547
0.07373571
0.01224703
0.06737927
0.01459425
-0.04661214
-0.11089725
0.03946793
0.06229348
-0.00562191
0.06701711
0.03159036
0.04149817
-0.02674733
0.08288317
0.05531008
-0.06122102
0.00124990
-0.03767778
-0.04928973
0.03345352
-0.11714029
0.14636111
-0.01729547
-0.06889564
-0.05970546
0.10004753
-0.10880654
-0.07536067
0.01589034
0.11121272
0.05695089
-0.15673852
0.04663767
0.07661951
-0.05715106
0.08746008
-0.03312184
0.04927966
0.00582361
0.11176864
-0.02713869
-0.08940941
0.06365692
0.02941037
0.01051021
-0.03851987
0.03884194
0.19518375
0.01821370
-0.06508428
-0.02144751
-0.10757925
-0.11385373
-0.10144275
0.02577316
-0.04117392
-0.00983090
0.14679966
-0.02118369
-0.14771872
0.22472982
-0.10264429
-0.02613881
0.06594221
0.05284041
-0.02423693
-0.04237524
0.09329813
-0.11582113
0.03530515
0.05479132
-0.03315801
0.00384890
-0.01023425
0.01332363
0.04095691
0.02196700
-0.03881469
-0.02281566
-0.02777974
0.01801872
-0.06361196
-0.03563372
0.07963253
-0.01864502
-0.04134069
-0.06523562
-0.15577920
0.01779987
0.00571859
0.02077085
0.13944688
0.00663727
-0.00833881
-0.02607525
0.06905263
-0.07739889
-0.00710944
0.02761550
0.02710475
-0.00035003
0.13258406
0.07851119
-0.09881174
-0.15365356
0.02490672
-0.06541362
-0.02426499
-0.04164595
-0.06003861
-0.04837821
-0.02696571
-0.09065829
