0.09819818
-0.00828718
0.07699636
0.09758049
-0.12156970
0.03847947
0.00460222
-0.18904406
0.00757581
0.05049658
0.03765993
0.04167555
-0.01828921
0.06669888
0.05001006
0.06221811
-0.12633253
-0.07024442
-0.05723351
0.05221881
-0.03738617
0.04378881
0.02349174
-0.04471012
-0.03046632
-0.04286775
0.05081092
0.01313571
0.12320111
-0.18102518
0.01930441
0.02621559
-0.01617545
0.05653616
0.01650744
0.07494901
-0.07541306
0.00898193
-0.18387497
0.12528051
0.12289309
0.03551959
0.03544604
-0.08412260
0.02931089
0.00444148
0.07212173
0.03162645
0.02880200
0.14190508
0.04079034
-0.03335478
0.07739476
-0.11486799
0.06885942
-0.03354629
-0.02776541
-0.04570915
0.13623068
0.06516764
0.14446652
-0.00031154
-0.13312118
-0.04830667
0.01197082
-0.01590151
-0.04150107
0.13816118
-0.11384664
-0.02348563
0.08975353
0.04066014
-0.01943093
-0.26941923
0.02825118
0.05362923
-0.04097340
-0.02023682
0.00443005
0.07062895
-0.09382010
0.01230542
-0.01249133
0.02111477
-0.01839916
0.09229623
-0.17006065
-0.08813560
0.00074273
0.03216697
0.02694560
0.01569945
-0.05436770
0.15351106
-0.01522037
-0.04346499
-0.00723723
0.18967038
0.01393331
0.02439188
0.07838810
-0.06465338
0.09804795
0.06861155
-0.03846728
-0.09238662
-0.10770109
0.01861398
0.09087602
-0.05247050
0.09071058
0.07940701
-0.07538222
-0.10626384
0.06605719
0.03008188
-0.07155481
0.07366535
0.03313609
0.09838290
-0.06950289
-0.04957923
0.11943803
0.04074580
-0.07186211
0.11995075
-0.04058529
0.12200644
0.05955098
-0.16443923
0.01207556
0.01848510
0.01285587
0.07099669
0.03463769
0.11903014
0.04291360
0.01094983
-0.01845320
0.00443855
0.03144788
-0.16183305
-0.01089394
0.02119509
-0.00862708
-0.05906674
-0.10625630
-0.04247674
-0.03146865
-0.08114237
-0.02061697
-0.00686878
0.04350505
-0.04098674
-0.12871644
0.11730738
0.04879057
0.02170154
0.03602879
0.01553497
0.11358171
0.04766749
0.02739487
0.06048926
-0.04446317
0.08252644
-0.00692266
-0.01130507
0.03511356
0.02866448
0.04285044
-0.03649304
0.05093269
