-0.01064047
-0.10797645
-0.04439984
0.14991979
0.02356135
0.09921205
-0.11814063
-0.07499858
0.08206522
-0.09238551
-0.03534084
-0.06724549
0.02477788
-0.05426577
-0.08870106
-0.04375755
0.03073463
-0.04315790
-0.01127431
0.00699737
0.05541316
0.03305487
-0.02330626
0.16674478
-0.00868721
-0.09638317
0.01446221
0.01745048
-0.00299094
-0.00830501
-0.10684732
0.03076626
-0.06745810
-0.03492525
-0.06377706
0.03623341
-0.05582208
-0.03241048
-0.02323862
-0.09082109
-0.11533106
0.08081956
0.13805810
-0.09787508
-0.05676189
0.11884134
-0.16581485
0.03177163
0.03509322
-0.16017110
-0.04224550
-0.03825058
0.05009466
-0.00010643
0.03351402
0.23473031
-0.09100867
0.05939732
0.04994741
-0.07940336
0.04936138
-0.05888682
-0.01145523
-0.01521225
-0.09054418
0.03886808
0.03736036
0.05455844
0.01597159
-0.06716013
-0.00331334
0.05540634
-0.02332827
-0.14556846
0.08335822
-0.02180202
0.06125846
0.13057608
0.04729414
-0.05622677
-0.02848680
0.04168627
-0.02753022
-0.04277764
0.11115119
0.09700833
0.00524996
0.00448425
-0.04743641
0.04229689
-0.01078637
0.12686451
-0.02669309
0.05410846
-0.12244996
0.11640642
0.01600844
0.04901339
0.01423230
-0.18253938
0.05791495
0.13666677
0.02474025
0.13558471
-0.03251518
-0.01422425
0.00742112
-0.03433558
0.12355648
0.04702213
0.12872745
-0.14848208
0.05901400
0.02803628
-0.09464247
-0.12738973
0.03068886
-0.03268085
-0.09538773
0.06444000
0.00741811
0.03736407
-0.08962158
-0.07109452
-0.10641852
-0.01159940
0.04872219
0.08030701
0.00456559
-0.10580338
-0.04406439
0.09843451
-0.03574134
0.08672961
0.09194793
0.05537880
0.06981173
0.08411134
0.06656638
0.04357902
-0.02381112
0.00669533
-0.00680683
-0.05127698
-0.02670260
0.01273784
-0.05929463
0.09578030
-0.03924896
0.05177602
-0.09356605
-0.06314469
-0.02845234
0.11177671
0.18962599
-0.09806859
-0.09416127
0.02733083
0.06096974
0.09555065
0.00480822
-0.01512582
-0.14180568
0.02970533
-0.06004798
0.04547384
0.15000219
-0.00736054
0.01296858
-0.02615016
0.07815696
0.03400734
-0.03523295
