0.03700117
-0.04019728
-0.07938952
-0.06251388
0.14727840
0.12762876
0.03273119
-0.00117129
0.01855641
-0.07106293
0.04420784
0.04146064
-0.05572233
0.04145822
0.09751141
-0.07324649
0.04885066
-0.08939944
-0.11613422
-0.01881368
-0.00816339
0.13932913
0.01991635
-0.06406785
-0.14183540
0.01961771
-0.08948285
0.03821992
0.03750114
-0.03277680
-0.04345581
0.04566544
0.07968476
-0.10673577
0.07196825
-0.01154251
0.03298910
-0.05583527
0.01210201
0.07765489
-0.06268500
-0.04972818
0.06075648
0.08602607
-0.08242154
0.00457078
0.00999720
-0.04800353
-0.05288840
0.14719385
0.00987680
0.02077538
-0.05583417
0.15151497
0.13901161
-0.06424228
0.11689403
-0.01257181
-0.11049619
0.07071262
0.07239634
0.00169949
0.00580738
-0.10574493
-0.00627156
0.02730797
-0.03024388
0.00542750
0.03333397
-0.07637525
0.17295013
-0.10024486
0.04609962
-0.01913692
-0.06260357
-0.00571689
0.18551894
0.01142944
0.05020010
0.00574985
0.07682062
-0.01788170
0.00496683
0.05902181
0.08138135
0.01177571
0.01684831
0.05215065
0.00434345
0.00863918
-0.05679317
-0.03646307
0.06829561
-0.00852373
0.02150842
-0.00661521
-0.13502189
0.01199407
0.10674502
-0.04748981
-0.04884285
-0.07323891
0.08176405
0.09966275
0.06241350
0.00954259
0.02747345
-0.03833481
0.05487416
0.09184477
0.02812604
0.01278370
0.05883156
0.01751608
0.07403481
0.05041307
0.05051886
-0.24838486
-0.00519803
-0.02402229
-0.06402663
0.06629059
-0.01619989
0.04988341
0.05476586
0.08152513
0.07921649
0.00285382
-0.09334042
0.11289210
-0.02713081
0.01543220
-0.00870442
0.14946495
-0.00971932
0.00196152
-0.02713872
-0.05757422
-0.08888122
-0.02206986
-0.16414366
-0.09134100
-0.12697495
-0.06977714
0.04133438
0.04500108
-0.05241072
-0.07555376
-0.07087156
0.07353616
0.04717520
0.00857580
0.00267295
-0.21544243
0.18881474
-0.10209932
-0.02508483
-0.01807040
0.01353960
0.02048915
-0.00816780
0.03202836
-0.08424796
-0.03730286
-0.16149375
0.14865813
0.19663057
-0.00764850
0.00967937
-0.03615510
-0.04230755
-0.03124326
0.13612862
