0.04979593
0.01517338
-0.01221263
0.03432838
0.03594251
0.00962946
-0.05334953
0.02709874
0.04817982
-0.05765934
0.06336017
-0.00958754
0.17092099
-0.08510654
-0.06938670
-0.01634286
-0.00882367
-0.01725068
-0.21581043
-0.09929705
-0.10142822
-0.01524411
-0.03263989
-0.03494455
-0.11003518
0.00878239
-0.10058161
-0.03655065
-0.04861032
-0.10729106
0.07845786
0.00645163
0.00011709
0.09348363
0.05474509
-0.04905515
0.00830440
-0.02010990
0.05459312
-0.04929931
0.07731629
0.07787617
-0.12956144
0.09279125
-0.05942701
-0.03271869
-0.08839635
-0.04943184
-0.01540688
0.02804090
-0.05787615
-0.08114428
0.01390858
0.00169400
-0.08382862
-0.01785816
0.24494480
-0.02648050
-0.01874854
-0.06123471
0.00107087
0.12755158
-0.01748711
-0.09131820
0.09142370
0.02731382
0.00729429
-0.05246229
0.01772585
0.09895962
-0.00300262
0.04168824
0.00198138
0.13368262
0.07919330
0.05648796
-0.02194046
0.06428036
-0.00366255
0.10308056
-0.07723052
0.01647749
-0.03669644
-0.04977440
0.01554716
-0.06688708
-0.15993942
-0.03404911
0.08152664
-0.00440535
-0.04237746
0.04435862
0.11232675
-0.02597788
-0.02133095
0.06326061
0.07255999
-0.05412798
-0.04852259
0.03028341
0.05281363
0.12291564
-0.10910735
-0.02265868
-0.03736751
-0.08950083
-0.00775542
-0.08627601
0.05547534
-0.06921542
0.08866909
-0.07995742
0.15237089
-0.07742335
-0.05129869
0.05072580
0.11753101
-0.04487242
-0.07715635
0.09879829
-0.05090276
0.03584666
-0.07213433
-0.09353339
-0.01178597
0.13738663
-0.03473770
0.04517957
0.04239348
0.09867969
0.21486352
0.01753801
0.03475606
-0.08458351
-0.01945571
0.07304250
0.06918476
-0.12712223
0.05383337
-0.06963626
0.01682116
0.13608938
-0.04185797
-0.14739783
0.12851448
-0.03675601
-0.07947011
0.01652790
-0.06956254
0.14895081
0.07891552
0.01212192
-0.06002997
0.14008369
0.07812454
0.14583928
0.00689132
-0.07124222
0.00482990
-0.01017654
-0.09071685
0.09701676
-0.06228924
0.06619614
-0.16566272
-0.01290641
-0.04507674
-0.03341987
-0.06735565
-0.02403741
-0.05575381
0.00430743
0.03548610
