-0.03179929
-0.11385506
-0.05088670
0.02805483
-0.00151074
0.02866283
-0.00876889
0.01453895
-0.06025354
0.05818750
0.14981163
0.01184684
0.13151779
-0.19073607
0.08196858
-0.05701773
0.10902392
0.05760790
-0.09899437
0.10346228
0.10874119
-0.12135285
-0.05444703
-0.03512308
-0.09835774
0.00971497
0.00460533
0.14635190
0.03810788
-0.01289852
0.04562380
0.14752157
-0.09940085
-0.11432368
-0.09532711
-0.05778493
0.07410450
-0.01827568
0.03875754
0.02028601
-0.01889193
-0.02720472
0.02419157
-0.06780686
0.06435961
0.00702091
0.03897923
-0.03054537
-0.05941841
0.01435937
0.06705083
0.00196358
-0.08768999
-0.13206581
0.08095598
0.01527788
-0.11871941
0.01217335
-0.06208752
0.02157507
-0.07770203
-0.03556207
0.03838170
0.06220547
-0.05310511
0.07728484
-0.10849633
0.01469998
0.19161731
-0.01109526
0.06480431
0.12734341
-0.07428964
0.08376235
0.03984193
-0.01003410
0.10935933
0.03493963
-0.03604281
0.21440183
-0.06656352
-0.06518477
-0.19244563
-0.07212839
-0.05419349
0.06136767
0.02199887
-0.00464988
-0.00634293
-0.03329712
-0.03001888
-0.03974393
-0.00238364
-0.02235180
-0.06920640
0.10275490
0.04006769
0.02766019
0.03174551
-0.04135333
-0.01270118
0.02901420
-0.08409197
0.21326731
0.04143571
0.00972764
-0.02030040
0.02114167
0.04050082
0.00170740
0.09048667
0.03980002
-0.04969896
0.03021352
0.09434760
-0.05830260
0.04264612
0.02901438
-0.21959408
-0.05131493
-0.04510140
-0.01167137
0.03091610
0.01950871
0.10159887
-0.00498563
-0.07207240
-0.09679743
0.11845622
0.05411055
0.04309591
-0.11603405
0.05182589
-0.08341120
0.04945227
-0.12404494
-0.01877071
0.01543577
0.02267033
-0.00969512
0.06279363
-0.03011625
0.06282303
-0.13029091
-0.07538425
-0.01740686
0.07745740
0.02849078
-0.03403434
0.08353931
0.05096735
-0.08016265
-0.02318243
0.03724423
0.14352661
0.01232115
-0.08090656
-0.03368752
-0.05058909
0.07062631
-0.06776565
-0.04127065
0.07386099
0.04096749
-0.00326981
-0.10431207
-0.04262015
0.11478202
0.10698697
0.13197669
-0.03219806
-0.05912064
0.09896455
