-0.03840078
0.00735185
0.00489554
-0.07810590
0.01513723
-0.15603231
-0.02235481
0.15628523
-0.04711130
0.01689620
0.04535450
-0.10398835
0.01165978
-0.08502549
0.13173264
-0.05976833
0.05576987
-0.03124045
0.04868101
-0.02675596
0.05509685
-0.08553100
0.11165526
0.06400013
0.08657194
0.00618940
0.21093005
-0.00025724
0.12154988
-0.10030033
-0.08805536
0.09028597
0.06572648
0.03711328
-0.03140232
0.09025345
0.01184392
0.04217618
0.01269842
0.11213551
0.12376082
-0.04613352
0.04782625
0.05764029
0.04803369
-0.00362024
0.00817269
-0.13846137
-0.06932165
0.10784204
-0.02162752
-0.06781383
0.00376864
-0.02351878
0.04405585
0.19800037
-0.04114942
-0.04511962
-0.01712752
-0.01375531
0.02173888
-0.05890654
-0.06139355
-0.08442093
0.06990162
0.07594064
-0.08678072
0.08034971
-0.01474215
-0.14728084
-0.04555158
0.03831705
0.02496175
-0.04529691
0.06979191
-0.07910689
0.11432485
0.04256336
0.10762745
-0.10109917
0.03003727
-0.00801378
0.00533462
-0.16513047
-0.02556161
0.04846117
-0.10445308
0.01388143
0.03804884
-0.09558410
-0.00632534
0.05126717
-0.09008114
0.00216836
-0.07429643
-0.02940934
-0.11026823
-0.07187049
-0.05776039
-0.06550030
0.00950998
-0.08359617
0.03097386
-0.01851562
0.07740172
0.00242531
-0.14524157
0.04279197
0.12850757
-0.06854767
-0.09909501
-0.04581649
-0.03441570
0.15456533
-0.00676675
0.06897706
0.02619619
0.01696923
-0.04271117
0.06748503
-0.03639322
0.04347139
0.06665917
0.05527950
0.02758188
0.02629048
-0.09236973
-0.09757608
0.09129555
-0.05918147
0.08927110
0.06919876
0.05647444
0.00474323
-0.04168542
0.06082225
0.05131180
0.07638703
-0.06128450
0.02517292
-0.08590357
-0.00087737
-0.06237512
-0.14519334
0.00717963
0.05522301
0.00424324
-0.00852259
0.12446935
0.09580900
-0.09621553
0.11262286
-0.02168703
0.01643181
0.10660941
-0.14211417
0.09436936
0.07558066
0.02295384
-0.03028281
-0.12736274
0.18902792
-0.08328172
-0.09290782
-0.00139749
-0.06617515
0.01402565
-0.04606212
0.01312602
0.07421086
-0.13087551
0.06725529
-0.06519081
