0.01733655
0.04294506
-0.00663889
0.02348399
-0.02669961
-0.07568678
-0.01286449
0.04362270
-0.08493905
0.14536197
0.13778631
-0.09355369
-0.08861959
0.12441674
-0.10465603
0.04459601
-0.00597148
-0.03085321
-0.03247264
0.02458698
0.16994068
-0.12012649
0.00417038
0.09968221
-0.03365245
0.12028080
0.07796229
-0.01325441
-0.07674287
-0.06205768
0.10979519
-0.03957881
0.06322407
-0.03180362
0.06386292
0.05160883
0.04090643
-0.00569285
0.01787869
-0.07379959
-0.15441630
-0.10731122
0.04473264
0.12132825
0.06925873
-0.01607833
0.06140457
0.09843030
0.01087940
0.02445353
0.05277956
-0.01720225
-0.06004659
-0.02799547
-0.03093546
0.00306613
0.08377925
-0.09437506
0.03600509
0.10175424
-0.09270410
0.07255381
-0.02007269
-0.01278114
0.03650031
0.20267204
0.08945986
-0.08830342
0.01593184
-0.03210508
0.07874577
0.05080546
0.04506280
-0.06638476
-0.04356090
-0.00628204
0.09828198
0.01716152
0.04358788
-0.01834105
-0.06362632
0.17235189
-0.01643183
0.04478864
0.13517131
-0.16164253
-0.12862291
-0.04049066
-0.06016619
-0.02350804
-0.07051609
0.04442538
-0.03114046
0.15060086
-0.09489855
0.03912125
0.02730735
0.13374927
-0.00279988
0.03311662
-0.06842457
0.03055746
0.17728537
-0.08083698
-0.07789565
0.02106102
-0.00522945
0.05362467
0.05265598
0.07606426
0.01274631
-0.04917623
-0.01480632
-0.16610195
-0.01346761
0.04713803
0.00354887
-0.09459436
0.05990205
-0.03417410
-0.03631850
0.04465201
-0.03213694
0.05343704
-0.10518946
0.05298950
-0.04079470
0.08169708
0.17303058
-0.07885771
0.03681424
0.08756648
-0.09415382
0.01026054
0.11752179
-0.05162267
-0.01474432
-0.02461556
-0.09131607
0.02571527
0.16350356
-0.03857494
0.06953891
-0.04145855
0.08035433
-0.04336295
0.10027051
0.00677533
0.00891300
0.04307283
0.08807732
-0.07700067
-0.06335330
-0.02432816
-0.11676859
0.06117160
-0.04681123
-0.03384212
0.20497233
0.00446705
-0.01342660
-0.06927562
0.08350957
-0.05442514
-0.02648527
-0.06268984
-0.08439266
0.06616938
0.10476713
-0.03653165
0.02812233
0.05652374
0.01842465
