-0.15866679
0.09754096
-0.05277225
-0.05189269
-0.02324537
-0.03579477
-0.03833742
0.00167530
0.12780645
-0.00406024
-0.10715324
-0.04038348
0.06909335
-0.05056194
0.07561112
0.01101834
0.02250451
0.19260597
-0.06452929
0.02911607
-0.07054788
-0.14889244
-0.03978005
0.08772152
0.03221123
0.01484787
0.08967928
0.01542971
-0.17836833
-0.01047305
0.21293941
0.11807509
0.02160721
-0.00396639
-0.17689936
-0.01336468
-0.13028547
0.03547678
0.02648764
0.15726578
-0.09785956
-0.05368263
-0.08382467
0.02877504
-0.01651501
0.07111282
-0.05013481
-0.07659679
0.14706316
0.07258301
-0.01683021
0.00134696
0.00659576
-0.03595705
0.02808842
0.07412590
-0.00164780
0.00605978
-0.13491509
-0.01660856
-0.02708637
-0.01861636
0.06878264
-0.03963671
-0.06324272
0.01113843
0.07863192
0.07488004
0.01875045
0.08071687
-0.15240493
0.04817319
-0.08318464
-0.08007632
-0.10356705
0.05445483
-0.07547160
-0.01983519
-0.02057122
-0.10852630
-0.04521504
0.09672309
-0.03948596
0.06069652
0.06556265
-0.02609810
0.09949564
-0.00656683
0.05409456
-0.06548306
-0.02490165
0.06937337
-0.13084815
0.03629357
0.02570335
-0.03932756
0.04299804
0.02481224
0.00233652
-0.00724814
0.05121353
0.01651205
-0.01295039
-0.02968117
-0.01006900
0.18663187
-0.10904213
0.06037511
0.02163198
0.16431814
0.14952529
-0.11386957
0.00527554
0.03488857
-0.04489873
-0.00030058
-0.00007743
-0.09275398
-0.04690733
-0.06047641
0.00385224
-0.04418677
-0.03763582
0.00666085
-0.07945956
0.03818220
-0.06240991
-0.03076396
-0.07918681
-0.01062428
0.01368061
0.07287869
0.11520603
0.09170620
-0.02538226
-0.07362844
0.07584234
-0.04634675
-0.08016447
-0.18561473
-0.03526514
0.02191161
-0.02188280
-0.04087768
0.07506957
-0.02808757
-0.01924971
-0.01225619
0.06000331
0.04326817
-0.06141356
0.03633138
0.17223283
-0.05572321
-0.14112340
0.06767592
0.03835036
0.06948565
0.14341100
0.06801666
0.08294250
-0.01123020
-0.01514369
-0.05077262
-0.10049737
0.08415213
-0.09170125
0.00002513
0.07688665
0.06885501
0.08100124
-0.01310757
-0.02109887
