-0.02707389
0.06998605
0.01102535
-0.15938790
0.05043634
-0.05534996
0.08921118
0.10692679
-0.01029850
-0.12685450
-0.09775038
0.09242805
-0.02225567
0.09027053
-0.05193673
0.00121008
-0.06787585
-0.03630500
-0.06090403
0.06155958
0.00305152
-0.11318702
0.03117170
-0.17121368
-0.09314470
0.00878800
0.07819189
0.00237086
-0.03457324
-0.07186665
0.05326287
-0.02833583
0.03003638
-0.06702842
0.06870837
-0.05494720
0.04977162
0.05251910
-0.00787558
0.08009169
-0.00668053
0.00420356
0.04115144
0.02984668
0.06578489
0.03038212
-0.14160915
0.05080453
0.02722588
0.16853257
-0.00801225
-0.07479721
-0.07599453
0.13586469
0.07021264
-0.02662224
-0.10421350
0.01618801
-0.08674813
0.08703939
0.09901870
-0.06885731
-0.01069344
0.03105788
0.12200448
0.11780924
0.05124123
-0.11097785
0.01333828
0.00709913
0.04854270
0.07476042
0.04396960
-0.04624910
0.13884608
0.04982023
-0.01415074
-0.02689492
-0.04191397
0.05969148
-0.09020286
-0.06431174
-0.06058737
-0.23998552
-0.04163214
-0.07239762
-0.02309197
-0.01819825
0.08744580
-0.00154321
0.01098666
-0.00001478
0.07596116
0.04762176
0.02322241
-0.14371084
0.00060422
-0.04875909
-0.00929484
-0.12388800
-0.03418640
0.10652752
-0.02777399
-0.04630481
0.06964492
-0.01289690
0.06050294
0.04120793
-0.21736967
0.04527080
0.13086005
-0.00609218
0.00800028
0.03045058
-0.01240247
-0.02328567
0.08106570
-0.02936065
0.02584444
-0.00147317
-0.13329544
0.06470631
-0.05462674
0.12974931
-0.00185922
-0.01615534
0.04821919
-0.10245990
-0.10144591
0.15778470
0.14548276
-0.09282046
-0.00876392
-0.09007631
0.00099117
-0.00703395
-0.02606734
-0.00931379
0.00498023
-0.02082042
0.14739897
-0.06842243
-0.09492675
0.15013651
0.08730279
-0.05790181
0.00467433
-0.05080266
-0.07390756
0.03960336
-0.13258379
-0.00669865
0.01120725
0.03253608
-0.08648937
-0.08616650
0.06482776
-0.07124656
0.06605835
0.10675259
-0.04922129
-0.02511810
-0.01022784
0.06430643
0.04212540
-0.05810424
-0.04013858
0.08105014
-0.12332723
-0.05023684
-0.02825334
-0.12576239
0.10539630
