0.09192300
-0.05315711
-0.06280768
0.01886404
0.04847550
0.06051621
-0.01243624
-0.03381248
-0.07664264
-0.11571320
-0.00817441
-0.00784467
-0.09446429
-0.09918957
-0.12115190
0.02466529
-0.00947885
-0.01514519
0.01173526
0.07154115
-0.02702680
0.04296851
0.08110380
0.02994848
0.09139043
0.05662839
0.05556932
-0.09416718
-0.01936637
0.11397549
-0.09240772
0.19937663
-0.19230783
0.05953217
-0.14260181
0.05994652
0.01779477
0.06216246
0.06114861
0.04677555
-0.04153234
-0.00936335
0.07669666
-0.12884959
-0.09478478
0.05478543
-0.05253853
0.04284086
-0.05959968
0.00126691
-0.05859813
-0.02148866
-0.07495389
-0.10795341
-0.02282350
0.08955868
0.00264442
-0.07046806
-0.03060649
0.04998648
0.03226312
-0.13277841
-0.09670748
-0.09188516
0.04467678
-0.01070990
-0.07752208
0.05000432
-0.00850061
0.11539129
0.04486776
-0.15122359
0.00262068
-0.09282162
-0.06098374
-0.08296325
-0.02498103
0.03030008
0.16653939
-0.06457163
0.00009717
-0.12489589
0.03715981
-0.04505562
0.10447380
0.05841840
-0.01058305
0.02042144
0.01311540
-0.02412372
0.06872701
0.06991886
0.03577613
0.12619906
-0.00741105
-0.00895245
0.14341036
0.14731601
-0.18321601
-0.00275115
0.07543544
0.03828211
0.09709239
-0.09192795
0.07471155
0.08044476
-0.13538651
0.04617392
0.04325826
-0.11696251
-0.07454355
0.10362257
-0.01960127
-0.11629797
0.05176950
0.14314846
-0.00776043
0.05989046
-0.00034617
0.09339637
0.08846109
0.02437176
0.04571291
0.00259465
-0.09493698
0.00753179
-0.06926515
-0.05405421
-0.10033663
-0.09507253
-0.07155358
0.03294358
-0.04965143
-0.00477581
0.03408493
-0.05757186
0.18976232
-0.02418219
-0.11790995
0.03139439
-0.02590528
-0.07231731
-0.05900773
0.14364866
-0.06251480
0.00196666
0.08350305
0.12932518
-0.02517398
-0.05717921
0.11774119
0.02101102
-0.00403483
-0.01595348
0.04161264
0.07737405
0.05627373
-0.09163963
-0.02148867
0.07108919
0.08611672
-0.05307145
0.04690438
-0.07205021
0.07786351
0.03367565
-0.04926045
-0.06867851
0.02221467
0.04479652
0.06946831
-0.00721710
0.01277222
