0.06417752
0.08165487
-0.09111844
-0.05041142
0.11583358
-0.12205177
0.08980310
0.07497207
0.15964019
-0.04099144
-0.10027928
-0.07574498
0.03089308
-0.04650042
0.10085212
-0.04426793
0.09966284
-0.01580372
0.05523223
0.07720414
0.02556167
-0.11436114
0.10028863
-0.02138784
-0.02136483
0.12362418
-0.05259368
-0.18750557
0.01346128
0.01940148
0.08304066
0.01217481
0.12389550
0.02689903
-0.01316909
-0.01837115
-0.10558894
-0.04426882
0.09186117
0.01971750
0.03739194
-0.06023771
-0.04070019
0.10030117
0.06213546
0.05348189
-0.03605323
0.07021043
-0.01141963
0.12402588
-0.10943178
0.03934232
-0.07477425
-0.09923155
0.01431504
0.13555656
0.02043447
-0.01596973
-0.09416277
0.04619153
-0.12096887
-0.01849598
-0.02084048
-0.09029113
-0.00441420
-0.02282508
0.10907652
0.04842027
0.15931150
-0.13344630
-0.09112920
0.02046958
-0.00333546
-0.06873828
0.00332250
0.13346306
0.05248153
0.04181329
0.11532958
0.00431998
0.05591365
-0.06282346
0.12154347
0.01424524
-0.00019232
-0.08336995
-0.11942694
0.04697272
0.06594958
0.04132046
0.08241478
-0.08925698
0.04767372
0.11706008
-0.03987885
0.11517509
0.13523602
0.01453797
-0.01254754
-0.01022287
-0.10891148
0.11950031
-0.00834379
-0.03508648
0.07239370
0.07171937
-0.04993422
-0.02663088
-0.00980936
0.03666311
0.09008874
0.10043327
0.07696218
0.05011996
0.03213146
-0.16111226
0.07599353
-0.00296868
-0.03683133
0.05286231
-0.00887288
0.03027654
0.00680385
-0.00254788
0.03239598
0.08059608
0.03409483
0.05372777
-0.11067081
0.07477990
-0.01793531
0.04720079
0.06446644
0.02403395
0.06463916
-0.11109043
0.04596449
-0.02249384
-0.08871817
-0.01026194
-0.05291482
0.02547766
-0.12699347
-0.14769310
0.03379943
0.05331619
0.04437986
0.16495557
0.00276754
-0.01099362
-0.08449809
-0.04779202
0.00899144
-0.04192198
-0.06642396
-0.09278914
-0.12957159
-0.00432720
0.05877121
-0.02191496
0.00352872
0.02405297
0.18610013
-0.00746276
0.00387866
-0.05012378
0.14582735
-0.02901921
-0.03105496
0.09721073
0.02807624
0.01175646
0.14873489
