0.07070397
-0.05246418
-0.03750859
-0.14319456
-0.06673703
-0.03271557
-0.12695571
0.02686008
-0.05567678
0.00982081
0.08918073
0.08290869
-0.05254343
0.02689943
-0.01619888
0.08080669
-0.12949098
-0.04801316
0.11401533
-0.06633002
-0.05015974
-0.04852817
-0.13213119
0.03558570
0.03364279
0.08021618
0.06265513
0.01050033
0.09984863
0.17938557
-0.00709037
-0.04881118
0.03966720
0.00899099
0.04297559
0.01220900
-0.10969617
-0.17436364
-0.01045479
-0.02823798
-0.06761977
-0.03777561
-0.08689268
-0.01689119
0.04321769
-0.11890850
0.07872662
0.12756403
0.05064229
-0.00309379
-0.05729974
-0.03754709
-0.00246428
-0.01033416
0.11326845
0.02475992
-0.02705649
-0.06393677
0.06971696
-0.04587001
-0.05709943
-0.02805254
0.06538863
-0.12826455
-0.00582458
-0.06922677
0.02025535
-0.11054116
-0.02194335
-0.04409376
0.06172267
-0.00421213
-0.06597811
0.06546230
-0.01016267
-0.01794736
0.09987729
0.15212269
0.01899104
-0.03405123
0.03164574
0.09496397
0.05217672
0.07838303
-0.04737529
0.15126220
-0.21020964
-0.01219705
-0.02889987
-0.05581159
0.00580095
-0.00922068
0.02618869
0.04143888
0.10199964
-0.07305103
0.02027873
-0.08437272
0.04218158
-0.07569586
-0.04950737
0.02928882
0.03061554
-0.01583151
0.13894772
0.01104811
0.03502146
-0.03362196
-0.07399118
-0.12889225
0.04165270
0.09939627
0.06671338
0.03755298
0.15552642
-0.07010607
-0.06837418
-0.09646869
0.06397232
-0.07037683
-0.08426042
0.04127922
-0.06042188
-0.05851551
0.07056456
-0.13539040
-0.09075089
-0.00872097
0.06378986
0.07938606
-0.10281004
0.02130177
-0.04187328
-0.01645971
0.06119941
0.06264309
0.02364934
-0.08252828
-0.01894680
-0.07226689
-0.08108113
-0.04205488
0.01160541
0.06613016
0.05394395
-0.05599124
0.03800398
-0.08871879
0.00284096
-0.00036827
-0.07601061
0.01785205
-0.09845645
-0.10365047
0.03186701
0.07772807
0.11011635
0.10134329
-0.06633214
0.10531781
0.20240047
0.03691012
0.06747217
-0.09056393
0.01289992
0.01506304
0.08171527
-0.09353841
0.11912434
0.15307193
-0.06512766
0.16492116
0.06742409
