-0.01274644
-0.01536248
0.12938642
0.00170429
-0.08098361
-0.01018453
-0.02963274
0.04880759
-0.00106101
-0.00254698
0.10150160
0.00631736
-0.01777289
-0.02278043
0.00628096
-0.06447410
-0.08758877
-0.02175857
0.01057721
-0.05923767
-0.11727886
-0.16728138
0.01834670
-0.03941662
0.08681195
-0.05925678
0.00497776
-0.07678225
-0.29388364
-0.04456800
-0.08968026
0.00528578
0.00833533
0.01861109
-0.02882510
-0.04424519
0.06120624
-0.02176153
0.15126395
0.03809855
0.08685914
0.11396063
-0.02580233
0.01979603
-0.01429405
-0.09998453
0.08928961
-0.03951728
-0.04630801
-0.02433285
0.12823227
-0.00525740
0.07724468
-0.06205947
-0.04669318
0.12966105
0.10342123
-0.08479516
0.15739316
0.00908980
-0.13438010
-0.08638185
0.02283972
-0.05725736
0.04432105
-0.07778859
0.05504465
-0.09398355
-0.05492957
-0.05013316
0.05281040
0.09144569
-0.09471685
-0.10386621
-0.15093783
0.00739865
0.00833496
0.09081401
-0.02744851
-0.05385146
-0.00956966
0.06649726
0.04760508
-0.05933795
0.05765445
-0.01879592
0.11012861
0.13339246
0.04645109
0.04080964
-0.06164795
-0.03751648
-0.16156289
0.05127534
0.03127517
-0.01656360
-0.00346676
0.05416016
-0.05020497
-0.09954979
0.09128887
-0.16704438
-0.05228504
-0.02034097
0.02385427
-0.10148145
-0.01260295
0.02228945
0.00635768
-0.02800346
-0.02500174
0.00863178
0.10158014
0.08733678
-0.01058753
0.06384541
0.01339361
-0.01790789
-0.03616576
-0.10831893
-0.00822937
-0.06241126
0.01321212
-0.04273473
-0.00106173
-0.13457170
-0.09560458
0.05189274
-0.02975320
-0.04545787
-0.04199632
0.03115263
0.13423689
0.08252007
0.04318503
-0.05082766
0.08940631
-0.08533548
0.14588473
0.08716779
-0.18697897
0.08618259
-0.07106320
-0.00282607
-0.01534609
0.06554273
-0.03992162
0.10099583
-0.17176922
0.07125165
-0.01900282
-0.06563099
0.10671730
-0.07239451
-0.11806108
-0.07680015
-0.03672262
0.03000273
0.03487405
-0.06058075
-0.06357915
0.02065010
0.07587988
-0.08883730
0.01823662
-0.02048000
-0.02630203
-0.15031174
-0.04720702
-0.02056646
-0.05652415
0.02160865
0.08923227
