-0.01337135
0.03369592
0.01508809
0.01300841
-0.03398153
-0.01711116
-0.01866576
-0.02379984
-0.10845075
-0.00578765
-0.11126376
0.11120860
-0.01736492
-0.10006431
0.03437918
0.05870817
0.03254447
-0.02000462
0.13081289
-0.04285223
0.01774135
-0.04566621
-0.02574484
0.00684599
0.02373345
0.02798601
0.03668939
0.08346321
-0.02319313
-0.01403059
-0.01481709
0.14748090
-0.04391664
-0.04879201
0.07929385
0.04189264
0.17474717
0.08951000
-0.05454519
-0.02057531
-0.09091924
0.02386414
-0.02725178
-0.12654327
0.01837548
-0.02068579
-0.01385829
-0.03899586
-0.03135562
0.14820853
-0.09303203
0.06344431
0.04299377
-0.06498926
0.00380970
0.07512084
-0.06014912
0.07285919
0.05945228
0.05808413
-0.02065602
0.02208757
0.07638407
0.05001153
-0.08971015
0.18599462
-0.12291303
-0.05085369
-0.09574000
-0.06277107
0.05025169
-0.07181510
-0.02473857
-0.05181585
-0.07147319
0.15310078
0.07437481
0.05083225
0.06830023
-0.03759556
0.13301556
-0.01693456
0.09512319
0.11260884
0.01096775
0.11066645
-0.09452443
0.09278150
-0.10485537
0.19567667
-0.02714398
0.10237359
-0.05052419
-0.15159255
0.02077389
-0.04197273
-0.00620447
-0.02648785
0.09607370
0.04458150
-0.01641049
0.03512722
-0.16455631
-0.08964613
-0.02219064
-0.11446004
0.06496754
-0.07765309
-0.00265150
0.07161920
-0.01088168
0.05638528
-0.03809643
-0.13324393
0.05979483
-0.05505188
-0.01135299
0.02096741
-0.15567823
0.08854083
0.12241120
0.14881366
0.10911428
0.00389401
0.05446614
0.05589344
0.03874518
0.01908718
0.03741575
0.07112712
-0.07218338
0.03605820
0.06106342
-0.12325715
0.05478070
-0.09312247
0.08946491
0.15771727
0.01878991
0.05661697
0.03791935
0.01451838
0.04702813
-0.02281503
0.02720348
0.00559627
0.03178609
-0.02248774
-0.12543458
0.06475630
-0.11284774
0.13155118
0.08390284
-0.03102874
0.05854769
0.14827583
-0.00566928
-0.08594631
-0.04834008
-0.05628303
-0.09151980
-0.06648964
0.06315900
-0.13668563
0.12851897
0.05983399
-0.04753772
0.06325259
-0.08194239
0.00148624
0.01992350
0.01912655
0.01174056
