-0.02069119
0.01047968
-0.02602876
0.09762676
0.03503390
-0.03758304
0.07999915
-0.13708680
0.02564145
0.00486505
0.00305892
-0.00399393
-0.07361761
-0.01901004
-0.04159097
0.04522988
0.01091111
-0.03381987
0.04687732
0.12199130
-0.08460066
-0.15720424
0.02718542
-0.02464021
0.02818511
-0.00590471
-0.00111716
-0.13035758
0.07419583
0.05620888
-0.00798574
-0.06002707
-0.07557467
-0.08100421
-0.10245475
-0.05481343
-0.00195846
0.03422438
-0.09981841
0.05681964
-0.09426757
-0.04428822
0.06011651
0.04526369
0.10229836
-0.02326458
-0.07533978
-0.04990896
0.04217763
0.00052586
0.11528345
0.00029464
-0.13019508
-0.09844646
-0.02902416
-0.12415267
0.11734624
-0.06163136
0.08715431
-0.00927454
-0.03598454
0.03660570
0.00143356
-0.00384426
-0.10192650
0.10749622
-0.02201902
-0.10919812
-0.01272726
0.13947950
0.04830773
-0.06369146
0.01129634
-0.10564549
-0.06157639
-0.00007735
-0.08016354
-0.21349426
0.15878385
0.13932418
-0.09845894
0.03083285
-0.04056008
0.02807658
-0.07232247
-0.08948062
0.02974257
0.06609068
0.05912659
0.08206491
0.04527899
-0.11868790
-0.01726915
0.04903731
-0.15887560
-0.07798389
0.13928777
0.03643803
0.05650542
0.05010738
0.09786599
0.02003649
0.02749721
-0.07248327
-0.10881312
0.03102741
0.09539799
0.07637309
0.11989797
-0.04021070
0.13112057
-0.13796358
-0.00802441
-0.02215773
-0.02010240
-0.01607710
0.06710874
0.10995175
-0.08900221
-0.01175454
0.06397749
0.08044653
-0.06733723
-0.08860210
0.04298396
0.10483078
-0.08149288
-0.06980704
0.10393544
-0.02110939
0.07837016
-0.07865804
-0.07654531
-0.13819207
0.04836944
0.06155819
0.05750054
0.00938282
-0.06511648
-0.02923900
0.07192332
-0.00349284
-0.04027586
0.03275141
-0.04793837
-0.08258271
0.10368007
-0.06116497
0.08054233
0.01725783
0.00199576
-0.01988869
-0.02664795
-0.02506455
0.07422624
-0.03270017
-0.00848603
-0.09425327
0.12612075
-0.11135774
-0.08109272
-0.04295236
-0.04388703
0.07188024
-0.06217642
-0.10103054
0.00069868
-0.12187307
0.11360883
0.00154009
0.20641692
-0.01045545
0.03310915
