-0.08756580
-0.04978301
-0.06961453
-0.20337175
-0.05083041
-0.03563224
-0.05425808
0.05902910
0.06919871
-0.09575357
0.04135617
-0.01889334
0.03033847
-0.01201037
0.01414338
0.17842551
-0.00002868
-0.00018337
-0.03786617
0.11686242
-0.14466073
-0.03053701
-0.01683276
-0.01507005
-0.04111852
-0.06305435
0.04281548
0.03051505
0.00281405
0.09249380
0.00185188
0.01680175
0.01016519
-0.10782364
0.01732800
-0.01406944
0.04762021
-0.01218118
0.00064392
0.12265311
-0.06931423
0.03888822
0.13694575
0.22593570
-0.06015062
0.03653917
0.07346675
-0.01203430
0.14335513
-0.06448212
0.10434542
0.03222678
0.03522630
-0.02548538
0.02650039
0.04368644
-0.03335774
-0.06352097
-0.10269427
-0.00565649
0.01086233
0.01808479
-0.06791016
-0.14410484
-0.00367838
-0.15487640
-0.03671298
0.04491097
0.09161745
-0.04495101
-0.21350518
0.02481685
0.10697909
0.09336222
-0.01895544
0.02472306
0.02106286
0.08704920
-0.08029611
0.07401163
0.09867216
-0.03048097
-0.00405805
-0.13353292
-0.06316162
-0.02537310
-0.09676864
-0.05416210
0.04776557
-0.00856216
0.12913526
0.10749665
-0.00060453
0.11464603
0.08479310
-0.01088907
-0.12259055
0.02726042
0.01224651
-0.01133202
0.03062075
-0.04690278
0.07244987
-0.01021773
0.02544281
0.01492916
0.04772294
0.06933613
-0.07694755
0.13291341
0.04314004
-0.19599577
-0.06569073
0.00479075
0.02891795
0.09443537
-0.10090236
-0.03710341
-0.02034769
0.05430597
0.05076775
0.08168318
0.03728124
0.02690196
-0.00871449
-0.00839930
-0.02041372
-0.05458183
-0.00981650
0.04799241
-0.01652641
0.05815927
0.10340760
0.00678946
-0.02187655
-0.08536776
-0.07439157
0.02858897
-0.07177554
-0.00326508
0.05967789
0.04367598
-0.01091591
0.07913710
-0.08351179
-0.00339326
-0.19480062
-0.06174550
0.00998450
-0.03975543
-0.02610844
-0.03862826
-0.02376108
-0.04901581
-0.01294692
0.07058724
0.12108096
0.11218207
-0.04305205
0.03793886
0.02451531
-0.07352064
0.17345400
0.03295791
-0.00916485
0.17764037
-0.02131766
-0.13812444
0.08498606
0.06426943
0.08875584
-0.04876323
0.13984374
