0.00589687
0.01025894
0.05418009
-0.00392277
0.02982105
0.01010737
-0.03559552
0.09240141
0.06265979
0.04024533
-0.08877847
0.02025236
-0.00593131
0.04691989
0.02554763
-0.04675299
-0.05501049
0.05204508
-0.06982132
0.00955982
0.00708258
0.13224233
0.02883568
0.03542556
-0.05556597
-0.07908817
-0.09931013
0.09960518
-0.03650531
-0.03333375
-0.14392778
0.05601320
0.02673094
-0.03575450
-0.06597174
-0.02683490
0.08450123
-0.04038826
0.01104868
0.06743804
0.01966657
-0.15354555
-0.00495250
-0.00040230
0.03551020
0.04537455
0.01592995
0.09853321
0.18062218
-0.03229723
-0.01085963
0.03423125
-0.00069277
-0.15692999
0.10486906
0.11464314
0.03703742
0.03310274
0.01670863
0.02585513
-0.11509781
-0.06401181
-0.02607322
0.08524220
-0.07439065
0.02152940
0.02922463
0.06006866
-0.01849040
-0.09587331
-0.02199013
-0.01033817
-0.07265709
-0.18492711
0.01525078
-0.05979047
0.03944543
-0.04144318
-0.13165699
0.13800358
0.05992642
-0.14270793
-0.06858223
0.08372070
0.09590611
0.19566447
0.10316579
0.06246960
-0.15865258
0.12762845
0.03372650
0.00204740
0.00124068
0.04423142
-0.10053535
-0.07068093
-0.06202340
0.03055622
0.06216462
-0.01907156
-0.02963772
0.00584241
0.10465609
0.13215028
-0.15419200
-0.02658078
0.03989789
0.08659473
0.11484650
0.03267906
-0.08528641
0.06247435
-0.05919550
0.14873267
-0.02309329
-0.06133534
-0.09090705
0.00055895
-0.09530770
-0.05378486
-0.01038627
-0.01762981
-0.11864971
0.00509959
0.02461863
0.17748617
-0.13985872
0.15742200
0.08452679
0.06601072
0.00622610
-0.03120797
-0.03389214
0.00868875
-0.02796766
0.06678729
0.09962002
-0.06461367
-0.07357121
-0.15405468
-0.07863100
-0.12566948
-0.07354660
-0.05199141
0.08159562
0.10529497
0.05523601
-0.09067670
-0.01995877
-0.00222626
0.01509108
-0.03207472
-0.05269959
-0.08139012
0.02162327
-0.05670894
0.00325596
-0.08904144
0.03811900
-0.07542463
0.00554565
0.12890197
0.04868163
0.07916507
0.00523740
-0.11187301
0.03429767
-0.08388324
-0.04572521
-0.07458172
-0.08170480
-0.01225408
-0.01439994
