0.13106853
0.09772594
0.02129285
0.15987941
-0.07788038
0.03064791
-0.07229939
-0.06594718
0.02791032
-0.01020080
0.05403997
0.12842985
-0.01756282
0.02929171
0.04951726
-0.07760514
0.02743657
0.01873798
-0.02086465
-0.06848097
-0.05034696
-0.02719997
0.05827351
-0.14684395
0.03746001
0.13231653
-0.02729112
0.03387869
0.01821359
-0.10051875
-0.11587232
0.06873274
-0.00106231
-0.08482898
-0.06442941
0.03853125
-0.01630789
-0.01763928
-0.02176948
-0.08382557
0.11505060
0.05373008
-0.01723242
-0.01752132
-0.00668869
0.09460648
-0.03120490
0.12418297
-0.00386663
-0.05845017
0.01614486
-0.00110200
-0.05445517
-0.01304223
-0.00564077
-0.15820470
-0.09273230
0.07469499
0.11304470
-0.11912258
-0.01413569
0.12868232
-0.08136848
-0.02387756
0.01239294
-0.03827780
0.05236053
0.00372575
-0.15940702
-0.03767080
-0.15670977
0.01836307
-0.00772875
-0.07770373
-0.14781422
-0.11734310
0.03810490
-0.02745160
0.02923500
-0.12464260
-0.10823751
-0.05979434
0.13638174
-0.07030197
-0.03841349
-0.02172415
0.01293869
0.10573942
0.08457190
-0.04436442
0.04743903
-0.07825884
0.09625391
-0.03844818
-0.03419680
0.08847443
0.00538203
0.02682989
-0.03349085
-0.13123869
-0.12481669
0.04158165
0.00505795
-0.04725681
0.01546132
0.06339814
0.10455986
-0.04567020
0.20561924
-0.07703544
0.06441443
0.00563974
0.04655950
0.02793112
0.05491922
-0.01059469
0.02337871
0.02479996
-0.00833508
0.01210499
0.06705116
0.07300796
0.05561000
0.01614731
-0.01301341
0.08211800
0.09471077
0.15171887
0.01033463
0.02127676
0.04944628
-0.03570452
-0.05204454
0.03756363
0.06900406
-0.00618209
0.11650337
-0.03800480
0.11405400
0.10097518
0.08373369
0.00900083
0.14641042
0.06813852
0.01962730
0.17647575
-0.18709743
0.09567030
-0.05124234
-0.04863874
0.00003462
-0.18258490
-0.01594771
-0.01959808
0.06424516
0.03747025
0.10330674
0.07605542
-0.06933679
0.02817953
0.10110799
-0.00443044
-0.04051984
-0.03066482
-0.00560863
0.05183473
0.02200035
-0.05826730
-0.13526262
0.03207213
0.08738636
0.09780161
0.02101347
