-0.01373841
-0.17530605
-0.08435596
0.02414034
-0.00036721
0.01389137
0.10633288
0.03136577
0.02202268
0.12172435
0.00543370
-0.01556202
0.11264823
-0.03143575
-0.03521457
0.08048514
0.02547285
0.04113029
-0.02750653
0.15276494
0.07125822
0.08656075
-0.14578894
0.11346640
0.00054856
0.06080538
-0.00258944
0.01509570
0.05130468
-0.02935343
-0.04096978
-0.11646781
0.05434315
0.20162245
-0.08299044
-0.05467195
-0.02080799
-0.09685632
0.02944855
-0.03839956
-0.00384067
-0.07600977
0.05478150
-0.06725244
-0.04654225
-0.09098551
0.04241968
0.13222371
-0.01289399
-0.09462822
0.11289500
-0.02655081
-0.12904644
0.19938126
0.04749644
0.04096032
-0.00151972
0.09746640
0.10878784
-0.11678033
-0.03399396
-0.12226533
0.03750529
-0.21384388
-0.02934185
0.03281925
-0.09251642
-0.08032968
-0.00877166
-0.10033918
0.03708218
0.02682933
0.08526442
-0.00965137
0.01082015
-0.08786044
-0.01960195
0.11964795
-0.02677233
0.06146229
0.03136043
-0.08562841
0.05008419
0.00267197
0.05854536
0.01378862
-0.04453397
0.14564639
0.01401895
0.01705525
-0.07566698
-0.13596792
0.09426138
0.11890682
0.01580858
-0.00064155
-0.07796847
-0.08252526
0.14294022
-0.01533520
-0.01148911
-0.08869623
-0.02157962
-0.02050121
0.09277446
0.06089333
0.00492248
0.02075794
-0.10935108
-0.01080115
-0.07506160
0.17873614
0.13305132
0.01192634
-0.08672257
0.01827422
0.02565204
0.00678527
-0.04497873
-0.06832848
-0.07415624
-0.12454170
-0.01105465
-0.10378866
0.04991854
0.08291373
0.03355993
0.03690824
-0.04802899
0.07350844
0.07610913
-0.05063229
-0.02492958
-0.07656484
-0.06080311
-0.04700577
0.04593488
-0.03232340
0.00735771
0.04018050
0.02152701
0.00514654
-0.20065657
0.05697755
0.06549077
0.14275910
0.04929459
-0.10330057
-0.00757092
-0.08302307
-0.00890294
-0.07428558
-0.07804186
0.07109815
-0.00157504
0.01061856
0.04385656
0.04566481
-0.10894049
0.01631421
0.02803829
-0.06285132
-0.12108845
0.03485326
0.02735166
0.03968887
0.01058986
0.05245769
-0.00339125
-0.02494686
-0.03042256
-0.02137259
0.11214087
