0.09402542
-0.06553171
-0.05608428
-0.12894102
0.00919284
-0.01920712
-0.05038646
-0.02685171
-0.07982885
-0.11986121
-0.04202556
0.00841463
-0.00628052
-0.02299123
-0.10321372
0.14728054
-0.02368042
0.07476959
-0.05128702
-0.04894693
0.15473144
0.04981275
0.09112955
0.02859220
0.14678684
0.03831657
-0.08036453
-0.01424004
0.09391554
0.05446209
0.02832096
-0.10053009
-0.02230022
0.00661514
0.04813689
-0.02304071
0.00435327
-0.00730918
0.03370831
-0.07345379
0.00988759
0.00074901
-0.00161026
0.01882398
0.08816428
0.02976933
-0.01848655
0.09921801
0.06995178
0.03301855
0.00205012
0.10043229
-0.00979136
0.10027988
-0.03387261
-0.15849945
-0.13850575
0.07637150
-0.04424145
0.02299703
0.06407394
-0.08008624
-0.03487876
0.00023728
0.09342316
-0.01288054
-0.01945504
0.06245095
0.04165268
0.12537508
-0.05583587
-0.03017349
0.04025923
-0.03648436
0.00822538
-0.03722059
0.01204458
0.03401030
0.05439341
0.02273745
-0.02896006
0.07808165
0.03137036
0.04754620
-0.14408205
-0.10711821
-0.09609475
0.07589744
0.00766451
0.13194142
0.00797324
-0.01452334
0.08010325
-0.04650388
-0.04936030
-0.05565762
-0.04868699
0.08790316
-0.07602593
-0.06366561
-0.01307830
-0.16718289
-0.07337941
0.08375145
-0.05591295
-0.08531106
-0.03126391
-0.07765496
-0.08847598
-0.09346598
0.08980677
0.04762988
0.04039516
0.13948647
-0.14629542
-0.07497890
0.09975724
-0.19013963
-0.01359497
0.12729269
-0.11743410
-0.03189823
-0.02038276
-0.05443028
0.11819025
-0.01565459
0.09257184
0.04490740
-0.04201069
0.02468510
0.07130027
0.08250774
-0.00717508
-0.04823795
0.01057479
-0.06643013
-0.12491154
0.07360643
0.05432070
0.03220268
0.05249066
-0.11185704
0.08842812
0.18113040
-0.09136320
-0.10943945
-0.07605431
-0.00669356
-0.03210770
0.10992896
-0.06141198
-0.00642317
-0.04576232
-0.03847690
0.06306284
0.09644087
0.06225279
-0.09085225
0.16873997
-0.01224614
0.08159958
-0.02496169
0.10099633
-0.07415703
0.01849938
-0.05614030
-0.04461263
0.00665462
0.06475465
0.09241828
-0.18549230
0.06948211
0.11436820
