0.10933626
0.02330833
-0.00306566
0.01996487
0.11037389
0.11343796
0.05569930
0.09801357
0.02415591
-0.06945935
-0.06284033
-0.08123303
-0.00662016
0.00469920
0.03461242
0.00591953
-0.00195461
0.01065781
0.00761344
0.09675165
-0.04080260
0.04882874
-0.14843847
0.10839503
0.00330236
-0.08696706
0.04763117
-0.07584868
-0.03386056
-0.00869100
-0.02457712
-0.06639926
0.08015271
-0.17308393
0.02657321
-0.01201766
-0.00028207
0.20172490
0.08857051
0.09922543
0.05132299
0.03890925
0.01499475
0.10778290
-0.01622476
-0.01533181
-0.15092937
-0.02300118
0.04740097
0.03858206
0.02710376
0.07584222
-0.02718297
0.04073155
-0.02597733
-0.03728421
0.02455676
-0.01028704
0.00353558
-0.07231634
0.09979059
0.13887037
-0.07055031
0.04355539
0.01389056
0.00407052
0.06429310
-0.06996745
-0.12533718
-0.06044657
0.04681573
0.23293268
-0.03780190
0.03710716
-0.11593549
-0.07237462
0.00853042
0.08919811
0.11579450
0.11735735
-0.05052810
-0.19050887
0.02072347
-0.13046254
0.07064600
-0.05259069
-0.01317911
-0.06784427
-0.04386355
0.07074336
-0.11454710
-0.09779758
-0.04629218
-0.08797801
-0.00808275
-0.08765740
-0.03899252
-0.03529113
0.04583825
0.00461050
0.05649116
0.03242641
0.12304615
-0.00387109
-0.14974444
0.05398306
-0.02314954
-0.12955195
-0.01654973
-0.00324921
0.21124860
0.01521226
0.02493623
0.04141516
-0.09801081
0.03428807
0.02791552
0.01789712
0.12062860
-0.13777785
0.05692757
-0.02771354
-0.00276284
0.01309447
-0.08674032
-0.02097123
-0.02725429
0.02786818
0.03546310
-0.09284750
-0.05337530
-0.05979143
-0.00518269
-0.03149527
0.17240218
0.11745615
0.07134492
0.04581014
0.01375942
-0.02220837
0.00466441
0.01724969
0.03577126
-0.02285511
0.02273057
-0.08267469
0.08187689
0.11298617
-0.16967221
-0.10317616
-0.01124748
0.08755052
0.01673859
0.12727480
-0.11970607
0.02247544
0.03026491
-0.03773810
0.07487631
0.03905404
-0.00630530
0.11259862
-0.01966606
0.11073987
0.07811966
0.02920273
0.08575209
0.04247560
-0.01503636
-0.01899284
0.06435122
0.04412841
-0.07457049
