-0.00870307
0.13203928
0.06929378
-0.12610090
0.05135597
0.03382104
-0.07845552
0.01661300
0.04556663
-0.06303421
0.15760874
-0.00898506
-0.00152610
0.01052942
-0.04896092
0.02060594
0.02250202
-0.05579184
-0.06704501
-0.04619441
0.05131558
0.09703235
-0.02683396
0.06713156
-0.02154145
0.03770722
0.08561129
-0.09412260
-0.01878865
-0.01471423
-0.04367665
0.04428909
0.11576154
0.00742621
0.04781555
0.19107755
0.04688026
-0.20704249
0.01166097
0.10560361
0.02598722
0.04180911
-0.14829152
-0.01776997
-0.01771879
-0.01379900
0.02091883
-0.12314473
0.00139376
-0.01917277
0.04813416
-0.05578802
-0.02683100
0.01795192
0.06198253
0.05298465
-0.05972141
0.01536934
-0.02323990
-0.00294492
-0.05264135
0.07979503
0.04907723
0.02784220
0.15468934
0.16491920
0.12130745
0.09536721
0.03262943
-0.00740773
0.03571999
-0.00416172
0.14189350
0.07973136
0.01000073
0.04749133
0.04886455
-0.03408143
-0.04115450
0.02351561
-0.01642134
0.05074211
-0.14212201
-0.02469121
-0.01613240
0.12832795
0.09445512
-0.06199324
-0.00907069
0.18230217
0.06438887
0.02250136
-0.00493601
-0.02828932
0.11859967
-0.05453568
0.05830243
0.01954903
-0.01366109
-0.08393920
-0.07012067
0.10349413
-0.11716966
0.00963988
-0.05349359
0.06098086
-0.02159801
-0.00609770
-0.09198910
-0.00177808
0.01595107
-0.01590435
-0.02024606
-0.04844965
0.08763973
-0.08654376
-0.06696535
0.00403223
-0.14359775
0.00638381
0.04170311
0.11641793
0.01508994
-0.15988134
0.11583840
0.10326303
-0.14522463
-0.01153569
-0.09783280
-0.00437880
-0.01160207
-0.03254708
0.07393887
-0.17276578
-0.08269873
0.04008069
-0.02836693
-0.03819597
0.08088314
0.01871541
0.09838602
-0.05038535
0.07889096
0.06573207
-0.15621405
-0.05177788
-0.03694235
0.07946389
-0.08274721
0.10559936
-0.00475902
-0.01179687
0.01158597
0.09565925
-0.00479082
0.05381490
-0.09005226
0.08049453
0.02276854
0.10824427
0.13182214
0.05328339
0.03868852
-0.02918071
-0.18181848
0.09859300
0.00287790
0.08597741
-0.09619864
0.07409872
-0.03174023
-0.03640415
-0.11323823
