-0.02868623
-0.07215579
0.05177945
0.07313828
-0.02015041
0.00842104
0.05237231
0.04299593
-0.04708195
-0.01863774
-0.11483994
-0.06308590
0.03890677
-0.05833661
0.07122421
0.16291749
0.01902286
-0.02352874
-0.09571062
0.10876479
-0.11725421
-0.16162329
0.03910657
0.07849836
-0.05265334
0.05638631
-0.03645578
-0.00346680
-0.03834303
-0.00692992
0.18305928
-0.01208691
-0.00418940
-0.02198422
-0.08210232
-0.04701598
0.20149213
-0.09738067
-0.02726512
-0.03436814
0.06777642
0.02130626
-0.02462128
0.04899966
0.06592172
0.16897567
0.00217083
0.01033027
-0.13023492
-0.06075311
0.08653259
-0.04656521
-0.12587802
0.01402143
-0.01716392
0.04277769
0.05158094
-0.11880584
0.02267015
-0.07318671
-0.00586103
0.01595923
0.11072007
-0.00979860
0.11746671
-0.00188035
0.10174430
0.01806927
0.05974768
-0.03920075
-0.13417469
-0.11463857
-0.03634712
-0.04052451
-0.02828103
0.02178394
0.03341979
-0.03036172
0.10522906
0.07858441
-0.03551817
0.06866403
-0.00879839
-0.02845740
-0.05791299
-0.03661986
0.16341648
-0.12233483
0.05376413
0.00271686
0.01055202
0.04573314
0.03227574
0.13339929
-0.01423940
-0.00130793
0.03901052
0.03807846
-0.11695383
-0.13065186
-0.01351202
0.02695501
0.09615605
0.00465233
-0.16758080
0.01260140
-0.07376444
-0.13151645
0.00597066
0.00752752
0.01738037
0.08628930
-0.05001793
0.01820573
-0.08166600
-0.08001100
0.09030234
0.00158907
-0.00012356
0.14650951
-0.06764670
-0.01959978
0.14313168
0.09319524
0.02117728
-0.05882547
-0.06379493
-0.06812866
-0.04276508
0.08405153
0.07317753
0.01475765
0.14159433
0.12163131
-0.04748630
-0.02031230
-0.03537907
0.04369342
-0.03034921
-0.06557994
0.04089235
0.06116468
0.03541442
-0.04602165
-0.00716541
-0.05351632
-0.04594550
0.04743650
0.04206410
-0.00469382
-0.03954210
-0.14225257
-0.01135520
-0.00948898
0.01391741
0.11366595
-0.00668936
-0.00591433
-0.00557721
0.02796410
0.11380114
0.16067372
0.09470900
0.08603579
0.11293892
-0.01233613
0.12996211
0.08313470
-0.03578074
0.05833410
0.20186793
-0.04452470
-0.12751000
