-0.02121845
-0.02472888
0.07045930
-0.01150394
-0.08837704
-0.00318170
0.02170825
0.08785635
0.07663439
-0.00726663
0.08416363
-0.03418904
0.02420945
-0.03468364
-0.10493173
-0.05507570
0.10733433
-0.01196537
-0.11754776
0.10723758
-0.02496184
-0.07274957
0.10519999
0.03642742
0.00179547
0.03371547
-0.01727742
-0.04884260
0.00894397
0.05445205
-0.07447245
-0.13934855
-0.02846115
0.10941217
-0.00110950
-0.11869266
0.03736995
-0.02178496
-0.08274982
0.13760557
-0.11101886
0.05725268
-0.04471965
-0.04565666
-0.12582976
0.02085558
-0.14162828
-0.02218812
0.05845618
-0.03147906
0.00722683
-0.11491919
-0.03402323
0.05507064
0.05846605
-0.08449918
0.04554710
0.01522029
0.03579771
0.12615109
-0.11206446
-0.14702761
0.14805046
-0.06161593
0.01409506
-0.16701074
-0.05368102
-0.06765304
0.13146405
-0.01419133
-0.04784581
-0.02202735
0.03481007
-0.05645724
-0.01702423
0.03284205
-0.02804669
-0.01705872
-0.06772664
0.05758446
0.03781073
-0.06143977
-0.06165799
-0.02587191
0.03755926
-0.11493090
0.07905913
0.01329853
0.03807569
-0.10830820
-0.06345158
0.08004845
0.00888320
-0.13919703
-0.01901592
-0.01521100
0.00892113
-0.02535735
-0.08379077
0.07157854
0.05380083
-0.02100891
-0.02371851
-0.07064811
0.02612188
-0.03539345
0.04975434
-0.06774669
0.12265865
0.08271849
0.08020657
0.06191729
-0.01315002
0.09173621
0.02399480
-0.01685814
0.00780628
-0.14510905
0.14266517
0.06109267
0.02867648
0.24824764
0.08580629
0.03608716
-0.09471436
0.01562071
0.08394837
0.02139453
0.07278124
0.10544715
-0.02808909
0.00315105
-0.10198477
-0.09924646
0.01964839
0.12245786
0.12433553
0.00981858
0.04835823
0.01239429
0.05292749
0.02182898
0.03195539
0.04385928
0.05791717
0.05383138
-0.05164675
0.01716382
0.25338355
0.00516736
0.10144393
-0.08001232
0.13045638
0.08611586
-0.00067512
0.15161059
0.06122914
0.00200801
-0.06588295
-0.04040101
0.02063053
-0.06636395
-0.02826250
-0.08409669
0.07534137
0.12706756
-0.00618572
0.13552151
0.00028167
0.06562686
-0.02907300
-0.02003505
0.06808449
