0.03991963
0.09069858
-0.11074927
-0.03364088
0.05445832
-0.01964375
0.02466317
0.01106501
-0.05355709
0.00486342
0.00018211
-0.03374306
-0.03437841
-0.06614728
-0.11046997
0.04154251
-0.04574900
0.06220632
0.06706588
-0.02885844
0.06045830
-0.20124174
0.09286907
0.01750515
-0.12103206
-0.05128484
0.00485507
0.09382876
-0.09914181
-0.02550253
-0.02137139
-0.01500650
-0.02196975
-0.01133097
-0.00233039
0.04964159
-0.03159538
0.00966468
-0.09503063
0.10079540
-0.02911956
0.06780687
0.10857027
-0.11253418
-0.15087277
-0.07516610
0.05893407
0.04435512
-0.04484861
-0.07876170
-0.00618381
0.05701235
0.00976045
0.08038494
-0.03852748
0.09468963
-0.05166778
0.00797260
0.09652650
0.06042545
-0.11251130
-0.04349893
-0.10640631
-0.00661849
0.01163224
0.12713550
0.04966791
-0.04948865
-0.04194517
-0.14406232
-0.01100336
0.16739886
-0.07031836
0.05129176
0.03600579
-0.00177319
-0.00272361
-0.17121283
-0.01261769
-0.00181418
0.04942464
0.07227854
0.03635111
-0.08357552
-0.07224564
0.07065933
-0.03129396
-0.05872361
0.02957281
0.01534341
-0.09826526
-0.08819916
0.07970904
0.04415140
0.02004289
0.11235318
-0.04629890
0.02265502
-0.12522208
-0.02481415
0.06595705
0.01530349
0.08950905
0.11734410
0.08728124
0.04544008
-0.06754590
0.06836258
-0.07335483
-0.13490590
-0.02736951
0.18127336
-0.10299617
-0.06516509
-0.12574680
0.10653198
-0.16193832
0.12744212
0.00582807
0.04226712
0.09563248
0.06431486
0.06452736
0.19385708
-0.00633013
-0.01411491
0.01432529
0.00387589
-0.06010324
0.07029208
-0.09159410
0.10704954
-0.06471294
0.13275401
0.04940458
0.07691993
0.12506205
-0.11455019
0.00441165
0.08536451
0.04334042
0.05626144
-0.00227107
-0.03775958
0.12287170
0.01745504
0.15233867
-0.09398296
0.01070477
0.02896911
-0.05337093
-0.07807547
-0.01454209
-0.05888946
0.08339436
-0.08954282
-0.00476539
-0.06859538
-0.10509942
-0.01745203
-0.01522456
-0.05704687
0.04626240
-0.11304717
-0.02456563
0.04217087
-0.09745216
0.02547005
-0.01352422
0.03538910
0.02857705
0.08875327
-0.11006812
