-0.06564714
0.10459185
0.00070029
-0.14485467
0.08031558
0.00949066
0.10560184
0.03623143
0.01307122
-0.01025292
-0.07697060
0.09519435
-0.13539840
-0.09210465
-0.02587325
0.04107793
-0.03150494
-0.05536547
0.05560173
-0.05808354
0.03004692
-0.02767843
0.04938771
0.04491405
-0.02248089
0.04756903
0.12549448
0.00118742
0.07527556
0.16484130
-0.02213152
0.00233543
0.03067289
-0.07852314
0.09522924
-0.07880424
-0.15983666
-0.12176444
-0.06286081
-0.02802240
-0.11071280
0.00286396
0.04886013
-0.06148927
-0.04818864
0.13329820
0.03320465
0.08983633
0.11921874
-0.04979419
0.14811638
-0.03302377
-0.07586437
0.18092940
-0.02204993
-0.08577627
-0.06437159
0.03945396
-0.00430287
-0.00764244
0.07971723
-0.08297425
0.13066230
0.07123216
0.04479394
-0.12392622
-0.08172782
-0.00432529
0.01239067
-0.05309062
0.03390085
0.03447830
0.08425285
-0.03801148
-0.00117759
-0.00953904
-0.02899497
-0.10151262
-0.00637742
-0.01591818
0.19850489
-0.05812132
0.05945569
-0.01260723
0.05393567
0.09476643
-0.04025211
-0.06944823
0.03819697
0.09064021
0.09022114
0.07305970
0.08599178
0.04219022
-0.17093579
0.01839844
0.00207898
0.02287665
-0.06685830
-0.01333200
0.05016041
-0.00978789
-0.08803743
-0.18306823
0.11829635
-0.07761382
-0.06625280
-0.06019595
-0.02924709
0.01067497
0.01631662
0.10013592
-0.04812568
0.05141755
0.05970006
-0.06056332
-0.01354872
0.07564242
-0.07535161
-0.03230990
-0.09351882
0.03539798
-0.09876463
-0.18266831
-0.02097305
0.01502134
0.01512811
0.02861483
-0.03827297
0.00753014
-0.01687820
0.00835719
0.07684468
0.04845725
0.04739689
-0.09395791
-0.01831106
-0.09902870
0.09252999
0.04180904
-0.00836296
0.08504040
0.01440857
-0.00524126
-0.01901617
-0.10923318
-0.13619507
0.20495000
0.00069707
-0.04826005
0.06196988
0.03900314
-0.01297583
-0.01848452
0.07264090
0.03024636
0.04900896
-0.04424187
0.01635529
-0.00247966
0.15587115
-0.18095379
0.01795203
0.06749753
0.08808152
0.13039527
0.08236704
-0.05270832
-0.06031939
0.03184599
-0.03567656
0.04028778
-0.02040503
