-0.01796088
0.00195792
-0.03622690
-0.21573310
-0.01430761
-0.02879775
0.03316698
0.10717296
0.05087205
-0.00832161
0.10108602
-0.12547241
0.11038112
-0.02320475
0.06263804
-0.12898612
0.05171567
-0.03758296
-0.12894807
0.15358800
0.04950252
0.05262496
0.00389864
0.06956847
0.02556260
-0.02236942
0.12200740
0.04167429
-0.06681164
-0.00070346
0.02168146
0.14167941
0.02425643
-0.07142781
-0.08646171
-0.10335056
-0.08051720
-0.09024476
0.01574952
-0.02478292
-0.06855993
0.10495956
-0.01914255
0.06938468
0.06265533
0.07885775
-0.05664770
0.10826051
-0.11178614
0.15453723
0.02265237
0.11918512
-0.01090930
0.03573312
-0.14890953
-0.00881899
-0.03622632
0.13679056
-0.09501541
-0.13093555
-0.00136796
0.02433407
-0.09268705
-0.05327605
0.05195741
-0.01914720
0.00514763
0.15583087
-0.04515883
0.07575768
0.11083810
-0.04699950
0.12157878
0.03703769
-0.00728776
0.11780450
-0.03289259
-0.03863936
-0.01755381
-0.08361268
-0.09053181
0.04343083
-0.03701391
-0.06933355
0.06944619
0.10438310
0.02197607
0.09001272
-0.05920264
-0.07146480
-0.18932155
-0.12587211
0.04316676
-0.05645363
-0.07935552
-0.03827645
-0.08594024
-0.01899684
-0.08245510
0.07819429
-0.05622451
-0.02409610
0.02266205
-0.01494111
0.01727828
0.03154204
-0.09401592
-0.04053692
-0.03569508
-0.10496976
-0.01376567
-0.08502841
0.09975055
0.12434225
0.01890200
-0.02761422
0.02255973
-0.03664448
-0.15123608
0.06091335
0.03043724
-0.04508398
0.02283001
0.04597223
0.05315158
0.02184122
-0.01149275
-0.04729779
0.07910019
-0.04210597
0.00095377
-0.10362235
0.04063984
-0.03244481
0.03762029
-0.02455405
-0.04879949
0.03077536
0.19919094
0.04819625
-0.05782225
0.01624326
0.02543827
0.05075262
0.07786439
-0.00971519
0.13789320
-0.02277761
-0.00951098
-0.07903401
-0.20056853
-0.08763222
-0.02909935
-0.10000282
-0.04366235
-0.04703256
0.03843581
-0.09891499
0.00916825
-0.01460029
-0.04695520
0.02714695
-0.04050730
0.02555328
-0.05118986
-0.08277713
0.08907090
-0.00661073
-0.06820425
0.02611600
0.07223596
0.13346166
0.03960617
