0.02171583
-0.04172850
-0.01669139
-0.02033063
-0.02979461
-0.16577983
0.04307436
0.10980566
0.09063186
-0.04396290
0.04796187
0.07844086
0.03276976
-0.01738061
0.04268326
-0.16704221
0.04901791
0.11718185
-0.03624362
-0.04924332
-0.01188504
-0.00367027
-0.11612720
0.10241198
-0.01523539
-0.01191199
0.00982431
-0.08550190
-0.01014541
-0.02001612
0.08230261
-0.07059463
-0.02048812
0.03493347
-0.04817650
-0.00078228
-0.07150094
-0.08573980
-0.07754880
0.00327501
-0.02874545
0.10869584
-0.09112456
0.08677131
-0.14714946
0.13946612
-0.03136998
0.13471897
-0.06879699
0.06534760
-0.10575521
-0.05633037
0.08806727
0.03274127
0.02853138
-0.01177103
-0.12542370
-0.06719074
-0.03519745
0.11150131
0.06982041
0.12605414
-0.08986286
-0.11998060
-0.07561352
-0.14325284
-0.12461667
0.00521413
-0.16538736
0.11026732
0.01339729
-0.03644540
0.02148955
0.01398496
-0.07464766
-0.00520042
0.04269494
-0.02289152
0.00596435
-0.04748026
-0.03067660
0.10099027
0.08913121
-0.05097071
-0.04877809
-0.04327156
-0.00054965
-0.02141059
0.02833149
-0.00490370
-0.13245361
0.10176263
-0.04237003
-0.00456986
-0.11932660
0.05074366
-0.10673960
-0.14235398
-0.00038220
0.05320731
-0.00877733
-0.02752300
0.06424876
-0.05719857
-0.00942145
0.02146868
0.10316197
0.10194743
0.08947739
0.05843551
0.00589851
-0.11006931
-0.00757627
0.02284688
-0.04781171
0.01280125
0.03850817
-0.11141556
-0.07910885
-0.06166261
-0.05866421
-0.02922409
-0.14876936
-0.03431220
-0.04262916
0.10726278
-0.04600627
0.10562877
-0.03621881
0.03639502
0.12715165
-0.01395134
0.01866317
0.10715207
0.04877064
0.00946784
-0.03999490
0.12493698
-0.22094534
-0.03347023
-0.03017481
-0.12648358
-0.01823315
-0.01693663
-0.10073138
0.08659442
-0.02227145
-0.06217705
-0.02651041
0.04658546
-0.04655900
0.11881916
-0.02009201
-0.00358962
0.02303855
0.07596245
-0.21015968
0.02153339
0.02547416
-0.09030863
-0.10509755
-0.06182172
0.09659990
-0.06365592
0.14143021
0.00891582
-0.05562712
-0.02634965
0.04008315
0.07883280
0.00074480
0.06206502
0.00171760
