0.02399625
0.04152333
-0.00382537
-0.09875431
-0.03817559
0.02603665
-0.06829559
-0.06853044
-0.00162250
-0.03265516
0.17014724
-0.00024187
0.13944626
-0.00178280
-0.04947482
-0.13437664
0.04651299
0.11295836
-0.07490676
-0.08027313
0.03202490
0.12111258
-0.13324930
0.10342191
-0.08198432
-0.01182934
0.02038978
-0.09283563
0.06644875
-0.09847801
-0.08721254
-0.01946882
0.10138148
0.02886433
-0.10283466
-0.00256680
-0.05505736
0.08264679
-0.01363780
-0.04372344
-0.06379967
-0.10694805
0.09428392
0.01979495
-0.09108345
-0.00860896
0.04112238
0.11721396
-0.09169304
0.02408427
0.06166950
0.08018155
-0.03147249
-0.01711186
-0.02670043
-0.08195892
0.02605012
-0.11617915
-0.09086232
0.09463056
0.00271860
0.02956495
-0.01515694
0.07583181
0.06434765
0.04554875
0.05278606
-0.01448533
-0.00889165
0.01198432
0.10188147
-0.08033260
-0.00229826
-0.08107705
-0.01971680
0.06620238
0.16422641
-0.04720787
0.02212329
0.12587543
-0.13365546
0.11855411
-0.09305342
0.02223845
-0.01482593
0.07271597
-0.01418328
0.07391537
-0.03974350
-0.02253638
-0.05719423
0.11781554
-0.02420640
-0.00287940
0.07293741
-0.17721718
0.03280548
0.01600212
-0.05879811
-0.10143547
0.11848652
0.05634496
-0.12052454
-0.09273327
-0.04797211
-0.09986776
0.03927765
-0.03839140
-0.07829849
0.02257366
-0.06958343
0.04693403
0.10394144
-0.08274795
0.15077093
-0.07149504
-0.10178136
-0.00333770
-0.00145805
0.07058361
-0.06621362
-0.04971056
-0.13457344
-0.15151972
0.04496850
0.05784990
-0.04702134
0.00548542
0.01580321
-0.02831891
-0.11022083
0.07317078
0.08038409
0.01841932
-0.03043071
0.09996794
0.03589327
-0.01723263
-0.06815388
-0.04820670
-0.04933939
-0.03552375
-0.01764581
-0.17973086
-0.02614679
-0.08731776
0.08375592
-0.08434605
0.02019751
-0.04003603
0.02819133
-0.05130157
0.14976122
-0.01321841
0.01939946
-0.12332368
0.10678581
-0.13876788
-0.11163461
0.04427289
-0.10565608
-0.03666775
0.11863460
-0.10767048
0.05449075
-0.00966128
0.02202949
-0.04362270
0.07101228
0.06649176
0.02771965
-0.09102766
0.04198262
