2.38040596
4.35264737
4.64338588
2.17774949
4.75799575
1.84224771
4.04629198
3.03925783
4.00480755
3.31128794
3.46133859
3.77855965
3.96477265
3.64159579
2.11747378
1.01533989
1.82200852
4.12697061
2.94358957
0.96496340
4.24207691
4.10386464
2.66561044
2.46203206
3.21433336
5.26661603
3.38783400
4.03478381
3.68582834
4.31902788
3.30435357
3.70890261
4.33403047
4.18778084
1.84640938
3.29554535
4.02490053
4.80750985
3.03925101
3.92627184
3.54541411
4.81596876
4.07093383
3.95578291
3.17482268
3.75974866
3.29202391
3.88617755
3.72550142
2.67458821
4.06222916
2.73456387
2.09198200
4.21264682
2.47547554
3.19931210
4.37643885
4.28094317
2.78394322
2.91417782
3.55408689
4.59276385
3.22508753
1.79366836
3.59212020
4.08539427
3.68731406
4.10047664
2.71910514
3.97290972
3.97542559
3.37252233
3.91385851
3.04156222
3.77157179
3.81701546
4.28182545
3.64953562
4.41275586
3.02836389
4.62192288
4.35243305
4.48651260
2.36844577
4.49761743
4.15149235
5.34089017
4.39064494
3.60619529
3.37326568
2.07728809
2.97060335
4.44272508
3.61813461
4.85614604
2.49042295
4.19396562
3.54824367
2.89708350
3.34840056
