-0.06736776
0.02559839
-0.03195443
0.08827174
0.03265917
0.06846577
-0.00418831
-0.01099090
0.10175928
0.05696125
0.02498202
0.12278080
-0.03526117
0.05252058
-0.05488998
0.01875603
0.10083424
0.08380392
-0.00874572
-0.10833109
0.10373245
-0.01148605
0.05917051
0.05890419
0.06310745
0.01726833
0.12396470
0.00952390
0.04914277
0.05306526
-0.00756201
-0.03696736
-0.04380707
0.12996042
0.09266433
-0.04428079
-0.17158012
0.05599946
-0.04935766
0.06606930
-0.02024937
0.03094529
0.05304430
-0.15344746
0.02292374
0.00328893
0.03824557
-0.01584181
0.00592070
0.05142853
-0.04541992
-0.07933545
-0.05718822
-0.04944551
0.14765066
0.09675683
-0.00814581
0.08946212
-0.03359061
0.09625079
0.04301237
0.03112984
0.10283729
0.25318987
-0.07849999
-0.03422261
-0.05609379
-0.10060170
-0.10246716
-0.04102866
0.07210037
-0.06353900
-0.09640950
-0.04561588
-0.06248106
0.03435139
-0.02115598
0.00296175
0.09293490
0.00963200
-0.16869396
-0.09373372
0.16204585
0.02568436
0.00574109
0.02501835
-0.02309751
-0.07254502
0.05304394
0.05975164
0.14232157
0.07023110
-0.09248942
-0.00728937
0.01750009
-0.08348870
0.01083234
0.00294890
-0.10454130
-0.00081571
0.00934046
-0.03386016
0.08416208
-0.04052921
-0.05259932
-0.01016959
0.10606102
-0.00057543
-0.04730801
0.04623944
0.01492561
-0.02249086
0.05174485
0.05713936
-0.09242657
0.00007667
-0.07690676
0.00486210
0.01189468
-0.00237601
-0.00572242
-0.17091524
-0.05966593
0.12637946
-0.04543466
-0.06212668
0.05361728
0.06579454
0.10389632
0.02144461
0.19147582
-0.10016171
0.08638650
0.05410720
0.03507816
-0.09168732
0.01647222
0.09209682
-0.09730169
0.02902428
0.13235126
-0.00208723
-0.12404636
-0.08029271
-0.04326403
0.02815098
0.04790496
0.09377471
0.15647165
0.06437911
-0.01486981
0.08633237
0.12773133
0.00842858
-0.05529904
-0.14792658
-0.02952930
0.00405152
0.05382116
-0.07909471
-0.00247309
-0.03636174
0.05165646
-0.10065478
0.07473197
0.02262404
-0.17721458
-0.09425860
-0.06588227
-0.03237054
-0.04847287
-0.09598639
-0.06206323
