0.07854581
0.01166103
0.00660255
-0.07298494
0.04799755
-0.00986725
0.04725939
0.09322253
0.10361617
-0.01012466
0.07384962
0.05502025
-0.11711695
0.21745429
-0.07135487
0.02819090
-0.05941101
0.07582922
-0.10788208
-0.04369027
0.03732285
-0.01344699
0.09047934
-0.07762896
0.05119556
0.02753984
-0.08044997
0.00784198
-0.03095760
-0.06812474
-0.06103454
0.06649585
0.01501674
0.08330016
0.05859655
-0.00057019
-0.11876527
0.09168000
0.08555836
0.05754400
0.10086082
-0.09720547
0.06774026
0.01740766
0.06818713
0.06536397
0.04285743
-0.01775398
-0.06014870
0.13601948
0.09857877
-0.09320782
0.04391323
0.05101464
-0.01246799
-0.00783186
-0.01110190
0.05909690
-0.00733073
0.03652015
-0.09247822
0.04788141
0.00834905
0.02415891
-0.05658074
-0.02671678
-0.01768555
0.05180584
0.03227745
0.08352095
0.02022639
0.12560284
0.11749488
0.01912447
0.01776026
-0.06327470
-0.03390544
0.03063266
0.03438674
-0.10413280
0.10181562
0.06058624
0.03339445
0.03440137
0.05385070
-0.06931229
0.07261537
0.07355504
0.01467993
0.08460645
-0.04524140
0.08597724
-0.01218906
0.07651986
0.09665313
-0.12112354
0.06831435
-0.09993914
-0.12057363
0.04066344
-0.01243872
-0.11873929
0.00795935
-0.14320752
0.09635790
0.07999531
-0.11821078
0.08880030
0.12863745
0.12412384
-0.00713674
-0.03457315
0.02541145
0.00822976
-0.01704753
0.07377330
0.06002334
-0.01043854
-0.02910818
0.00628493
0.00748977
-0.08525296
0.16183184
0.08193116
-0.01277469
-0.00405528
-0.01992094
-0.12850764
0.02349047
0.03915129
-0.02802466
-0.09607623
-0.02115952
-0.05809379
0.01206594
0.02683267
0.13411299
-0.00834526
-0.07633007
0.11439107
-0.06449206
-0.05860673
-0.10428518
0.02783257
0.05052338
0.04984498
-0.09341917
0.05077617
0.02194565
-0.22855040
0.04445693
0.02030400
-0.01085560
0.03759720
0.05017002
-0.15303019
-0.14185197
-0.00055157
-0.02834534
-0.14214706
0.07900374
-0.08323307
-0.14433872
0.06737602
-0.04346286
-0.13521815
-0.12953893
0.06347430
-0.08634833
-0.00126609
-0.00614878
0.13295700
0.13275020
