-0.08088467
0.03069875
0.00380974
-0.02938933
-0.02764691
-0.01402376
-0.08767232
0.07205943
0.09615775
0.02292897
0.08408423
-0.08760475
0.02960750
0.03712863
-0.01230574
-0.14901408
-0.10606303
0.13494605
-0.03101574
0.13341319
0.05944574
-0.07332789
-0.11564852
0.02235744
-0.00846087
0.00827744
0.02499776
0.04326445
-0.11604297
-0.04899730
-0.03864795
0.11248161
0.03410165
0.05732574
0.03347687
-0.02790301
-0.06493510
0.09517633
0.03156214
0.07595738
0.13888146
-0.04116724
-0.03986083
0.01826280
-0.00266843
0.07725190
-0.15121512
-0.06365218
0.01216593
0.14964814
0.08912281
0.02082428
-0.05860592
0.03350189
0.11402689
0.06777737
0.04227556
0.10739373
-0.00341041
0.03282746
-0.01588055
0.03209150
0.11709454
-0.02274389
0.07163764
-0.05934557
0.15551354
-0.02837986
-0.03656901
0.04315883
-0.06623706
0.15223022
-0.06278872
0.03729745
0.03996632
-0.08685633
0.08862358
-0.11381939
0.02463480
-0.11502212
-0.03742825
-0.11596960
0.04025189
0.00802265
-0.01412395
-0.05093652
-0.07510448
0.12901784
-0.07057273
0.01321273
0.11580309
-0.04309092
-0.03735006
0.05142296
-0.06557964
-0.04541222
-0.13890013
-0.05425479
0.05897003
0.04830139
-0.02375732
0.09302448
-0.03918724
0.03119911
0.09200821
-0.05229149
-0.07925471
-0.04291111
-0.05032305
0.12833706
-0.04197830
-0.06135856
-0.02888283
0.06256847
-0.05820405
0.08495562
0.13680767
-0.07176139
-0.04658144
-0.04883413
-0.00837387
0.03961104
-0.07978869
-0.08613489
0.10817790
-0.07385415
-0.06464401
-0.11741132
0.03065887
-0.03795561
-0.05706018
0.14323951
-0.09535043
-0.01487089
0.06533826
-0.04352288
0.03448446
0.17599957
0.09790060
0.05731779
0.04762996
0.00842725
-0.04095731
-0.09699427
-0.06397431
0.00609562
-0.02469612
0.04916440
-0.11650195
-0.01607792
-0.07710057
0.18713845
0.04781647
-0.00593320
0.03099993
0.06895433
-0.05501625
0.07822989
-0.03585634
0.12819672
0.11358011
-0.02115403
0.05545976
0.03732862
0.14386288
0.05679865
-0.06245285
0.20401210
-0.04703678
0.03203719
0.06621020
0.05571306
0.03139844
