0.09775196
-0.10841923
0.01387788
-0.00606450
-0.04021418
-0.04813852
-0.05926536
0.02066861
-0.02250472
-0.05213985
0.14187219
0.04712458
0.08180113
-0.01029877
0.06234314
-0.03472237
-0.01243203
-0.08973317
0.08048366
0.12120531
-0.00328497
0.07619055
0.00700828
-0.04914690
0.03540102
-0.04417855
0.05637676
-0.06015803
0.04431364
-0.05822407
-0.14812334
-0.02779557
0.02032671
-0.00050184
-0.00366925
0.00761481
0.05048524
-0.09324372
0.05270110
0.02997203
0.07954976
-0.04603154
-0.03619244
-0.09325874
-0.01822238
0.10548073
0.07885025
0.04432360
0.22368256
0.12050835
0.04115511
0.07245977
-0.02143477
-0.03465259
-0.02309345
0.02676490
0.14269435
-0.11676057
-0.07698603
0.02094328
0.03300682
0.05335253
0.13262418
0.00963126
-0.08018638
-0.08988795
0.02370732
-0.03460289
-0.14042415
-0.00305576
-0.02648635
-0.09854300
0.10576392
-0.02147652
-0.05369674
-0.00912059
0.01422187
0.12886487
0.14294995
0.06906969
-0.12371153
-0.09838215
0.06701147
0.06095107
-0.06565679
-0.03637077
-0.06255933
-0.05990907
0.04911768
0.03726276
0.05752566
-0.05332657
0.08247925
0.08995100
0.02351379
-0.05602595
-0.13890054
0.06013881
-0.03002780
0.10211348
-0.11190149
0.03944688
0.01197843
0.08541247
0.04995419
0.08624166
-0.04820130
0.06366212
-0.15184122
-0.05860206
-0.06322753
0.05868882
-0.12193434
-0.06935432
-0.02583193
-0.05834546
0.00104336
-0.07716625
-0.06739683
0.04779060
-0.07325077
-0.09228315
-0.03271596
-0.00980469
0.07423870
0.14356528
0.03971123
0.09556030
-0.13666600
-0.01753469
0.03765473
0.01718454
0.07035256
0.17135661
-0.00664614
-0.00334118
0.04411242
-0.02675314
-0.06762536
0.01572354
0.02325269
-0.03473386
-0.04479641
0.07994049
0.08482151
-0.03069285
0.01447302
-0.05795488
-0.04416169
0.13970228
0.19790253
0.04096236
0.04090203
-0.00646963
-0.00678687
-0.03223385
-0.13742769
-0.09346923
0.06547831
-0.11603633
-0.12725574
-0.06798267
0.07414650
-0.04357993
0.04231696
-0.07605465
0.07519262
0.04446710
0.11973443
-0.04025467
-0.10100522
-0.15764571
0.07674371
