-0.01199754
0.04819550
-0.09471226
-0.01224017
0.07668472
0.18640847
0.00073054
0.00093145
-0.03982775
-0.04657177
-0.03420403
-0.01332735
0.08270647
-0.01085123
-0.05805452
0.06167501
0.06475310
-0.03798557
-0.03396762
0.00647103
0.05269907
-0.07215691
0.01732020
0.03865097
-0.09336196
0.02669781
-0.05767434
0.03242133
0.05498048
-0.09348765
0.05337295
0.06278936
0.07687431
0.03382501
0.07618499
0.03410444
-0.06081092
-0.01131670
-0.08750912
0.04859642
-0.01170825
0.07700805
0.07975146
0.19185154
0.02270551
0.02603962
-0.02699614
-0.17910138
-0.05063716
0.01294426
-0.00788696
0.00404696
-0.01790498
0.01067811
0.02711506
0.17370681
0.08472585
0.10214386
-0.15774716
0.05803583
0.02153788
-0.01452220
0.16380827
-0.07975535
-0.03936903
0.02800070
-0.01250369
0.00400278
0.06396318
-0.04316555
-0.09430207
-0.15848679
0.12998606
-0.09736972
0.01258172
0.08476614
0.05544224
-0.00430602
0.04483414
0.06252944
0.00642372
-0.11285507
0.00871318
0.01893780
0.09921372
-0.00138913
0.03877249
0.06254107
0.06093313
0.00404199
0.02655065
-0.13323958
-0.14270356
-0.01293527
0.12263502
-0.03203237
-0.08959151
-0.06083799
0.02272447
0.08254256
0.14414801
-0.15486481
-0.00474446
-0.02294916
-0.00947995
-0.15752483
-0.00942745
0.02656500
-0.22503853
-0.00065848
-0.10759925
0.03235823
0.06008569
-0.04473034
-0.06896482
-0.08805407
-0.01406507
0.08431538
0.05313370
0.05996688
-0.01760170
-0.12387012
-0.02947291
-0.08451168
0.11983279
0.08083714
-0.07396472
0.01571000
0.04793931
0.02457081
0.04190901
0.05837550
0.01116241
-0.04264918
0.05733251
0.17921815
0.03607429
-0.00931136
0.02216075
-0.03998283
0.04745752
0.06239473
-0.01811584
0.10238608
0.01906759
0.08487768
-0.14773078
0.16032041
0.08945275
-0.09195935
-0.03358855
0.01763173
0.06256642
0.07061779
-0.12221783
-0.11539732
-0.07877411
-0.04821939
-0.00606692
0.08906557
-0.10077708
0.00611229
0.03987686
0.04026098
-0.07730889
0.01510669
-0.10106743
0.03468581
-0.02170436
0.09025753
0.05494454
0.05953930
-0.08924900
