-0.08502151
-0.04726685
0.02392330
0.08946982
0.03559178
-0.00316487
-0.00001482
0.12152406
-0.06915095
-0.05890919
-0.15263218
-0.09975750
0.03607958
0.15857676
0.01182842
0.00295608
-0.01159798
0.06864152
0.00994795
-0.02800760
-0.00197204
-0.08110037
0.07946700
-0.02095380
-0.02448968
-0.00788974
-0.00084711
0.06124677
-0.05133665
-0.09309880
0.02002941
-0.05434788
0.05972785
0.05915127
-0.14138320
-0.00967643
0.04266233
-0.00041034
0.00855922
0.04068982
-0.08458678
0.00773646
0.07603693
0.08983606
0.14021604
0.05491798
-0.07482476
-0.04645401
-0.00032831
-0.01694629
0.00941386
-0.06172536
-0.05141899
0.00591227
0.00862135
0.07934537
0.02567946
0.01122116
-0.03418927
-0.07947804
0.11973390
-0.10387682
-0.04941801
-0.00408306
-0.01108928
-0.12830990
0.05764343
-0.04640278
0.08702156
0.08770355
-0.02622816
0.08203443
0.00065501
0.03423554
0.04423422
-0.02646943
0.01931849
-0.01527884
0.02577582
0.10711927
0.05421809
0.01450300
0.07441445
0.02553418
0.05989814
-0.03724267
-0.01593998
0.06910373
-0.11903166
-0.00225499
0.04241158
0.01623966
-0.05237952
-0.02425282
0.03674545
-0.04585754
0.05523465
-0.08488916
-0.05336764
-0.06443779
0.04533361
-0.09378257
-0.03097165
0.10662017
0.04511532
-0.02988996
-0.09236731
0.08226733
-0.12745080
0.05448470
0.01825484
-0.00566203
-0.04771811
0.21551081
-0.00652067
-0.05496949
-0.00849429
-0.09172625
-0.29406902
0.01071339
0.00904326
-0.06448488
-0.13744453
-0.00744630
0.15052823
0.15601277
-0.09901822
-0.01098111
0.21732396
0.13242690
0.05219665
-0.07045965
0.08012421
-0.03231808
0.00055542
0.08341576
0.05275336
0.00645259
0.07109612
-0.01814051
-0.02476152
-0.01994540
-0.05742946
-0.11683507
0.04362706
0.11795017
0.04025750
0.06751853
-0.00293448
-0.05326580
0.01671723
-0.16029422
0.12871653
0.07595882
-0.02257545
0.01296524
0.07912834
0.14727071
0.09951430
-0.18071448
0.09393757
0.08296102
0.01116998
-0.00119917
0.10157599
-0.04853464
-0.02389948
0.06724549
-0.02572281
-0.08817106
0.10002789
-0.02090653
0.09812031
