-0.02856193
-0.11073594
0.00227596
-0.11492754
0.02013447
0.00775397
-0.02507080
0.07728873
0.08990425
-0.01434972
0.10736421
-0.02652463
0.11331109
0.05859792
0.11708654
-0.02881514
-0.03354129
0.00351999
-0.07544352
0.04296619
0.03927101
0.05681753
0.03536344
-0.04192008
0.05876950
0.06944537
-0.00850843
-0.03731249
0.04947774
-0.11967952
-0.04883410
0.03446399
-0.05678790
-0.00805625
0.06100320
0.05955659
-0.05700920
-0.00801395
-0.05474454
0.03265574
0.04953692
-0.00805441
0.00507565
-0.08541211
-0.08292432
0.02616761
0.02850723
-0.00077343
0.00333757
-0.03899059
0.09406427
0.03503934
-0.06175053
-0.09346651
-0.08682818
-0.00553164
0.04592028
-0.05398137
0.23400062
-0.11786718
-0.07684051
0.05684972
0.06489219
-0.06633866
-0.01414417
0.06533599
-0.05787813
-0.06687086
-0.03456072
0.02963423
-0.08356322
-0.09744989
-0.06067804
-0.11774646
-0.05523640
0.00061247
-0.09643193
-0.13072399
-0.14042452
0.07242518
0.18645989
-0.00521255
-0.04832044
-0.03839886
-0.03623304
-0.10794890
-0.11125043
-0.11325971
0.01815547
-0.03683725
0.03822533
0.00702059
0.04664542
-0.08494565
0.09408342
0.02225864
0.05077395
0.00109315
-0.01110242
0.11319224
-0.07668163
0.03660236
0.03098425
-0.12404190
-0.11106094
0.07933933
0.09829125
-0.03731726
-0.12398159
0.07202233
-0.00108950
-0.08848609
-0.09491307
-0.10409942
0.08578220
-0.12209292
0.03369189
0.07327043
0.00409155
0.03383756
-0.00374247
0.01417585
0.12496757
-0.10607267
-0.07468818
0.04903378
-0.13100891
-0.00271147
0.09290166
0.16258813
-0.13913834
-0.05631907
0.00809392
0.00117100
-0.01463603
-0.15174567
0.01418241
0.02828845
-0.04719187
0.08317262
0.08375983
0.01119755
-0.00611777
0.04176988
-0.15267671
0.02502516
-0.07356447
-0.14606609
0.06419415
-0.00977135
0.02103553
-0.03790845
-0.06795141
0.04063941
0.01688980
-0.24135625
-0.05307611
0.01847356
-0.02013282
0.11033390
-0.08626115
0.03249394
-0.00084176
0.04111702
0.14579974
0.12325187
0.09550435
0.05979078
0.00340933
0.05222349
-0.02901653
0.03994483
0.08366011
