-0.02089080
-0.14088710
-0.01877978
-0.08720584
0.10820982
0.22483170
0.04604509
-0.00576264
0.08031039
0.01129179
-0.09045781
0.04019066
0.05397298
0.09117161
0.04180146
0.03316761
0.02959741
-0.03009492
-0.02460544
0.02298418
-0.12508654
0.08466898
-0.00440204
0.01273859
-0.07848192
0.00482689
0.02808452
-0.09871437
0.01823281
-0.01164785
0.00610837
0.10824544
0.08383947
-0.08028432
0.07021918
-0.06869763
0.01350814
0.06690867
-0.04036065
-0.00791185
0.06664448
0.00846856
0.01794878
-0.07379250
0.00966979
-0.05850231
0.01009560
-0.02769928
-0.00483658
0.04698776
-0.19394425
-0.14228359
0.00915775
-0.02584153
-0.11060628
-0.08744955
-0.15949469
0.10778689
0.01672311
0.01135289
0.02490254
-0.11341339
-0.03401808
0.01310199
0.03849447
-0.20445834
0.12283450
-0.02559481
-0.02324285
0.09523311
0.08501279
0.12083727
0.01369612
0.02444988
0.07294346
-0.08991723
-0.00268114
0.14142978
-0.06828728
0.10844606
0.02591025
-0.08601781
0.02796006
-0.04148155
0.01769095
-0.09416918
-0.03847497
0.02878936
0.09543403
0.05726537
0.00735195
-0.03633620
-0.19325172
0.11869003
0.08183296
-0.04566009
-0.02631000
-0.11296186
-0.06929008
-0.05043206
0.02514217
0.06206858
0.11303337
0.21988177
-0.08425052
-0.05366901
-0.03731265
-0.16527736
-0.03893440
0.09635018
0.08774723
0.07029378
-0.00057617
-0.10657370
0.14103710
-0.05351827
0.02920000
-0.03341086
-0.01868114
-0.16376628
-0.02286564
0.00032033
0.00621278
0.00292055
0.05772355
0.04326720
0.03849157
0.11297818
0.03726237
0.02280844
0.04291007
0.05923553
0.02458590
0.02739750
-0.07507958
0.08529124
-0.04246656
-0.02620225
-0.06467138
0.03398122
0.06718139
-0.00500883
0.03626377
0.03798988
-0.12502138
-0.11990553
0.02331662
-0.14071525
-0.05196049
0.02091805
-0.09363770
0.02073472
-0.02810206
-0.06646201
0.11786398
-0.04637915
-0.10845425
0.02471133
0.04109378
-0.08529563
-0.05662582
0.01804778
0.05836958
-0.01922357
-0.09645180
-0.03253181
-0.03671097
-0.05566102
0.05378187
0.02604195
-0.07541442
0.05013357
0.01258581
