-0.05597881
-0.03341809
0.02140487
0.05396710
-0.00422276
-0.01764332
0.05119939
-0.01243663
-0.15331167
-0.04264043
0.02441416
-0.07194003
0.05172649
-0.03488684
0.01745904
-0.07965115
-0.02658224
-0.04990127
0.03043043
-0.03520797
0.01798605
-0.02920865
-0.05833958
0.14910219
-0.13876135
0.01304586
-0.05224535
-0.06517600
-0.00368913
-0.05780880
-0.08879619
0.08073449
0.01860072
-0.06218637
-0.03132824
0.09912772
0.08187278
-0.06356440
-0.13414421
0.13049292
-0.06757837
-0.01673673
-0.00025284
0.07441122
0.09724635
-0.02651428
-0.05228195
-0.01180398
-0.03486913
-0.03567479
-0.01302527
0.08301677
0.07191510
-0.06661608
-0.02830150
-0.14906183
0.00771012
0.03629469
-0.12400816
0.06983348
0.03879281
-0.06344465
0.00693954
0.06358733
-0.12697698
-0.08692217
-0.20134777
-0.07079604
0.09028484
-0.04586400
-0.01365598
-0.11353280
0.11214953
0.06882385
0.10242361
0.05853736
-0.00719259
0.02147421
-0.00468291
0.00212833
-0.11053630
-0.10031802
-0.00933477
-0.03419871
-0.00517442
0.05704777
-0.01213194
-0.15361326
0.02145055
-0.03026966
-0.05129311
-0.03390495
0.03197809
0.08886000
0.09784676
0.03968019
0.06422007
0.12329146
0.05703543
0.09813157
-0.03232887
0.00109164
0.02337868
-0.00249125
-0.05967834
0.00034418
0.19847338
0.10409187
-0.04381665
-0.10565066
-0.09231823
0.02451371
-0.11262578
0.13748258
0.01866130
-0.08727566
0.02688458
0.13193807
-0.03636704
-0.00260272
0.05459310
0.08458575
-0.04820554
-0.00550344
0.01246539
0.16596009
0.11375717
-0.03311708
0.06585648
-0.20155643
-0.11822368
-0.02012930
-0.11289440
-0.03078552
0.10790790
0.07450647
-0.02839788
0.10242131
0.05992045
0.01458869
0.01439374
0.09395129
-0.13625417
-0.10981914
0.05846415
-0.03372398
-0.06346587
-0.08051341
0.07304601
-0.00002547
0.01442621
-0.18266320
-0.11068373
0.02985407
0.03362249
-0.10707265
-0.00592799
0.00728177
0.02205364
-0.01184831
-0.04459651
0.02871849
-0.04706419
0.09301475
0.02513173
-0.13849523
-0.02900139
-0.02711145
-0.04304278
-0.14166789
0.02282676
-0.05441222
-0.06793538
