0.07654030
0.05638598
-0.06897921
0.00749438
0.02081209
0.03310420
-0.06039687
0.05468407
0.15658773
0.15424726
0.08115494
-0.13117607
0.06482449
0.08214225
-0.01089712
-0.10918577
-0.02965012
-0.04738472
-0.04192858
0.06628670
-0.07496292
0.12217136
0.01860740
-0.03575633
0.05593114
0.08067931
-0.01144277
-0.06010658
0.01216311
0.12936233
-0.00007933
-0.04360967
-0.05291412
0.00625714
0.03485938
-0.01103273
-0.08164224
0.09028311
-0.15382139
-0.00625561
-0.19689735
0.00047203
0.01083916
-0.09856658
-0.04466427
0.03837140
0.02985741
-0.02006261
0.11371631
-0.00651673
-0.04430711
-0.03138118
0.03979151
0.03610447
0.02707603
0.09183993
-0.05583829
-0.11198853
0.15583638
-0.02898399
0.10825067
0.00553222
-0.08714986
0.01347062
0.08918158
-0.01090260
-0.12823722
-0.07743758
0.10795826
0.08866292
0.09320220
-0.05009942
0.01530711
-0.03387920
-0.00801320
-0.06210579
-0.13699887
0.01422095
-0.14964514
0.13557233
0.02931899
0.13641825
-0.09866123
0.07605925
0.04560245
0.07550622
0.11055303
0.01513626
0.04361128
0.07188916
0.02668906
0.07115111
0.07677690
-0.11087246
-0.01976539
-0.08821400
-0.14269758
0.13127278
-0.08995367
0.04457192
-0.16165058
0.06466341
-0.08463337
-0.02617209
0.07760626
0.03248835
-0.11378067
-0.00486913
0.00264431
-0.10746277
0.01438285
-0.06120725
0.16805997
0.06971094
0.01060901
-0.13346054
0.00833552
0.05963079
-0.13577060
0.00275075
-0.17563533
-0.08220119
0.03080444
0.04554973
-0.00540568
0.08339302
0.05568664
-0.08029302
0.10126535
0.03030506
0.05458116
0.02236665
0.02346976
-0.06378180
-0.07483777
0.01817025
-0.05292065
-0.03638922
0.05348943
-0.03158389
0.06250956
-0.00898977
-0.05587773
0.16407023
-0.04354923
-0.04039398
0.07087357
-0.09170945
-0.03651915
-0.03366652
-0.02316216
-0.07153972
-0.00962505
0.09868004
-0.02355048
-0.00134046
-0.03554189
0.07912908
-0.04388150
0.03691623
-0.07048057
0.04343610
0.03602416
-0.01917461
0.08611409
0.08935277
0.03085468
0.01837335
0.07113796
-0.04459496
-0.01600282
0.11924938
-0.04853106
