0.09767356
0.01142594
-0.02785380
-0.00204858
-0.08943661
-0.05268909
-0.00823238
-0.02851176
-0.11372928
0.03161410
0.04339398
0.02915690
0.05293934
0.03778340
0.09920899
0.05379634
0.00075577
-0.06040943
0.11140410
-0.04279443
0.06807661
0.05085423
0.03048268
-0.00294001
-0.04478855
-0.16043738
-0.01409608
-0.01363736
0.00634823
0.12609860
0.04481331
0.01962771
0.01010337
0.12643213
0.04641152
-0.12105023
-0.04540085
-0.05219878
-0.06673349
0.03255718
0.02772740
-0.08252233
0.11120243
-0.05448885
0.21624437
0.02376997
-0.04792404
-0.00504407
-0.09573659
0.02465743
-0.12469429
0.08660969
0.02535395
0.02942988
0.04454699
0.02885093
0.02061831
0.01808422
0.09858167
0.08060324
-0.03960622
0.03539205
-0.13325870
0.07799224
-0.03376816
0.07013690
-0.03685006
0.06238171
0.02661794
0.18927490
-0.03320564
-0.08602270
0.02337377
0.05300265
0.02899852
0.02142323
0.06037537
-0.09477602
0.01137831
-0.00324611
-0.26033952
-0.08312023
0.00293841
-0.08762378
0.19370730
-0.02034434
-0.01428309
-0.07850426
0.08952264
0.01647821
-0.01765049
0.10122279
0.00745628
-0.05651557
0.08470016
0.09386170
-0.07630800
-0.03231079
-0.14751078
-0.01728464
0.02013717
-0.14986912
0.03417032
0.03637641
-0.00413940
0.05340807
-0.02479390
-0.03688497
0.06494171
-0.03293060
-0.06175449
-0.04935768
0.08031698
0.00645400
0.05292805
0.00708335
-0.01591827
-0.09431719
0.01887279
0.04654462
0.11860393
0.08471645
-0.05505154
0.18487262
-0.01651618
0.05799201
0.03941785
-0.17230402
-0.04509989
0.05703333
-0.01144590
-0.10933422
-0.05249815
-0.12682439
0.07103582
0.02330850
0.02912307
-0.04001405
0.00445482
-0.13628822
-0.01156673
0.04112279
-0.02131330
-0.13144610
-0.04326636
0.06617999
-0.01460560
-0.09796735
-0.01891439
-0.08526086
-0.00448443
-0.02840747
-0.01050514
0.09316843
-0.02726548
-0.04350547
-0.00825686
-0.06168414
-0.12100433
0.02681986
-0.12638517
0.06716338
0.11186639
0.07331130
-0.17242177
-0.02909655
-0.01064701
-0.13062486
-0.07072482
0.07955537
-0.07726120
-0.10285282
-0.00888496
