-0.07031756
-0.01028367
-0.02124404
-0.04503521
0.01765831
0.07861691
-0.04088776
0.04477358
-0.02179724
0.13154845
0.05522615
-0.03139845
-0.11068357
0.03485044
-0.17391869
-0.04606156
0.07984131
0.04557293
0.11994690
0.29425036
0.06231410
-0.12610660
0.06920983
0.06075312
0.03275713
-0.14071048
-0.07442601
-0.15154319
-0.07203338
0.00402970
0.00964454
-0.09427875
-0.00554266
-0.02100194
0.04722410
-0.06630962
-0.04512070
-0.10145291
0.11936425
0.00058840
-0.00480384
0.02427368
-0.08319120
0.00282601
0.10737678
0.01691080
-0.01286571
0.03738469
-0.09999505
-0.02371784
-0.02828163
0.04308570
-0.00213746
0.05542419
-0.06688097
-0.10805729
0.06529274
-0.08259551
-0.04503675
-0.02727515
-0.09225529
0.04041022
-0.06031505
0.05911313
-0.13519616
-0.03686323
0.18456525
-0.01503328
0.02617845
-0.05752521
0.01301930
0.01833887
-0.04887133
-0.07155744
0.02423412
-0.00618824
-0.02157186
0.11249146
-0.02447819
-0.04982522
0.02310632
0.08785580
-0.03195917
-0.04174028
0.03045712
-0.01135101
0.11660778
0.02905244
-0.04360558
0.00918571
0.02594559
-0.13395252
-0.04863331
-0.09077596
0.05239890
0.03219660
0.01087375
-0.08055715
0.01939943
0.05296644
-0.02360389
-0.00658351
-0.00221800
0.04772505
0.01687535
-0.15224198
-0.02722845
0.06596059
0.11632911
-0.02542840
0.00335232
0.07074312
0.07973833
0.02689733
0.00518054
0.01985555
-0.19356219
-0.08384083
-0.09130913
-0.03781458
0.06637648
-0.08556768
0.05167544
-0.02681404
0.08410938
-0.08732959
0.01353582
-0.04292084
0.14676216
-0.00549886
-0.05871818
-0.00453243
-0.04412232
0.10515223
-0.00216685
-0.02485990
0.09910935
-0.10090171
-0.03019653
0.10773688
-0.00010375
0.09273909
0.02237086
-0.02886053
0.03689319
0.00003120
0.19344822
-0.04315720
0.08408025
0.13548417
0.01539236
0.05551295
0.00749977
-0.10678686
-0.13570343
-0.07135214
0.03431078
-0.09575591
-0.14151732
0.00328201
-0.07345114
0.09168164
-0.12592794
-0.08003388
-0.01681059
-0.07014552
0.01162479
-0.05170803
-0.07471118
-0.00874694
-0.04951733
-0.05534932
-0.16067279
