0.01972085
0.09097758
0.05105822
0.15541195
-0.08980634
-0.10726518
0.00754470
0.09120801
-0.01009811
0.00724709
-0.04423648
0.01854624
0.00669076
0.01534241
0.11022235
-0.00880445
0.00645782
-0.05158531
-0.12509819
-0.08510971
-0.06922542
0.07621948
-0.00559147
0.00710994
0.08253150
0.01834860
0.08507386
0.06312469
0.02350295
0.02277981
-0.04602980
0.12732842
0.01303331
-0.03880841
0.05975414
-0.01895531
0.12888160
0.06796197
-0.03838375
-0.00054532
-0.05311050
0.12285624
0.00431707
-0.02445881
0.00803963
-0.01700328
-0.03115630
-0.00692509
-0.03418869
-0.04992333
0.00960318
-0.05711124
-0.03497153
0.08092874
0.00936494
-0.04320710
-0.13139941
-0.04571028
0.04652631
0.10967635
-0.06329272
0.04873051
-0.04664238
-0.02522383
0.00504707
-0.04182948
0.08257155
-0.18503671
0.08533208
0.09133818
-0.06783140
0.05588098
0.14680561
0.03104644
-0.07501333
-0.07705417
-0.05063789
-0.08640403
0.01539398
0.06104188
0.03747958
0.04549158
0.00215448
0.02770761
0.07464954
-0.06689766
0.11952204
-0.03294610
-0.06955346
-0.12419663
0.15431325
0.01791709
0.00212984
-0.10412078
0.10433644
-0.20445101
-0.14762148
0.09577857
-0.07375011
0.06700963
-0.06262271
0.07829379
-0.08509306
-0.00311899
-0.02354257
-0.03184500
-0.13724931
0.14859467
-0.11800549
-0.03218432
0.08467374
0.08462194
-0.16684034
0.02040670
-0.08334413
0.01299895
0.01938975
-0.10680350
0.03192788
0.03424826
0.03026511
0.01789924
0.04474835
-0.06352883
0.04946586
-0.13749644
0.02913452
0.15474691
0.03056991
0.01817578
0.02820587
0.04976421
-0.08623930
-0.10090081
-0.00876316
-0.11667038
-0.10729760
0.00683282
0.08200936
0.00624044
-0.06814953
0.09356564
-0.02494905
0.06673603
0.06699143
-0.07485474
0.09719392
0.09797450
0.04766490
-0.03958050
0.01642590
-0.03768581
0.08767530
0.01062268
0.00218488
-0.05748979
0.10230450
0.02278770
-0.05578621
-0.16798721
-0.02256786
-0.07192323
0.00635229
0.05543401
0.08557608
-0.04144899
0.03040752
0.06711107
-0.16106764
0.00080435
0.18715228
0.09903446
-0.02353122
