-0.00659432
0.07327611
-0.05697446
0.05317156
-0.08601623
0.02685806
-0.00584714
-0.07187241
0.01566430
-0.15491110
0.12823325
-0.04809884
-0.17333731
0.07364997
0.02319444
0.02838558
0.09461238
-0.06348077
0.15042784
0.08944537
0.14562722
0.06572184
-0.07000850
0.07524681
-0.14219923
-0.00613426
0.00794996
0.00580776
-0.04639641
-0.07919662
-0.04248723
0.00591614
-0.00688430
-0.07226497
0.14355429
0.03226891
0.05560430
-0.10262584
-0.01745313
0.01776482
0.06540166
-0.06493053
-0.00589990
-0.00138499
0.01889521
0.14178839
-0.11668707
0.07503349
0.04517126
0.04249430
-0.00894980
0.03270205
-0.03795004
0.11609335
0.00583319
0.17363322
-0.01095594
-0.08592791
-0.03934569
-0.04327905
0.04056382
-0.06376342
-0.17898933
0.05380277
-0.01329036
-0.04047368
0.05546286
-0.01288855
0.14040732
-0.02293319
-0.04072387
0.03642576
0.11132632
-0.11729973
0.07852106
0.03635408
0.00760352
-0.13942621
-0.17363728
0.04759604
0.03135647
0.01322453
-0.01683648
-0.02263958
0.06461458
-0.03969156
-0.02941302
-0.09465602
-0.05202366
-0.06220841
-0.00584248
0.04696196
0.06207023
0.03256044
0.04364747
0.05369227
0.01104100
-0.08357055
0.06287007
-0.02042288
0.01441507
-0.18434068
0.06054448
0.08568526
-0.06960235
-0.03247272
0.03609909
-0.09994340
-0.02929110
0.00004212
0.02290809
0.03232987
0.11758957
-0.05556635
-0.03749975
-0.00629091
0.13960578
-0.01792503
-0.12132931
0.12179448
0.03798611
0.09121124
0.18025072
-0.07137955
0.05615751
-0.00993558
0.02876450
-0.04472938
-0.10872497
-0.06022510
0.08360823
0.07474384
0.14981212
-0.12017047
-0.15427770
-0.05138117
0.00630767
0.03820291
0.02937847
-0.06104400
0.17609918
-0.08631453
-0.02134596
-0.03062290
-0.06396239
-0.03955339
0.00525877
-0.07410306
0.04984146
0.12621915
-0.04765169
-0.08966581
-0.05157641
0.04966604
0.00951240
-0.05547381
0.07125794
-0.06325323
-0.05817807
0.01468064
-0.03789998
-0.07529334
-0.00031655
0.12026133
0.00125405
-0.05313604
-0.07476169
0.04756100
-0.03272664
-0.09166518
-0.04386449
0.06634918
0.02132542
