0.12897026
0.02392394
-0.10578216
0.13575626
-0.05026993
-0.01994661
0.12197706
0.04342098
-0.02284730
0.12523067
0.06506880
-0.13019542
0.01284740
0.06252663
-0.00947178
0.11637033
0.00602032
0.08248822
-0.03469313
-0.08174089
0.02630230
-0.02352333
0.01828791
-0.06465122
0.01118661
0.10431638
-0.00268919
0.08714240
-0.02133569
0.02220350
0.02150015
-0.08473947
-0.11710053
-0.02087966
-0.09276361
-0.05994123
-0.03468968
0.06760649
0.05797074
-0.03721212
-0.01960568
0.06946121
0.07472679
-0.04370448
0.00167659
0.11204908
-0.07033157
0.01443507
-0.00946199
-0.08234221
0.00115557
-0.06207714
0.02579994
0.00732660
-0.09776579
0.17514020
-0.04859238
-0.04901076
-0.16330078
-0.05076690
0.07082292
0.05526800
0.10915215
-0.08638619
-0.00259025
0.00845101
0.16684673
-0.05806070
-0.01349039
-0.11999196
-0.10661255
0.03892006
-0.06820222
0.00647101
-0.05114693
-0.03098800
-0.02407150
-0.01890025
0.19185335
-0.00247529
0.00268229
-0.14071596
-0.11826164
-0.07789376
-0.03215888
-0.00997200
-0.19857978
-0.02053344
-0.06961254
0.07415833
-0.05989220
-0.13539523
0.06199284
0.10643318
0.05334817
0.01872283
0.09012080
-0.00764296
0.11048971
-0.03149732
-0.01124149
-0.05339975
-0.08621649
-0.00249727
0.00076899
0.10923086
-0.00692521
-0.11167274
-0.02543934
0.04597574
0.05462496
-0.13257057
0.09730873
0.01930919
0.04952739
-0.06172278
0.01609747
0.09654523
-0.09630871
0.06032828
0.14068735
0.00492281
0.09774263
0.00692092
-0.04310647
-0.14318365
-0.07169272
-0.05780845
0.14305784
0.01267243
0.12776149
0.01784327
-0.00526156
0.05321739
0.07887035
-0.03424641
-0.06124892
0.10070888
0.07596387
-0.04475256
-0.02680644
-0.06108270
0.03791116
-0.01904762
-0.07421886
0.06672752
-0.05042121
-0.00756537
0.06378782
0.08331513
0.19389618
0.05995583
-0.08781511
0.08110689
0.04320502
-0.09007163
-0.07336491
-0.07573358
-0.01993398
0.04662244
0.02687991
0.00850264
-0.01815062
-0.02610195
-0.04323578
0.09940001
-0.07754448
0.04371540
0.13801773
0.02560192
0.03711421
-0.11919233
-0.02624390
