-0.11428896
0.08868753
0.07453694
-0.16206906
0.06203620
0.01356357
0.07935940
0.01909761
-0.08642542
0.05513386
0.19059487
-0.17407696
0.12035211
-0.01048054
-0.00358265
0.09867672
0.01930639
-0.16835324
0.14489672
-0.01783716
-0.00907180
0.00115898
-0.03748423
0.06025875
0.03256142
-0.02984607
-0.10555675
-0.02644140
-0.03496797
0.01422460
-0.07303609
-0.02328682
0.05930969
-0.12538430
-0.08595532
-0.06216222
-0.04282167
0.05947304
0.12058886
0.11423083
0.09538528
-0.07157463
0.01039632
-0.03550320
-0.07158751
0.10419271
-0.02305246
0.10176652
-0.05166660
0.12009528
-0.06567272
-0.08230611
0.00891007
-0.04727160
-0.00588702
-0.04007811
-0.04663167
-0.05989310
0.17501082
-0.00963299
-0.02047249
-0.06644684
-0.02428749
0.01739489
0.02656021
0.11416912
-0.01236788
-0.01372570
-0.14383401
-0.03431197
0.00242366
-0.09037659
-0.08736291
0.06674807
-0.07527260
0.01604153
-0.00376487
-0.00445270
0.03217492
0.05118687
0.01972405
-0.08305975
-0.00639361
-0.07087262
-0.00061360
0.00759932
-0.05188026
-0.00587609
0.01427752
0.02336582
-0.00795276
-0.14449511
-0.12329691
-0.00851432
-0.05469147
-0.10409966
0.04844073
0.01724752
-0.03701797
-0.01004662
0.01493425
0.04704485
-0.10379174
0.14734936
-0.13953847
-0.09450147
-0.01285957
0.10403888
-0.08475534
-0.05090964
-0.03859044
-0.02440414
-0.01862057
-0.03208203
-0.14808106
0.08977182
0.00136669
-0.06898066
0.02293537
-0.07378756
0.05232820
0.07384155
0.07235373
0.03502141
-0.04887575
0.01582376
0.06893383
-0.05253416
-0.06380850
-0.05133985
0.04256661
0.08693098
-0.11165374
-0.06097784
0.11220150
-0.11930017
0.03536493
0.04643739
-0.02177668
0.06655465
-0.07737758
0.14598783
-0.13730676
-0.09495379
-0.08766232
0.02231947
-0.04104433
-0.08094397
-0.10030800
-0.01287813
0.07217604
0.01403373
0.00997648
0.04806391
0.07945599
0.14059897
-0.04052794
-0.00649500
0.06885870
-0.00796262
0.08325007
0.09562590
-0.07926092
-0.05825341
0.08355782
0.08525742
-0.10868648
-0.05337605
0.06661548
0.07048822
0.06440413
-0.10337570
-0.14539129
