-0.01154198
0.05319140
0.01901903
-0.07929772
0.06233798
-0.00480436
-0.08946022
0.05813274
-0.10371702
-0.11673559
0.06499474
-0.02569844
-0.08210648
-0.23949584
-0.05047175
-0.03701211
0.07542260
-0.00518857
0.01495092
-0.03144541
0.12392221
-0.07737642
0.05840267
0.00957676
0.06681454
0.05111653
0.01011331
-0.06436813
-0.06023796
0.10959295
-0.00464674
-0.04312955
-0.13216652
-0.02395833
-0.07140593
0.07029727
0.14162286
-0.02298519
0.05439172
0.06857864
-0.00868515
0.06138951
-0.09884616
-0.03612797
-0.01342638
-0.07758752
-0.02186878
0.10994858
0.09904177
0.02849683
0.08631134
-0.01378055
0.17726710
-0.10874620
-0.12005883
0.07088099
0.07805018
-0.03504694
0.06136133
-0.01081916
0.07765834
0.09872252
-0.02449293
-0.05073611
-0.14983059
0.11891178
0.07663347
0.01208697
-0.20528383
-0.09090645
0.10699839
0.06241323
-0.09923503
-0.08180540
0.04403129
0.13594019
0.02118861
-0.08370652
0.00966916
0.00137642
0.07187490
0.18577458
-0.03967864
-0.03852880
-0.07356576
-0.11992099
-0.04975639
0.05497533
-0.01171760
0.03314826
-0.06072082
-0.00074477
-0.10695565
-0.02477508
0.03708502
0.04413574
-0.10654875
-0.05410689
-0.07207663
-0.07239780
-0.02174720
0.10023314
-0.03647029
-0.06610908
0.07850609
0.00509549
0.04227020
-0.00086138
0.06369655
-0.01116424
-0.01747201
0.01166220
-0.10149140
0.03472849
0.02972099
0.09692470
0.10745417
-0.02044750
0.03715875
-0.01072938
0.13149716
0.04110000
0.16106596
-0.05159272
-0.03012324
-0.05987377
-0.04784342
-0.01585403
-0.02120983
0.07349447
-0.08981266
-0.09419320
-0.09861547
-0.17980619
0.01287208
-0.05839125
-0.09938715
0.02138135
0.12947903
0.02284649
0.00691084
-0.08085416
-0.00726776
0.01161524
0.00548009
-0.02767324
0.05724954
-0.01851526
-0.08733788
-0.05942016
-0.11134110
0.05845673
-0.00164232
-0.10676869
0.05282329
-0.03535145
-0.06542519
-0.06673517
0.02089335
0.02157141
0.04032464
-0.04257568
0.06755736
-0.04615990
0.09970731
-0.11682438
0.10803951
0.02781944
-0.10126128
-0.03041527
-0.03210152
0.09121271
0.07415654
