-0.01214223
0.14895204
-0.04611803
0.03577337
-0.09477471
-0.08121088
-0.01743415
-0.01763036
-0.12241403
0.00593910
0.11812898
-0.08747413
-0.02952237
-0.02208040
-0.10080056
-0.05479592
0.03719529
-0.02612750
0.06188660
0.00705589
-0.01453133
0.06600283
0.00750108
0.11536438
-0.08569098
0.14486379
-0.02637115
-0.00701274
0.02172085
0.00119474
0.05650710
-0.02369826
0.15059036
0.12642282
0.07992606
0.03796815
-0.14773951
-0.11106246
0.07976557
-0.05864423
0.07305806
-0.06712103
-0.04059800
-0.07043630
-0.17833074
-0.11534205
0.10050091
-0.10693802
-0.14287154
0.04508186
-0.03388272
0.05338929
0.00697201
0.15172730
-0.02726619
0.04263154
-0.06588325
-0.02323059
-0.05690195
-0.08202469
0.10991087
0.05861862
0.03658680
-0.03637776
0.01118659
0.06299301
-0.03763713
0.01742885
-0.09099591
-0.01106181
-0.02233198
-0.00721170
-0.07057239
-0.05246099
0.08714283
-0.02970250
-0.17890394
0.13562001
-0.08559171
0.08231284
0.17531816
0.05614263
-0.14640779
-0.02144400
-0.04207763
-0.01799932
-0.00341066
0.15003143
-0.08031136
0.01211553
-0.00656499
-0.06037298
-0.05739086
0.07287220
-0.03664303
0.01255732
-0.07313268
0.02367748
0.05816567
-0.01488518
-0.06668497
0.09918015
0.10104527
0.06612657
0.09134095
-0.10732558
0.01524717
-0.12731773
-0.03613754
-0.00095113
0.01748949
0.07999268
0.08055359
0.10821197
-0.01121403
0.11542048
-0.03631063
0.04651473
0.12882097
-0.11334660
0.10180177
0.03643287
0.03063591
0.01367703
0.06963627
0.09307005
0.05678863
0.05997080
-0.17039103
-0.00343829
-0.02356158
-0.07150677
-0.06454170
-0.05518736
0.07308533
0.06773719
-0.04149981
-0.01412196
-0.02333578
-0.05934979
0.09290269
0.04821737
-0.13377660
0.03218599
0.03311633
-0.10758305
-0.09699988
-0.03837392
-0.01722297
0.09969359
0.02267221
-0.01860049
0.01048820
-0.10256675
-0.04695645
-0.01539878
0.06488580
0.00487508
-0.01882628
-0.13334043
-0.00488810
0.06868907
0.05025549
0.07183004
-0.05081473
0.02149745
0.09832552
0.10215727
0.06084305
-0.04086651
0.11004996
0.05860800
-0.00998312
