0.00350617
-0.07357510
-0.03770396
0.02109764
-0.14233475
0.04709988
-0.14828295
-0.05120553
0.11438303
-0.01657340
-0.04131959
0.20211719
-0.09272784
0.05092604
0.07255891
0.04245081
-0.03451179
-0.00881878
0.07641597
0.06798969
0.08390574
0.02243226
-0.09435774
-0.03378557
0.03068342
-0.10174473
-0.11881362
0.03497993
-0.01256156
-0.07336796
0.04758654
0.00192771
-0.12122743
-0.10559750
0.09162002
-0.00287458
0.06433106
0.05607422
-0.01430306
-0.03420074
0.13255402
-0.08399633
0.17063317
-0.01255463
-0.04873757
-0.04720556
0.06738293
-0.03728576
-0.08871367
0.00771864
0.12328892
-0.01801544
-0.06227827
-0.00764147
-0.00548019
0.04958130
-0.07748695
-0.00710481
0.07384499
-0.00107965
-0.05401208
0.09169666
-0.02595619
-0.08352550
-0.05937959
-0.06199568
-0.13117816
0.07433100
-0.14403872
-0.05920134
-0.04173397
0.09729380
-0.07500416
0.02783336
0.09767649
0.02355929
-0.07579752
-0.00227238
-0.00299107
-0.02341880
0.00361092
-0.00796176
0.07053620
0.08940789
0.04257393
-0.01095359
0.02718136
-0.09187249
-0.04846498
-0.18576216
-0.06410304
-0.06304928
0.03223093
-0.00622657
0.01967757
0.01086595
0.00461340
-0.21070983
0.02848114
0.08362631
0.09140128
0.07178388
0.01621926
-0.04801166
0.11994108
0.18504844
-0.05300386
-0.03299823
0.09113942
-0.14073573
-0.00730887
0.01603630
-0.00845461
0.01983373
0.00550456
0.10010916
-0.07487775
-0.00709321
-0.00092595
0.03962313
0.03843730
-0.05704661
-0.12112731
0.03774163
0.00759114
0.03567901
-0.08924766
0.07516045
0.00941039
0.03265661
-0.02181204
-0.03046413
0.00764089
0.10319808
0.12680670
0.04939663
0.02797018
0.10094148
-0.14898827
0.08207433
-0.13481157
-0.07128804
-0.05063883
-0.02933018
0.08098156
0.08601746
0.05530265
-0.09138989
-0.02167288
0.06001744
-0.05782131
-0.01221442
0.13432577
0.03759227
0.10446582
0.00960152
0.13084365
0.00865703
-0.07222045
-0.03325396
-0.12617572
-0.01222867
0.02437458
-0.04532600
0.06974848
-0.19463273
0.01279391
-0.00054428
-0.14865993
0.05718127
-0.04216919
0.03554349
-0.05329072
