0.06735595
0.03625282
0.02796231
0.02222262
-0.18229590
0.00946754
0.07768611
0.04478821
-0.04193263
0.04993527
-0.03218620
-0.07406521
0.07729224
0.10079312
-0.02063142
-0.01455880
0.02255215
0.03472747
-0.00947841
-0.00504820
0.00987110
0.00276331
-0.02966890
-0.03552439
0.06474465
-0.01823134
0.04866670
0.01571926
0.01797283
-0.17053023
0.07476494
-0.10370430
-0.08026500
0.02417238
-0.02502629
-0.02222838
-0.05324374
0.07605212
-0.02054084
-0.06808094
-0.00093990
-0.19846589
0.03959538
0.02757746
-0.02693404
0.13598109
-0.06203990
-0.09670794
-0.01948402
-0.00699337
0.01622062
0.04003048
-0.03558930
0.02855186
-0.08299545
0.05506338
0.02905780
0.05782574
0.07899974
0.07813157
-0.07951834
0.16057103
0.11674760
-0.10587094
-0.01004453
-0.06826012
0.14102131
-0.05720681
-0.06734612
-0.00607871
0.01833922
0.15232982
-0.05397919
-0.13613464
0.05893696
0.05151940
-0.11934816
-0.09182062
-0.05577806
0.04008530
-0.01381917
-0.00471979
-0.02625206
0.19098658
0.00135299
-0.00448345
0.22049624
-0.08580696
-0.08566739
0.02250595
-0.16271927
-0.00641269
-0.03905001
0.00332707
-0.02185494
-0.01670409
0.10918405
-0.07619287
-0.14270150
-0.12488208
0.05755953
-0.02087764
0.09948848
0.05243735
-0.02569060
0.00804997
-0.02222902
-0.06429889
-0.04664330
-0.05276146
-0.02363863
-0.17609668
0.03691399
0.04251751
0.05349413
-0.00557708
-0.05591825
0.15282183
0.00332212
-0.19186197
-0.10710762
0.12136805
-0.06777384
0.00618618
0.10090757
-0.02256774
-0.01729464
-0.11708577
-0.03395623
0.03977539
-0.07796798
-0.07908438
-0.00372881
-0.01930930
0.01941746
0.04523767
0.04760097
0.14230088
-0.01263739
-0.01499878
0.07295746
-0.03501130
0.12163830
0.03820520
0.01322923
0.09025725
0.07610484
0.04904662
0.01108964
-0.00702599
-0.01690352
-0.12814585
0.09847615
0.00270260
-0.10341956
0.00854889
0.03728577
0.01135602
0.01868890
0.03287805
-0.15260943
0.00499068
0.04797271
0.07056098
0.02228700
0.00987146
-0.11944123
-0.11094323
0.03479476
0.10792732
0.02656481
-0.09918431
-0.06160669
