-0.05709910
-0.01748334
0.01402434
-0.08338795
-0.02834029
0.10129232
-0.00175028
0.08975941
-0.15644321
0.27107483
0.01250396
0.07535763
-0.07853593
-0.00990253
-0.04332043
-0.04356416
0.04613827
-0.00474784
0.07202669
-0.07440400
-0.04463381
-0.12226590
-0.06058789
-0.07916560
0.06620377
-0.01984586
-0.02945424
0.00866353
-0.12821121
-0.06279246
0.04599411
0.02013732
-0.03136374
-0.07017520
-0.12545980
-0.00855001
-0.03327181
0.05255094
-0.10379836
-0.23424696
0.00938165
0.11642906
0.02532943
-0.08677793
0.09636051
-0.03568499
0.06699495
-0.07342901
0.00420231
-0.03024503
-0.09418477
0.19755823
-0.02746511
-0.01988659
-0.03478637
0.05879655
-0.03593671
0.06822921
-0.02975563
0.02568971
0.11001385
0.04203834
0.01212644
0.10871981
0.04299953
0.15727072
0.09166343
-0.02109305
-0.08646268
-0.00816832
0.11145979
-0.07410507
-0.07036994
-0.05031562
-0.03640683
0.06554269
0.02857694
0.04922905
0.01569458
-0.00573202
-0.00195670
0.02916296
-0.00214026
-0.03629098
0.02366328
-0.14597070
-0.01714906
-0.01006473
0.07780668
0.00207802
-0.04048421
0.05920477
0.04515770
-0.08190919
-0.07541393
-0.04491992
0.11519027
0.01146280
-0.02692372
0.05597631
-0.02559234
-0.12566805
0.00844502
-0.18583993
-0.02483653
-0.03926111
-0.09090016
-0.05593371
-0.05133301
0.02909941
0.08365030
-0.02063027
-0.01858639
-0.01552600
-0.00952887
0.00564214
-0.01430906
-0.11618041
-0.09267981
-0.04182049
-0.08111461
-0.14377667
-0.03435736
0.08730374
0.00550841
0.03226545
0.00931139
-0.00589914
0.08388767
0.02739842
0.11234852
0.07762580
0.10958360
-0.04040996
-0.08215398
0.04267720
-0.06690169
0.01083800
-0.04256732
-0.04604602
-0.05850380
-0.00655540
0.03873216
-0.02935121
-0.01550269
-0.01434130
-0.12673887
-0.01821064
0.01255463
0.02431758
0.09401481
-0.03388269
0.13677306
-0.03840676
0.00869779
-0.05008154
0.17715262
0.01386961
0.00283824
0.10489100
-0.06227042
-0.06301939
-0.03362526
-0.10067137
0.01031818
-0.16215541
0.11380472
0.03769616
0.12157453
-0.10699908
0.04171773
0.05926515
-0.18658760
