-0.14403090
0.08245766
-0.06836060
0.13582893
0.00392600
0.04051381
-0.04307944
-0.02375360
-0.07143374
-0.00947993
-0.02340578
0.05192325
-0.08859812
0.07733068
-0.05338989
-0.01283919
-0.08522089
0.04693528
0.02397229
0.04184206
-0.08471788
0.06873824
-0.09091220
0.13293058
-0.05924702
0.04208648
-0.05592792
0.04810880
0.08734570
0.00850093
0.02666033
0.09697651
0.04074375
0.11170679
-0.18940520
-0.09003993
-0.00685640
0.05914202
-0.05442486
-0.02064668
-0.03600707
0.11196174
0.06663380
0.03451541
0.04660596
-0.07126138
0.00042800
-0.04758824
0.01250142
-0.01072636
-0.03322435
-0.11894996
0.19163876
-0.04424342
0.16254055
-0.09649235
0.04965372
-0.17064430
0.02282278
0.00131685
-0.03224037
0.02033742
0.08356042
0.06361261
-0.00825308
0.00569631
0.13682222
0.03835687
-0.06309741
0.08337181
-0.04866690
-0.05141659
-0.22483351
-0.07191488
0.06720881
-0.09740977
-0.04962998
-0.12947504
-0.06645815
-0.04933786
-0.06363768
-0.03991868
0.14057555
-0.05045642
-0.01347716
0.00631621
-0.02143947
0.04149760
0.00706066
-0.08204032
-0.02397642
-0.05580994
0.03979485
0.02280065
0.04499452
-0.03955550
-0.00415198
-0.09148418
0.07400883
-0.00530639
-0.10533073
-0.10044317
0.04733346
0.03767249
0.05816249
-0.12128137
-0.09808530
0.01947509
-0.03152324
-0.02241873
0.10585628
0.03033120
-0.13286179
-0.06983393
-0.01217624
-0.05563856
-0.07703781
0.04016971
-0.01968832
0.08605639
0.11743698
-0.04133916
-0.08252245
0.04043896
0.01564610
-0.01294009
-0.10743310
-0.05386586
-0.09599776
0.00766260
-0.00513425
0.09518282
0.08061608
-0.03624333
-0.02791397
0.16208407
0.01903216
-0.01335523
-0.03301397
0.04804552
-0.05421023
0.02675812
0.01961492
-0.12231009
0.05412351
-0.00828250
0.06899552
0.01660593
-0.00707370
0.01585275
0.03313141
0.16866913
0.04559295
-0.10805364
-0.02480385
-0.03451695
-0.14144497
0.01241592
-0.14850095
0.08500431
-0.14713661
-0.08555127
0.03572993
0.05138798
0.07238230
0.01643162
0.07848048
-0.00592599
0.00207481
0.01903352
-0.01149775
0.05368511
0.21750834
