0.08715747
-0.01972434
-0.01717851
0.04517283
0.07983924
-0.08447358
-0.01997025
-0.06916075
0.01101471
-0.03737974
-0.07158814
0.04417045
0.03813515
0.04127115
0.05826581
0.05366452
-0.02839417
-0.04558030
0.03678612
-0.15323482
-0.06432376
-0.04029489
-0.00640793
0.01892895
0.09488427
-0.01082258
0.23476081
-0.01305597
0.12097221
0.04181414
0.06475863
-0.00345657
-0.06566995
-0.07654485
-0.00728354
-0.10072162
-0.02550038
-0.03281621
0.03333163
-0.08250750
-0.02046322
-0.00559046
-0.07883938
-0.00069788
-0.02524140
0.01591143
-0.01120614
0.05392687
0.02429374
0.01843126
0.04697550
0.15589969
-0.05242762
0.02201983
0.00697504
0.08680775
-0.04384082
0.07556527
0.06484295
0.11862025
0.01042582
0.04961090
-0.06314431
-0.05103886
0.05682089
0.09113306
0.01137613
-0.07756834
-0.07385996
0.20200539
0.01310623
0.10453615
-0.10389262
-0.01194579
-0.06954778
0.08330009
0.04309659
0.02059930
0.09470321
-0.11712815
0.00973701
-0.08582451
0.16182200
-0.10210527
0.04877466
-0.11543776
-0.05585299
-0.01258902
-0.00737892
-0.07538030
-0.03165997
0.05322210
-0.10923690
-0.10424262
-0.01309902
0.04363449
0.05994918
0.17354548
0.03231722
-0.05495128
0.14981382
-0.11227343
-0.05521692
-0.03035456
0.07260842
-0.00482754
-0.00538971
0.00246402
0.07128300
0.15619643
-0.00023668
0.14827211
-0.06541262
-0.00461930
0.01380536
0.12352762
0.02115953
-0.04515384
0.10919282
-0.05168810
-0.06487568
0.14213740
-0.05377795
0.02701052
-0.06134360
0.06304074
-0.07789442
-0.06992949
0.03291908
0.02905924
-0.19005081
-0.09243450
0.00673703
0.05561725
0.09177035
-0.03412032
0.06757956
-0.00377098
-0.04167381
-0.01005788
-0.17027434
0.08928260
-0.07791349
0.02163293
-0.04001526
-0.00598471
0.01433589
0.08131976
-0.03238953
0.17526094
-0.08207605
-0.01147721
-0.02282832
-0.08325237
-0.06692754
-0.05465741
-0.08164428
0.01115584
-0.06750430
-0.07734125
-0.00241253
-0.00953668
0.09920474
0.06273560
0.09582987
-0.10261336
-0.00641950
0.05541639
0.22685420
0.00449445
0.07207746
0.02880507
0.00026829
