0.04852040
0.08119453
0.11406549
0.09439864
0.13873472
-0.00363429
-0.16840887
-0.06801687
0.02434002
-0.03118161
0.02934244
-0.03748435
-0.00745196
-0.03968739
0.02435819
0.15641750
-0.05419325
0.07271825
-0.00609236
-0.08041173
0.17772898
-0.01573343
-0.00993372
0.04185091
-0.02387212
0.11442001
0.01726241
-0.04685854
-0.00152043
0.14086440
-0.00911143
-0.05414189
-0.01989077
-0.07135965
0.00142244
-0.16463430
0.01633201
0.00656497
-0.02855327
-0.09385536
0.04547472
0.06207109
0.05618601
0.02793480
0.06951105
0.13019783
-0.16877151
0.11861735
-0.13508971
0.01315601
0.02604232
0.12076347
-0.04263051
-0.03781273
-0.00755205
-0.10278756
0.09544487
0.16943661
-0.00995822
-0.07265014
-0.02758620
-0.06678371
-0.04707425
-0.05819576
-0.03788775
0.06713648
-0.03421371
0.11161377
0.00613366
-0.17247582
0.01807589
-0.07976217
0.20453413
-0.02970345
-0.00840738
-0.04527226
-0.06719968
0.02523464
-0.00934209
-0.05586974
0.03544987
-0.03154755
0.08244477
-0.10354670
0.01315772
-0.03656345
-0.01588042
-0.00689087
-0.02643457
-0.08406677
0.00747434
0.05393375
0.04941679
0.08556485
-0.05267825
0.00694535
0.02577561
-0.02650980
0.05040799
0.01622701
0.03498694
0.01918500
0.03434682
0.06673231
0.04167733
0.00674808
-0.06771915
0.06811725
-0.00259472
-0.06874080
0.06793917
-0.01248973
-0.09176588
-0.04300698
-0.03050586
0.09532159
0.03208336
-0.03399193
-0.03870101
0.14380360
0.10434478
-0.11123366
-0.15794994
-0.02130904
-0.05832248
-0.08255730
-0.12720960
-0.07635426
-0.07026560
0.05663071
-0.01506890
-0.09483183
-0.02517942
0.02954236
-0.22832841
0.04945316
0.03262321
0.09175513
0.00892170
0.06628793
0.11341048
-0.00135974
-0.04764174
-0.05969498
-0.05238824
0.07499423
0.15308489
0.01821665
-0.09908077
-0.11614513
-0.04943762
0.16778089
0.10124963
0.11163380
0.07882707
0.04499550
-0.10443427
0.02241116
0.06323870
0.07141768
0.05292407
0.01690681
0.01144753
0.03165402
-0.02574193
0.03893401
-0.01881885
0.06551252
0.04224878
0.07890847
-0.01485981
-0.06428081
0.04510438
