-0.14334978
0.03955391
0.03551492
-0.08674719
0.15864521
0.08609354
0.01951754
0.16490445
-0.00601352
0.04805307
-0.03780543
-0.04582874
0.15775277
-0.03310748
-0.07236175
-0.05903362
-0.12391828
-0.08650001
-0.10840742
0.09480567
-0.05971454
-0.12449310
-0.07894081
-0.05530166
0.12278514
-0.06278361
-0.02895420
-0.03856273
-0.02395468
0.10501744
0.05028737
-0.02531498
0.07572282
0.03130170
-0.00340151
0.06067517
-0.04356352
-0.03863825
0.08257601
0.02919163
0.04592345
-0.10490762
0.03026485
-0.07346447
-0.01018054
-0.00681974
-0.09955959
0.03401362
0.03557342
-0.24291004
0.02050814
-0.03117553
-0.02826641
-0.01197299
0.02828697
-0.00242789
0.15001539
0.06364571
0.04436471
0.00578170
0.03274583
-0.04911013
-0.12828527
0.01260491
-0.03308033
0.01622871
0.02174707
-0.02975006
0.00437106
-0.02106356
-0.09043860
-0.01276457
-0.04239136
0.03665176
0.13330096
-0.16379678
-0.02192267
0.02269661
0.01580625
0.00331320
-0.00296048
0.01842046
-0.05591002
-0.04304646
-0.07104591
-0.00748986
0.01206324
0.00984393
-0.03781523
0.14016877
0.04365044
0.05992829
-0.02008222
-0.02981942
-0.06089925
-0.06459346
0.05777569
0.03981749
-0.03977302
-0.02510526
-0.03584778
0.04823134
-0.03678962
0.09332476
-0.09032655
0.08083893
-0.00426518
0.00914009
0.12090914
-0.05473643
-0.18477511
0.00408086
0.01815334
-0.05388512
0.11349854
0.07618197
-0.03313799
0.06193164
0.07017047
-0.05152856
-0.15985271
0.12295355
-0.07986595
-0.06309515
-0.00882178
-0.02056872
-0.19952164
-0.02351122
-0.03581669
0.03624421
-0.04837916
-0.02575755
-0.05417696
0.14257977
0.07263387
0.10417197
-0.06258120
0.17192229
-0.10396273
-0.05132391
0.12317335
-0.00782611
0.05185440
0.12574498
-0.05865100
-0.09610419
0.02371574
-0.04801769
0.04585400
-0.07565115
-0.04632391
0.04671159
0.01574281
0.04068832
-0.12182363
0.01841010
0.03194922
-0.07503999
0.10369746
0.02961540
-0.05297801
0.02939234
0.01384546
-0.08801138
-0.00841225
0.20170748
0.09744337
0.14390820
-0.01796522
0.01982053
0.03728298
0.04171285
-0.01937051
