0.02018226
-0.01092762
0.13412448
-0.01203438
-0.09150217
-0.08570871
0.00546893
-0.01847376
0.06253471
-0.01589827
-0.11761213
0.09052532
0.04231924
0.08955726
0.06792712
-0.08043704
0.03049324
0.02952980
0.05459917
0.01240797
-0.04990635
0.02374294
0.03963651
-0.14804808
0.03816095
-0.04278806
0.02502016
0.09858773
0.06035831
0.14369280
-0.05214299
-0.01355224
-0.05959102
0.02772238
0.13407331
0.00641372
0.15566776
-0.12191134
-0.00784111
-0.04585627
-0.00851941
0.01113983
-0.00375038
0.02676216
-0.02841855
0.13550867
0.02673262
-0.08727386
-0.06081293
-0.06636778
0.02321399
0.02966738
-0.05456258
-0.08601551
-0.07084962
-0.05876894
0.03118720
-0.03629700
0.04535846
0.10882008
-0.04786696
0.01512653
0.01433438
0.03661303
-0.05874622
0.00681721
-0.00809781
0.08338468
0.04230439
-0.04263729
0.11605955
0.12594973
0.04199951
-0.02422395
0.04319615
-0.01928370
-0.07812418
-0.03379973
-0.17185695
-0.01529811
-0.05689131
0.04414389
0.07981181
0.00072835
-0.08989652
-0.09433414
0.03227358
0.13540170
0.12033688
0.00825380
-0.12291835
0.00811869
0.11586446
-0.12820149
0.08707833
0.03888719
0.15387177
-0.06497439
-0.07491268
0.01731278
0.04098228
-0.00944795
-0.11107988
0.03127670
-0.06220357
-0.05706923
-0.06841618
-0.04704829
0.01480816
-0.09097073
-0.00425529
-0.02048331
0.05160176
0.05295381
0.09173161
0.10835452
-0.08349053
-0.04146607
-0.10364272
-0.06710437
0.08479742
0.10015803
-0.07999600
-0.05178381
-0.18757914
-0.01003173
-0.04026984
-0.04070103
0.04495212
-0.01298387
0.00047788
0.04056905
-0.08268931
0.07948705
0.02119630
-0.03580936
-0.06402170
-0.08097615
0.04024481
0.00290721
-0.03815776
0.04373016
-0.10765315
0.14130580
-0.10989573
-0.15252454
-0.11604189
0.07835030
-0.12895104
0.02001173
-0.08506183
-0.09727695
0.00504614
0.02170059
0.08225921
0.08649760
-0.00666302
-0.08138266
-0.01615814
0.00473498
-0.12058723
0.07963359
-0.15422360
0.24080285
-0.00980186
0.04976980
-0.09060503
-0.00193413
0.05373763
-0.15373566
-0.01116118
-0.00196754
0.02985150
