0.02287929
-0.05160413
0.19658358
-0.02290551
0.06516307
-0.03692255
0.04803774
-0.09936145
0.03639059
0.07359906
0.02953028
-0.06551046
-0.08838853
0.05936309
-0.07044409
-0.03158670
0.02646122
0.00074369
0.05177133
0.00385226
0.10627893
0.00641032
0.09399241
0.08086896
0.05839050
0.11468905
-0.12956843
0.08646423
-0.07601590
0.03958157
0.08695833
0.07470232
-0.06166504
0.03032356
0.08030378
-0.00069196
0.02983853
0.01494322
0.01143273
-0.08691946
-0.06767613
-0.08828566
0.08202191
0.01470948
-0.03199600
-0.04646191
0.08990572
0.00639817
0.05139980
0.16346566
-0.07392822
-0.02089293
-0.05538262
-0.03274191
0.00992754
0.00076143
0.03121111
-0.05530241
-0.05353562
0.12422406
0.09307349
0.11566407
-0.02503417
-0.02861508
-0.11552819
0.00629018
0.03320754
-0.11014097
0.04535538
-0.05882572
0.08307788
-0.03324166
-0.08507351
0.03953246
-0.10343033
0.07553283
0.07952428
-0.10680750
-0.09823528
-0.01637580
0.07851005
0.00370042
0.01911218
0.07566059
-0.03017733
-0.08578326
0.09989158
-0.01226206
-0.00114684
0.03063266
-0.08673963
-0.11347756
-0.05774643
0.10106840
0.00988091
0.04555888
-0.01449562
0.07640283
-0.14353492
-0.02469609
0.02314232
0.02676855
-0.07436940
0.05232669
-0.04096737
-0.02208291
-0.11169573
-0.04763713
-0.06630136
-0.13747334
0.10370069
0.02199735
-0.05155833
0.04096563
-0.13430797
0.06889673
-0.08047408
-0.04884541
-0.05869613
-0.02514468
-0.15339661
0.04743595
0.07855041
-0.08809776
-0.03771588
0.13169293
0.06604099
0.07740223
0.02773799
-0.06280327
-0.01477349
0.01590574
0.03529571
-0.10315254
0.04476973
-0.00018290
-0.07243703
0.11761073
-0.01468231
-0.04305684
-0.08693651
0.00673718
-0.02220806
0.00118434
-0.08947175
0.23593973
0.02305361
-0.02020643
0.04679528
0.10779835
0.00630654
0.00764005
0.13628769
0.13955703
-0.01143909
-0.03324024
0.01185467
0.07313419
-0.02026493
0.11417515
0.12362914
0.09689080
-0.13148621
0.11980923
-0.09376038
-0.11580894
-0.21407636
0.03157064
-0.03951263
0.05352496
-0.10259741
0.00437126
-0.00968916
