0.02447323
-0.03486570
0.03022540
-0.08214231
0.06074176
0.07852801
0.01741259
0.01733522
-0.00318594
-0.02875182
-0.03387161
-0.01983994
0.13957033
0.00667670
0.06643636
-0.03763724
0.06021160
0.12611723
-0.08255951
0.04862339
-0.12008771
-0.09040707
-0.00050225
-0.06235002
-0.07999287
0.08074263
-0.01068956
0.00355850
-0.15325328
0.05271385
0.06564443
0.04826580
-0.05236198
-0.00380474
0.04491197
0.19190860
0.01573449
0.06909601
-0.03405798
0.08972242
-0.08075798
0.02252605
0.10832836
0.16160864
-0.01124307
0.13951640
-0.02024479
0.00116209
-0.00143436
-0.08034335
-0.03742619
0.00709479
0.01682672
0.06421786
-0.03392321
0.19012721
-0.12492028
0.08467389
0.02483481
-0.07014738
0.06641905
-0.02607335
0.13114282
-0.03778141
-0.04670362
0.03452276
-0.07507123
-0.01480674
-0.01035841
0.13047663
0.00641863
0.10141446
0.06237213
-0.03791293
0.00694003
0.00158957
0.06665164
-0.03826839
0.07172281
0.04788171
-0.03690671
0.08273521
0.00987195
-0.01251816
0.09148802
0.00651102
-0.01639268
0.00076155
0.02102404
0.06869974
0.00635927
0.09380939
0.04007258
0.01265852
0.07346330
0.05716513
0.05351117
-0.06988882
-0.06306486
0.01541245
-0.19009217
0.02843994
-0.10305378
-0.13609132
-0.05044517
0.05297432
-0.00508393
-0.01036869
-0.06915835
-0.06081156
0.07681736
-0.13071190
0.06587861
0.13458775
-0.12241111
-0.04440481
0.09448819
-0.04088076
0.13195910
-0.02349437
0.12053744
-0.10428508
0.04616123
-0.08512132
-0.12556747
-0.02308409
-0.07523364
0.06581748
-0.18441178
0.04546672
-0.03871078
0.03489264
0.05445562
-0.03714206
-0.03452524
0.15333744
-0.03570405
0.05439013
0.00867723
0.11376182
0.07445662
0.10024021
0.04426757
0.03310072
-0.00557482
0.01356528
0.08409182
-0.13573693
-0.10479305
-0.09319812
-0.11580711
-0.03102443
-0.00528836
-0.07739075
0.09148576
-0.01335546
0.04767788
-0.12253253
0.06506884
-0.07234199
0.01538314
0.07224566
0.15558147
0.03413968
-0.05171586
0.00738347
0.00759969
0.11457135
0.10400579
-0.14035903
0.02615999
-0.06120883
-0.03601739
