0.01937193
0.07076548
-0.01850816
0.05424981
0.03930951
-0.04609882
-0.04930169
0.03090087
-0.04457462
-0.14973666
0.02233351
0.09366579
0.08222455
-0.11752099
0.00141252
0.27783427
-0.06304762
0.10408499
-0.11125282
0.04408013
-0.03431095
0.11125318
0.04736183
0.01288918
0.00656743
-0.23777703
-0.06819855
0.01712587
-0.05297898
0.12800013
0.02963585
-0.07877619
-0.14837031
-0.02060970
-0.05526812
-0.02122785
-0.03642676
0.04246909
-0.01288815
0.05850127
0.05122897
0.04132288
-0.08296144
-0.00743013
0.09259070
0.03327713
0.10325971
0.10961825
0.01284296
0.01956601
-0.04885679
0.11717024
0.02869006
0.05214880
-0.04020258
0.09765512
-0.03059235
-0.03677231
-0.09243941
-0.04625432
0.01987380
0.07908466
-0.06135663
0.04893304
0.12157368
0.01111802
-0.06550703
0.03910254
-0.06199557
0.06591746
-0.03709827
-0.01949965
-0.11887727
-0.10045666
0.05277293
-0.01449923
-0.00526162
0.01005851
0.03284983
0.02972520
0.13643986
-0.01589737
-0.04731151
-0.00391217
-0.06125696
-0.06757682
0.02635773
-0.00067552
0.03434708
-0.07455299
0.09899257
0.08545266
-0.16527838
0.11553973
0.11929734
-0.07492083
-0.11207349
-0.01674984
0.04557701
-0.09470625
0.13011921
0.00210159
0.03373855
0.00138351
-0.17324613
-0.04085458
0.08315615
0.06409491
0.07739973
-0.04594332
-0.00608440
-0.05844288
-0.01712056
0.11796415
-0.09818429
0.06685362
-0.12026692
-0.03686072
-0.09276519
0.05995139
0.01296722
-0.01694040
-0.07937603
-0.05807615
0.07060525
-0.08510295
-0.02295949
0.04079287
-0.01656311
0.02420660
0.01771034
-0.07607981
-0.13444851
-0.08001673
0.03349216
0.05445853
-0.00730859
0.06575527
0.04250629
0.04287016
-0.01743011
-0.08136438
-0.01548748
-0.09147897
0.00942041
-0.05777084
0.14436942
-0.08660874
-0.04221745
0.07149884
0.04586345
-0.07037625
-0.01791364
-0.04882301
0.08515955
-0.00111201
0.08486059
0.11116937
0.11439722
0.10900710
-0.03402516
-0.09621350
0.09085111
0.01534129
-0.00833438
-0.00977457
0.05823625
-0.09727573
0.03866879
-0.01599255
0.03081527
-0.19511894
0.05423442
