-0.00839151
-0.01777263
0.10637305
-0.12085217
-0.03572602
0.07289017
0.06506670
-0.08257198
-0.12270029
0.11228405
0.05779764
0.02020118
-0.03685385
0.09735658
-0.06559227
0.05302819
0.07082709
-0.01583543
-0.03660648
-0.00199149
0.06739751
0.01142633
0.07053489
-0.02693792
0.07615382
-0.04717209
-0.01289922
-0.03099156
0.08999751
-0.01224778
0.02099336
0.03735292
0.02616244
0.07744605
0.08018674
0.02976223
0.03268627
-0.11474148
0.16810946
-0.04018679
0.04997748
-0.00271207
0.13555488
-0.00123713
0.11665199
0.02002628
0.03179560
-0.01622704
0.09925528
0.05502721
0.08003875
0.10779595
0.07673137
-0.00292168
-0.11789343
0.07978304
0.08175361
-0.00075591
-0.12641092
0.02471826
-0.00961393
0.04687233
0.08072037
-0.10078336
-0.10450194
-0.07202954
0.05890040
-0.11569613
0.15327927
0.02862332
0.09705678
-0.08454874
-0.02957638
0.00579516
0.02825608
-0.01073477
-0.00378931
0.05625701
-0.01660717
0.05396179
-0.07348875
0.09132727
-0.00572379
0.01194648
-0.00441122
-0.05131775
0.01181720
-0.08489757
0.08215428
-0.01495948
0.06995578
0.02807727
-0.00352906
0.02045012
0.01570555
0.05837842
-0.00575628
-0.14782890
-0.09375847
-0.03504752
-0.01459773
-0.07143198
0.05909258
-0.26724561
0.02638185
0.01173969
-0.06951765
-0.00270040
0.07105502
-0.02857301
-0.02647098
0.17038425
-0.03881030
0.05906260
0.10252983
0.14500549
-0.12640643
0.14591777
0.02292517
-0.02860363
-0.00051637
-0.08791850
0.05971646
0.07861999
-0.05955625
-0.03174160
0.03145072
0.09377263
-0.04063323
-0.02131455
-0.01988120
-0.11294214
-0.05665187
0.09357707
0.02778701
-0.00707500
-0.07928228
-0.04169803
0.01325944
0.05692074
0.01503273
0.15725710
-0.02095166
0.03260977
-0.06393405
0.03814001
-0.18141593
0.03516129
-0.10419076
0.10546548
-0.02767230
0.00411915
0.16818563
0.00781969
-0.00342762
-0.08291169
0.06810141
-0.00154393
0.05600567
0.07956485
0.08371252
0.07946571
-0.00887190
0.17940695
0.00834358
0.00107941
0.01757914
-0.21158880
-0.02343378
-0.03925507
0.12214301
-0.04460231
-0.07975519
