-0.03287841
-0.12601021
-0.02596752
-0.14723176
0.09341263
-0.08123404
-0.01933128
-0.06163186
-0.05152648
-0.03328173
-0.06005626
-0.27114918
0.12417375
0.04358716
0.03224377
0.05162838
-0.16605009
-0.01351922
0.02282406
0.01075102
-0.01972509
0.00348842
0.03788435
0.06660361
-0.00904257
0.08433967
0.04346136
-0.00596974
0.01303459
-0.02089732
0.07059604
0.12414042
0.04676184
-0.01480057
-0.01356838
0.04824691
-0.01768754
0.05694086
0.03733096
-0.11586044
0.06444014
-0.07878410
-0.04064014
-0.06993795
0.07272604
0.01637218
0.00102966
0.08005760
-0.00180126
-0.04443830
0.04220082
0.00173286
-0.02980891
-0.05323170
-0.14861305
-0.04296563
0.11929248
-0.09698921
0.09934088
0.11222751
-0.06574098
0.02642645
-0.05369014
-0.06193962
-0.07663845
-0.03422346
0.22772972
-0.00726572
-0.08177908
0.00232051
-0.15424269
0.02187184
-0.05710632
-0.00790495
-0.05472082
-0.02831301
-0.10101687
-0.03173148
-0.01949810
-0.00392511
-0.04611094
-0.03910179
0.00833551
0.10834314
-0.07097784
0.06219382
-0.08523109
0.04810169
0.04686585
0.01495442
0.00543290
-0.11823657
-0.05579077
-0.11650689
-0.00827093
0.06526169
-0.00968531
0.06331958
-0.00484762
-0.02803200
0.13995458
0.01485226
0.04746441
-0.17995277
-0.19860822
0.05930798
-0.18135366
0.02112815
0.05125299
0.02112156
-0.07261258
-0.01252273
0.02881079
0.01225776
0.04262683
-0.00228878
-0.08111549
0.07399669
-0.08134567
0.03232365
0.10482000
-0.02637646
-0.04319929
-0.02973028
-0.02779631
-0.06897494
-0.17415056
0.04000450
-0.02750809
-0.01027603
0.06374272
-0.07383989
-0.13116770
-0.03680236
0.10087094
0.12136514
-0.04594357
-0.08890882
0.00644526
-0.09480843
0.05957921
-0.06493511
-0.07331618
0.07056982
-0.07279338
-0.09479213
-0.02262256
0.14132847
0.00092392
-0.07995888
-0.07232206
0.04947231
-0.01467443
0.02555286
-0.04055502
0.09402039
-0.08691585
0.03246947
0.02574708
-0.00160808
-0.01714263
0.09081589
0.11532877
-0.11591660
-0.03697771
-0.13256997
0.08490153
0.00407300
-0.05135486
0.00453174
0.06751950
-0.04007147
0.06101228
