-0.06579250
-0.04371607
0.11320341
-0.02158012
-0.01154663
0.02900125
-0.04010720
-0.10303617
-0.03585910
-0.09277599
-0.02174740
-0.05686986
-0.12292145
0.14719775
0.00889813
-0.07590820
0.08404026
0.09532004
0.08702175
0.14462267
0.03099760
-0.05811579
0.10166941
-0.07569464
-0.03183323
0.04854959
-0.04470158
-0.12008109
-0.11008140
0.08767612
0.02085653
-0.06294377
-0.08841498
-0.04251623
-0.07404737
-0.04123577
-0.11793568
-0.05761859
-0.04103448
0.12695105
-0.02607277
-0.11870094
-0.01402118
0.09085988
-0.07915152
-0.01019887
-0.00834473
0.07882607
-0.06883288
-0.02914504
-0.03277763
0.09333301
0.01936216
-0.00700772
-0.04134756
-0.11811845
-0.05436758
-0.01199801
0.08974890
-0.02639625
0.05690097
0.00217540
-0.08115033
-0.12768546
-0.03791743
0.02443226
-0.04898798
0.04800688
-0.02507843
0.02263626
-0.02094759
0.07904746
-0.07945323
0.09259218
-0.11589717
-0.01926891
-0.03679936
-0.06695404
-0.08163459
-0.05116662
0.15988091
-0.07023280
0.09628519
0.08087191
-0.02336520
0.02645497
-0.00662447
0.03701182
-0.03433748
-0.05062205
-0.02994043
-0.07876988
-0.02523577
0.05978880
-0.06369499
-0.02049527
-0.05384396
-0.10593365
0.21003911
0.15580274
0.03305008
0.08200920
-0.02389881
-0.02478662
-0.06430380
0.06449324
0.08449175
-0.04776909
0.03398957
0.00993550
0.13264943
-0.00806579
0.04582770
-0.03233425
0.09982415
0.02590674
-0.04678383
0.11118787
-0.08199295
-0.05198692
-0.16297082
0.06843053
0.04429724
0.19780218
-0.12218190
-0.03604851
-0.03761376
0.09756174
0.03177935
0.03631049
0.05679736
0.14288162
-0.13033191
-0.08229337
-0.02713106
0.01396806
-0.06181549
-0.12683584
-0.05770289
-0.10908842
-0.18062576
0.03132037
-0.09646838
-0.06822908
-0.12268924
0.06866380
0.08479649
0.11278256
0.02159353
0.02912392
0.12027396
-0.04183409
-0.04543574
-0.15527950
-0.02361694
-0.07196114
0.04188927
-0.02541513
-0.02343268
0.03397027
0.04966920
-0.08875227
-0.01967903
-0.00932640
0.06282922
0.02836952
0.02590993
-0.06473807
-0.00055415
0.06354696
-0.02493379
0.02991433
0.00555815
