-0.05512717
0.05289787
-0.05910465
-0.01921073
-0.10696039
0.07674502
0.12020722
0.00542443
0.06491965
0.01175008
-0.01394468
0.02442932
-0.03658003
-0.00843394
-0.05372947
-0.19003194
-0.00838360
0.05315576
-0.05696114
0.07035647
-0.05256679
0.07191077
-0.07929043
0.05236469
-0.00090369
0.02012358
0.08910664
0.04713704
0.07867064
0.09419915
-0.07582539
0.04092175
-0.11976085
-0.03092267
0.07122420
-0.07245671
0.00317723
-0.02285680
0.02365074
-0.02755497
0.08584609
-0.03023921
0.17547084
0.02252091
-0.04814978
-0.03145217
0.02316380
0.02555694
0.09389458
0.11681729
-0.00584520
0.12319938
0.03320908
-0.04130467
0.00825354
0.05407669
-0.04798020
0.00367227
0.09180278
0.02267426
0.07571260
0.10972753
0.04827929
-0.02431122
0.13239854
0.03786304
0.08126614
0.09240651
-0.08406540
0.03842314
0.10079801
-0.00129521
-0.00283559
-0.17917782
-0.02195738
-0.07258922
0.04649369
0.11440161
-0.05124923
-0.02504727
-0.00299207
0.07909502
-0.02308385
0.03507902
0.10981437
0.16056615
0.03729474
-0.06304276
-0.18658085
0.04242087
0.02536591
-0.00752564
0.04932548
-0.00449499
0.03075166
-0.07886882
0.01743785
-0.04758592
0.01811457
0.01180214
0.05887149
-0.02540250
-0.00282804
-0.04206272
-0.08347892
-0.03448125
0.04800451
0.00346516
-0.00092429
0.18960881
0.07074354
-0.08323738
-0.02803089
0.20039562
-0.10037900
0.00483624
0.06469605
0.13193543
0.02081005
-0.00169559
-0.04614994
0.01595030
-0.05038284
-0.00660240
0.07648172
0.11697072
0.19333922
0.08735738
-0.06901636
-0.02211210
-0.08330264
0.06731256
-0.05005836
-0.03292649
0.09233565
0.13610399
-0.11822882
-0.03869717
-0.04305324
0.11368470
0.13012655
-0.00621516
-0.03988775
0.04276634
-0.09963435
-0.01026466
-0.02221395
0.05896340
-0.00370453
-0.01908013
0.02467967
-0.01396579
0.07198273
0.06697422
0.01224611
0.10190536
-0.01459898
-0.08960006
-0.05626756
-0.05539936
-0.22623327
-0.04985048
0.08144762
0.05446534
0.08693730
0.16133034
0.06403281
0.03484170
-0.04845597
0.10249156
-0.03628745
0.15306965
-0.00240239
