-0.13379325
-0.01511867
-0.03011697
0.11792821
-0.01670474
0.06712087
0.03520464
-0.01760756
-0.03705008
0.12082251
-0.06061818
-0.01391178
0.03759460
-0.06074714
-0.10654048
-0.01606077
-0.11126794
-0.01146347
0.08570825
-0.10776939
0.01637092
0.10949625
-0.09714022
-0.02984812
-0.00406601
-0.05098125
0.09181597
0.10673213
0.05146180
0.05034256
0.01975150
0.00140982
0.05741632
0.10723388
0.00194980
0.04257917
-0.03029673
-0.04618227
0.09434181
0.12243492
-0.11697923
-0.01480157
-0.07045171
-0.09377290
0.02072806
0.01089847
-0.05306208
-0.03868860
0.06428709
0.00853253
0.00760383
0.05629836
0.17189127
-0.04283657
0.09500966
0.03291000
0.00868021
-0.06687700
0.01879407
0.01623374
-0.05468135
-0.14146045
-0.08697542
-0.00899566
-0.01697306
-0.07435848
-0.06514261
0.02731111
0.03187402
0.18792878
-0.01526650
-0.03327019
-0.16595596
-0.03945848
-0.02228576
-0.04013112
0.06484369
-0.01819422
-0.06140014
-0.02548221
0.01082446
0.12187642
-0.01913944
0.04308698
0.11493400
0.00468081
0.07242213
0.04146233
0.04646215
0.00978651
-0.02753287
0.04828835
-0.00229923
0.01427280
0.09995736
-0.04384007
-0.11835302
0.02592032
-0.07182768
-0.18751168
-0.10102187
-0.02397961
0.04219989
-0.19864191
0.05717753
0.01142642
0.01661707
-0.07736014
-0.05243472
-0.00830892
0.13455356
-0.07361076
0.11548728
0.02243027
0.03306739
0.09468025
0.10872901
0.11098021
0.14230940
0.00301583
-0.08041382
0.02145103
0.06860176
-0.01894326
0.12178385
-0.15641209
-0.03819306
0.07467149
-0.09703961
0.06381263
0.07950127
-0.05005642
-0.05036838
-0.09226039
-0.08578834
0.04470485
-0.07097736
-0.05233615
0.23528626
0.07007469
0.05101832
-0.06851088
0.02424392
0.10751368
-0.05249535
-0.05751703
-0.08256156
0.06379212
-0.18387333
0.07382465
0.02650904
-0.03686582
0.06495249
-0.02134311
-0.01171241
-0.10856438
-0.07501241
-0.05922932
-0.02162253
-0.05837113
-0.05336007
-0.12627471
-0.01999609
0.04895943
-0.03665700
0.08948161
0.02447655
0.01188435
0.10113106
-0.03468005
0.00561329
0.06337663
-0.05389046
