-0.01365015
0.01089589
0.00808769
-0.02291473
0.08093934
-0.08922977
-0.06847726
-0.07906831
-0.12084326
-0.13816187
-0.06502637
-0.05830576
0.06655380
0.00806318
-0.02573097
-0.11843373
0.02175969
-0.14058720
-0.01944021
0.05047550
-0.09858112
0.15116186
-0.06809120
-0.00272978
-0.17622831
-0.00552390
0.00658676
-0.02159786
-0.09044069
-0.08927125
-0.05903267
-0.09260067
-0.10154895
0.02463080
0.17810173
0.07302385
-0.07450383
-0.03611829
-0.11144431
0.01237314
0.03330520
-0.05067195
-0.02534127
-0.06319938
0.04423430
0.05062509
0.02584360
-0.11775724
0.03276600
-0.01140402
-0.09371571
-0.05020374
0.13525649
0.00191031
0.01263996
-0.00041091
-0.08875360
-0.00203700
-0.08831515
-0.10193450
-0.02874010
-0.09167697
-0.01025477
0.01361343
0.14843205
0.07073891
0.06265691
-0.07496757
-0.16726923
-0.04881833
-0.14428815
-0.06332835
0.04441577
-0.01635472
0.16601846
0.04623812
-0.02960710
-0.01778198
0.19529302
-0.00415284
0.05351777
-0.05744502
0.03129752
0.01091077
-0.09318753
-0.05549528
-0.02485798
0.00471854
0.05445809
0.02715323
0.00962859
-0.02773168
0.07220395
-0.07615167
0.00990259
-0.11567869
0.10772893
-0.00367256
0.00871161
0.01390830
-0.12069637
0.10381000
-0.09654544
-0.06787581
-0.15535159
0.08692811
0.02549440
-0.06570482
-0.09249728
-0.03725274
0.07906033
-0.08843133
-0.04972982
-0.02783022
0.04370272
-0.04131959
0.03936204
-0.01476406
0.05093540
0.06120857
-0.00907266
-0.06784627
-0.10409848
-0.01289301
0.06686932
-0.03891462
-0.07194282
-0.05607085
-0.06367926
-0.01981798
-0.15055481
-0.09776082
0.07959187
-0.09396803
-0.04845086
-0.01580860
-0.04417002
0.00627290
-0.14751971
0.06947010
-0.02917936
0.07036757
-0.02301250
-0.03613116
0.08403712
0.09561995
-0.00599810
-0.03501563
0.02703886
-0.09360902
-0.00458527
0.09498559
-0.04079031
-0.01013243
0.03781751
-0.09107987
-0.09117015
0.09052975
0.02431685
0.14600143
-0.00169006
0.09527365
0.06581075
-0.01604639
0.00560926
0.19299635
0.04684400
-0.08130434
0.01632264
-0.08464354
-0.08876575
0.01174735
0.10626455
