0.10342003
-0.13214925
0.04632135
0.08167012
-0.01939857
0.06907158
0.00491618
-0.09578470
-0.10806604
-0.07676952
0.01706107
0.11184485
0.12568676
0.01866457
-0.00489298
-0.01094596
0.09861487
-0.10200038
-0.05345558
0.09408662
0.06875952
0.05937200
-0.06386542
0.07020047
0.06096943
0.15985228
-0.03629847
0.04160200
-0.07125850
0.05532965
-0.04763197
-0.00949753
-0.13412941
-0.04133058
0.01530946
0.08899321
-0.03906626
0.01674074
-0.11895639
-0.02561423
-0.05553465
0.13202620
-0.07045208
0.07144386
0.10348223
0.10403842
0.01532472
-0.01360348
-0.15704888
-0.06268402
0.02779483
0.09565974
0.10133581
-0.08114276
-0.04406240
-0.08656042
0.13266230
-0.02080784
-0.03032584
0.05000770
0.04260821
-0.10935807
-0.02533033
-0.03280045
-0.07072684
-0.13235149
-0.00722797
0.06253283
0.07168861
-0.02537323
0.12732588
-0.00870539
-0.02386465
0.01031376
0.01208112
-0.01953380
0.02120316
0.02223120
0.00660951
-0.12133726
-0.02414830
0.07118129
-0.07392689
-0.07300545
0.00619801
0.03569960
0.19360871
0.03091681
-0.08153241
0.15971704
0.16743600
0.02241182
-0.06231605
0.11302045
0.00541130
-0.05553703
0.05272892
-0.08224379
0.05524460
-0.04083677
-0.11229877
-0.05323455
-0.06092832
0.09001903
-0.05215827
-0.03307250
-0.00228065
0.01049251
0.17761705
0.11448813
0.11582382
0.10747545
-0.01093665
-0.13382554
0.05641757
-0.05340257
0.06841183
0.11050184
0.02456941
0.06286654
-0.09300426
-0.00715376
0.13332265
0.01524128
0.07569077
-0.06187411
0.01646154
-0.06172261
0.02846418
-0.10279280
0.06197355
0.07706839
0.00225421
-0.20335650
0.01285215
0.05759607
0.05705868
0.03557082
-0.10618237
-0.04009408
-0.03172189
-0.01397784
0.04024790
-0.05880847
0.02174736
-0.07333385
-0.01893684
0.03458443
-0.00369048
0.03979772
-0.00268567
0.08465751
0.02210076
0.11924424
0.07120466
0.03141240
-0.03711131
-0.05691993
-0.07942668
-0.06752883
-0.01317848
-0.04465826
0.04113862
0.06325859
0.06863223
-0.07818516
0.01133659
0.12067509
-0.00513593
-0.01564643
-0.14377648
-0.10891552
0.00046432
