0.06062680
-0.03307500
0.10133415
-0.07065644
-0.06026734
-0.14478692
0.19047335
-0.10228629
0.03593651
-0.12193866
0.09219175
-0.00394623
-0.08736255
-0.07121089
0.02214639
0.02709455
-0.00200793
0.06033449
0.08850795
0.02868903
-0.03562924
0.03763255
0.13467218
-0.11225490
-0.12406070
-0.08629395
-0.09877289
-0.11241108
-0.03979764
0.03734954
-0.02931303
-0.08794256
0.00600281
-0.00481164
0.00866217
0.07152137
-0.06559476
0.01754207
-0.13249532
-0.04604464
-0.06417000
0.08603789
-0.04122031
0.01173431
-0.09289690
0.08564535
0.00327856
0.03716440
0.07750460
0.06794834
-0.17003985
-0.05713087
-0.07024805
0.15149817
-0.16143211
-0.04351375
-0.03872329
0.11774362
-0.00243999
0.07879188
-0.01959009
-0.06119844
0.06605954
-0.01597665
0.09031809
0.16143701
-0.03287776
0.08341268
-0.11997511
-0.04283497
-0.02015099
-0.04324877
-0.03624605
0.09459039
0.03692747
0.04174329
-0.04308112
0.06447095
-0.00776787
0.00504830
0.06769454
0.02063776
-0.06995453
-0.01397378
0.12748344
-0.07157429
0.02282553
-0.02629752
-0.06841766
-0.00453533
0.00247374
0.10831440
0.04429968
-0.01947306
-0.06160243
0.03382612
-0.14123440
-0.08666795
-0.00740087
-0.02987138
-0.00704307
-0.03256051
0.02643141
0.05685865
0.05092745
-0.06685035
-0.00626188
-0.17037395
-0.02644318
0.07326681
0.04157885
-0.00780210
-0.05264346
-0.03033583
-0.00200657
-0.08044661
-0.08636635
-0.04547339
-0.01016796
-0.01535016
-0.03189320
0.02663696
-0.07931751
-0.01487589
0.03462967
-0.03591556
-0.04723631
-0.00361347
0.13016843
-0.08729796
-0.04968149
-0.07212759
0.04800249
-0.09915884
-0.07296600
-0.04482533
0.09512474
-0.03226237
0.07401011
0.06246912
-0.05223461
-0.02422639
-0.03759956
-0.08876109
0.09305988
-0.01299359
-0.06314667
-0.00464038
0.08372201
-0.03436909
-0.04860627
-0.16399320
0.13093727
-0.04767264
0.05475785
-0.17465978
-0.08491731
-0.00536850
0.03199512
0.00011138
-0.09898401
-0.09041469
0.03465675
-0.07460807
-0.09733101
0.11358996
-0.09937857
0.22266942
-0.12767459
0.09482076
-0.04467000
0.03573277
0.02867610
