0.00633244
-0.00423723
-0.11036944
0.04050033
-0.07230154
-0.01232862
0.00658561
0.06943098
-0.12825125
0.16901792
0.04503162
0.18656447
-0.06738618
0.07247554
-0.00500870
-0.03278978
0.03087876
-0.10018913
-0.04492885
0.03349964
-0.01494648
0.01444055
0.05071942
0.01514111
0.05249372
-0.06604615
0.06261429
0.05402500
-0.14387663
0.08323123
0.14158605
0.01942458
-0.00124551
-0.02178712
0.06458193
0.02230976
0.02973550
0.03134766
0.09135450
-0.02776285
-0.12772863
-0.00854535
0.01390462
-0.04178707
-0.18152559
0.08804011
0.03257948
0.04478242
0.00236014
-0.04771712
0.05666035
-0.02482201
-0.16836289
-0.00785180
-0.00240024
0.07667066
-0.04158101
-0.03217439
0.01209284
-0.04288206
-0.04954173
-0.00131385
0.11532624
-0.00865414
0.08683717
0.02463325
0.06004169
0.16809391
-0.07850926
-0.00303272
0.09184346
-0.07696187
-0.03115288
0.07941595
0.06586683
0.09206881
-0.07945657
0.06689611
-0.04123699
0.15941552
0.09567380
0.12322339
-0.08946747
0.01809082
0.08758832
-0.04403958
0.03061701
0.02433215
0.08341352
-0.02551339
0.04822320
0.06715316
0.04321364
-0.11566986
-0.08219269
-0.00879779
0.00315725
-0.02739449
0.00161106
-0.01099335
-0.06159411
0.00923642
0.05694647
-0.01776018
0.08075655
-0.07416677
0.01175238
-0.11836851
0.11621368
-0.02169670
-0.08243655
-0.00153142
-0.02725734
-0.17499545
0.00299849
-0.00776265
0.03430567
0.19960064
0.03739924
-0.08302843
-0.25895228
0.05956391
0.00530420
0.03756753
0.08281836
0.21408952
-0.08305822
0.04806907
-0.01019020
0.13261477
-0.11000498
-0.03998478
-0.06218852
-0.11228538
0.03035427
0.01682633
-0.04432113
0.07994214
0.01428077
0.02722810
-0.04751315
-0.12521619
0.01086993
-0.01265598
-0.09028301
0.01887828
-0.05562587
-0.05123312
-0.08987970
0.09216891
-0.09039731
0.03214051
0.06265640
-0.06683132
0.04577154
-0.04808838
-0.01834899
-0.00092709
0.06504795
-0.00167759
0.15226712
0.05233228
0.00686165
-0.02779671
-0.04016440
-0.00540339
0.09250269
0.05596342
0.03459162
0.00287500
0.12093486
0.00693759
0.07623386
