0.02375548
0.03597691
0.00390958
0.03431331
-0.01049783
0.06529821
0.04911314
-0.01334706
-0.12054343
0.00206409
0.04300750
0.04573799
0.05066521
-0.08452590
0.02343326
-0.01081476
0.12011083
-0.04885063
-0.05649637
-0.07300891
-0.09982966
0.10101451
0.01211357
0.03067313
0.01019932
-0.07359775
-0.01051200
-0.00557752
-0.02693293
0.06035439
0.07991909
0.06547904
-0.00895828
0.05693869
0.04173652
-0.05814860
-0.10585713
-0.06139007
-0.01073281
-0.07531683
-0.01597960
0.07377028
-0.02724443
0.02578649
0.06664717
-0.07296004
-0.02797853
-0.05505309
0.01549851
-0.03720772
0.07064510
-0.11660038
-0.09445939
0.06537470
0.07328988
-0.10864855
0.03577326
0.07122081
0.00919585
0.00176876
-0.02788134
-0.12028147
-0.16158963
0.10202235
-0.09796384
0.10677417
0.11970587
-0.02105222
0.04896945
0.08475991
-0.01848601
-0.06598675
-0.17416984
-0.16629913
-0.01272028
-0.05137411
0.01480824
-0.15190563
0.10917928
0.03508162
0.06599107
0.11839413
-0.07248522
0.03367328
0.01222895
0.10117442
-0.00262264
-0.08952654
0.05107918
-0.11060755
0.05919280
0.01187505
-0.03987699
-0.10920997
-0.02247531
-0.06340805
0.15388745
0.11613240
-0.03255902
0.10761831
-0.02075681
0.04004576
0.17177495
0.05744952
-0.01370389
0.09731344
0.04393436
0.08108710
-0.05784315
-0.13755371
-0.01772024
-0.00776602
-0.00061718
0.02555724
-0.04701765
0.00614969
-0.03353148
0.05280029
-0.03286236
0.07963401
-0.18879469
0.01070784
-0.13978562
0.00521588
-0.09358554
0.10605035
0.03277692
-0.03534853
-0.05798267
0.03978269
-0.01053742
0.07359222
0.10921377
0.00865321
-0.09412223
-0.06701918
-0.08613592
-0.07847276
0.04172151
0.06411419
0.00084356
0.05792150
-0.01570553
-0.03991618
-0.12578640
0.03665680
-0.09882612
-0.17647923
0.04129176
-0.06554244
-0.01190278
-0.10247488
0.01886567
-0.07267892
0.03928524
0.04008768
0.08614751
0.16758152
0.09245724
-0.06485088
0.02503887
-0.12049324
-0.11666444
0.00343079
0.08291002
-0.14469600
-0.09056373
0.05155380
0.07266748
0.09633106
-0.09371262
-0.00346741
-0.08839685
