-0.06609190
-0.07859736
-0.11995641
-0.02974042
0.12724170
0.06525657
0.04759159
0.02888796
-0.08466196
-0.06150318
-0.07351335
-0.03028554
-0.09686403
0.09870404
-0.00990330
-0.00299420
0.08660849
-0.15526503
0.08485395
-0.00457418
-0.02010312
-0.02239960
-0.05546071
0.21170449
-0.10905828
0.01634523
-0.02101492
-0.14781955
-0.09614291
0.00465832
0.11299658
0.06689682
0.01434497
0.02527507
-0.02796713
-0.10460138
0.08309280
-0.22235504
-0.05085249
0.09871266
0.03231045
0.06369547
-0.03999843
-0.07396690
-0.01391310
0.06689148
0.02640149
-0.00228101
0.05402165
0.24848157
0.09345526
-0.05786224
0.14135077
0.09217111
0.01900154
0.02619565
-0.11867068
0.16173757
-0.04824078
0.04582909
0.03956084
0.01419147
0.09259600
-0.02317240
0.06758451
-0.06491772
0.11041618
-0.05955900
-0.10882930
-0.08126030
0.05787734
0.04595392
-0.04126633
-0.00955944
-0.04150366
0.01278936
-0.10678060
0.02466245
-0.01815590
-0.07087008
-0.02391552
-0.04677196
-0.10317005
-0.04390527
-0.04759607
0.02307671
-0.07742010
-0.08706316
-0.07635100
-0.01374202
0.07779892
-0.14268813
-0.12806014
-0.06503595
-0.01325437
-0.07635197
-0.01335207
-0.06579665
-0.14318789
0.01477736
-0.03800693
-0.11494613
0.05566069
0.00804249
0.08046167
0.01220299
-0.00989958
0.07929300
-0.01220120
0.00586333
-0.10048518
-0.13846443
-0.09640947
0.04399691
0.12489333
-0.15566340
-0.00345792
0.01428831
0.04876114
0.04890711
0.09615816
-0.02126442
0.04864439
-0.06445935
0.02210244
-0.04296264
0.03702036
-0.12457770
0.08335964
-0.01629579
-0.10621571
0.05792530
-0.00056315
-0.02292111
-0.02330644
-0.07267847
0.02339707
-0.03359003
0.06554465
-0.01538449
0.00350147
-0.01447339
-0.06014748
-0.03277912
-0.05988471
0.00795028
0.12798373
-0.00221021
0.03959795
-0.01879547
-0.10168080
0.06083355
0.00899640
-0.07947294
0.04988860
-0.01293854
0.09958818
-0.00429183
0.04026082
-0.12338595
-0.07650266
0.10027235
-0.09282052
-0.06389349
-0.01635061
0.01483019
-0.02159662
-0.01670154
0.01457122
-0.14599312
-0.01175746
-0.04668689
0.05347430
