0.04913894
0.09081656
0.13571683
-0.01960777
-0.04234301
0.06075083
0.04137599
-0.03106063
0.05373677
-0.01775001
-0.03419305
-0.08633157
0.04726712
0.16447486
0.05557250
0.10931321
-0.09836696
0.03709506
0.03392153
-0.03448470
-0.08302917
-0.08247526
-0.02910250
-0.11583259
0.01076608
0.04605405
0.05946238
-0.01355914
0.11190788
0.01502954
-0.01375545
0.00048321
0.02584337
-0.05172770
0.03506673
-0.06670162
-0.06368904
-0.07171625
0.03374998
-0.00966378
-0.02815655
0.01094851
-0.00200033
0.01368319
-0.02059017
-0.13516426
-0.09830439
0.02543701
0.05724090
-0.06826680
-0.01075085
-0.09809382
0.08117185
-0.12396565
-0.05594030
-0.02865809
-0.06035020
-0.09680693
-0.01374696
-0.09671146
-0.02386023
0.00928182
0.07471023
0.03769912
-0.01404249
0.02044534
-0.06501367
-0.15354013
-0.07413406
0.03043612
-0.02694766
-0.08546598
0.07935507
-0.02612807
0.00536384
-0.04706520
-0.12329472
-0.01009742
0.08067395
-0.02133985
0.00846111
0.05921861
0.13154849
0.20796526
-0.05576757
0.19886849
-0.02996269
-0.11967963
-0.07169278
0.01980856
0.17225308
0.01312933
0.01109996
0.07713079
-0.09662790
-0.06999371
0.11689765
0.13672273
-0.02085521
0.04693071
0.09399907
0.04343837
0.14192217
0.05167258
-0.05596857
-0.06374072
-0.07497848
0.13211733
-0.02757542
-0.03010273
-0.05272412
-0.08264085
-0.07734149
-0.01716127
0.03600763
0.05911809
0.00853347
0.15835208
-0.01748514
0.03075278
0.01813368
-0.13272828
-0.12242682
-0.09334796
0.01708399
0.01669145
0.02182935
-0.01185202
0.00571765
0.06458651
-0.07958845
-0.07390772
0.01197319
-0.15249862
0.03367128
-0.06773847
0.00727148
-0.07282747
-0.09053030
0.09574048
0.09046821
-0.07852451
-0.02652447
-0.18741112
-0.07138582
-0.04099888
-0.02388804
0.10547429
-0.05376118
-0.05433614
-0.08682309
0.00100944
0.04932217
-0.01882680
0.01940172
-0.04919502
-0.04374427
0.02369583
-0.16730106
0.09610353
-0.09305817
0.05548916
0.04150544
-0.02853866
-0.03427709
-0.07083801
0.12335743
0.00564984
0.04705370
-0.13541145
0.15168273
0.07341242
-0.01895631
