-0.10085414
0.08055117
-0.09306966
0.01072961
0.02140786
0.00644974
0.02338736
-0.07945094
-0.04006921
0.00714605
-0.02032533
-0.05112790
0.02164917
0.06827458
-0.03564774
-0.14825104
-0.00714308
0.01631387
0.00168015
0.11119225
-0.03433537
0.07649097
0.12243212
-0.03753601
0.01540543
0.04288722
-0.03748975
0.01748028
-0.07578357
-0.14596466
-0.04856648
0.11182629
0.08728206
-0.08555972
0.11768481
-0.00002570
-0.17223892
-0.08345888
0.01016972
-0.10514612
-0.03511927
0.02241136
0.08055448
0.04379426
0.03928190
0.04810914
0.07428135
-0.02703185
-0.04325520
0.01950420
0.08771858
0.06431148
0.01450156
-0.08125595
0.10455132
0.00542849
0.04735168
0.08588726
0.01363727
-0.00298014
-0.05578761
0.12514348
0.15285944
0.05087532
-0.07333560
-0.00454470
0.09353505
-0.13450928
0.00948053
-0.03206360
-0.03946101
0.10135841
0.10046535
0.00090416
-0.06467191
0.06338581
0.00784129
-0.05573980
-0.17842148
-0.02412611
0.04909258
-0.06411119
0.16257095
-0.03309272
-0.19976722
0.11076682
-0.04655207
-0.00565502
0.06250738
0.12789166
-0.02897703
0.11385368
-0.00343120
0.01650905
-0.03306412
-0.00325544
0.11752301
0.09224486
0.07701712
-0.08502520
-0.06179473
-0.05476990
-0.03839042
-0.14203014
-0.19286502
-0.01650690
-0.03392080
0.15940848
-0.01734206
0.02608376
-0.13718715
0.02986586
-0.01133740
0.14479687
0.01154930
-0.05904946
0.10245635
-0.07060635
-0.12795384
0.00293821
0.04065362
0.01999718
0.01208404
-0.16143326
-0.04008118
0.02670412
0.08136447
0.12297984
-0.01186579
0.09760948
0.08925369
0.03098842
0.00898970
0.03601319
0.15161082
0.07920623
0.07792699
0.06592061
-0.01003096
-0.05246435
-0.06617483
0.05070770
0.04083055
-0.04786790
-0.02382178
-0.11634648
-0.02508487
-0.06974026
0.07497553
0.16336335
0.00437831
0.03920752
-0.05114753
0.07456142
-0.01608594
0.00796806
0.09996222
-0.00665492
0.03578482
0.06192185
0.05058556
-0.07551364
0.06218164
0.00486152
0.03031575
0.01828496
-0.05451438
0.05139006
0.00585007
-0.02489801
-0.05349460
0.12263053
0.02223423
