0.04442485
-0.16938990
-0.11089539
-0.02182157
0.02805211
-0.04298669
-0.02859602
0.00728034
-0.08287893
-0.02533753
-0.15662197
0.05831975
-0.04078215
-0.05493385
0.02595920
-0.15386398
0.04903218
-0.04426411
-0.03440881
0.07996604
-0.09337398
0.02822528
-0.02670139
0.09738720
-0.06265632
0.00994568
-0.05639555
-0.10905549
-0.05465444
-0.16607866
-0.04982439
0.06922497
0.10723654
0.13485685
0.07851576
0.02145552
-0.01853735
0.17778343
-0.02692755
-0.08231961
-0.02979762
-0.00475581
-0.11020791
-0.00380721
0.06157680
-0.06567221
-0.09423631
-0.13807948
-0.05079293
0.07341955
0.06815784
0.09935216
-0.06932568
-0.01663924
0.08574762
-0.04337095
-0.06596875
0.06310582
0.03384526
0.04318232
0.00437877
0.09383415
-0.06778453
-0.04956845
0.08664358
0.09407035
0.02887989
-0.01634633
0.09850549
-0.04617295
-0.00678843
-0.05349918
-0.03430473
-0.05045886
0.01884824
0.03700998
0.08456052
0.04568836
-0.02252885
0.00531345
-0.08326299
-0.08005962
0.03691671
0.04525377
0.04800599
0.10661029
-0.06382788
-0.04411983
-0.01531396
-0.09745029
0.01819481
-0.01994764
0.02812257
0.01101317
0.14485884
0.00490331
0.06368538
-0.00986703
0.08193611
-0.05616983
-0.01141726
0.11498998
-0.04280787
-0.03070898
-0.09942987
-0.08644041
-0.07847617
0.03131872
-0.07026613
0.00581566
0.02443088
-0.03452257
-0.14733919
0.07947056
0.04807948
0.09495602
0.03528092
0.12051360
-0.02189267
-0.00546890
0.18337068
0.02006203
0.09458663
0.06457742
-0.03354743
0.00101792
-0.05948471
-0.03559917
0.01624650
-0.04203092
0.06634909
0.17624408
0.00195161
0.10802468
0.03894202
0.09011937
-0.04538094
0.02763862
0.02326762
0.03713118
0.03278021
0.08456761
0.06832693
-0.05381511
-0.10485794
-0.17306931
-0.11067237
-0.02075650
-0.00881383
-0.19370714
0.03266294
0.01799088
0.08717911
-0.16767361
0.02272864
-0.05384045
0.12523029
-0.03233706
0.02320502
0.18529473
-0.05313049
-0.07690240
0.05569512
0.00630822
-0.11951808
0.01812939
-0.07240935
0.08094323
0.09725608
0.02373630
-0.06055049
-0.07190388
0.06986748
