0.15043816
0.00906730
-0.01424034
-0.00251720
0.00236595
-0.07866327
-0.11962241
-0.06730661
0.04690739
0.03441993
0.05367126
-0.02038832
0.03754284
0.14928588
0.07705864
-0.12436105
0.00386669
-0.10925021
0.06457091
0.06732237
0.04823761
-0.01586877
-0.01478854
-0.06582273
0.01824847
0.01111356
0.01197972
0.19382598
0.03434666
0.01278024
-0.06867593
0.05999686
0.04271903
-0.08304473
0.11962252
-0.08009728
0.00394074
0.01817784
0.04728763
0.01225087
0.06179795
-0.05427575
0.05508982
-0.01468574
0.05114956
0.10132609
-0.01943301
-0.15127076
-0.05562446
-0.03130021
-0.12166010
-0.06906301
-0.06184476
0.02403364
0.11701984
0.11002504
-0.01718878
-0.06619124
-0.12309450
-0.03702252
-0.03046247
-0.04703724
0.00425405
-0.03377450
0.02499994
-0.13249222
0.14068425
-0.02084906
0.02362453
0.00110481
0.04698206
0.01304411
0.09924131
-0.20980855
0.05609501
-0.05658522
0.02420128
0.04845194
0.01176668
-0.14513572
0.00196959
-0.11078927
-0.08874779
0.14515196
-0.11125179
0.00135419
0.07002766
0.06225104
0.03123202
0.01706342
0.16271875
0.05097867
-0.09512857
-0.02262310
0.03194640
-0.00684320
-0.09655772
0.00881611
0.05966497
0.05854455
0.00668438
0.07350268
-0.03963809
-0.12532758
0.00646296
-0.01836921
-0.18035614
-0.06005197
0.02928653
0.07502709
-0.09792893
-0.20049850
0.01688582
-0.06001216
0.02337853
-0.08348187
0.03728037
0.10116512
-0.04652508
-0.00852755
0.14836366
-0.01209240
0.04710848
-0.00402056
-0.06764279
-0.09884111
-0.01527532
-0.03464083
-0.11995987
-0.03539252
-0.05140304
-0.13102113
-0.03239563
-0.00740115
0.14789818
0.16416193
0.01902682
-0.08463963
0.10778337
-0.00128924
-0.03905224
0.05374062
-0.05069517
0.02770290
-0.06422373
0.07389124
0.04849316
0.00961512
-0.02903835
-0.12484685
-0.01489203
0.07258259
-0.07333983
-0.08330281
0.10215488
0.03535576
-0.06675277
-0.03866473
-0.09584480
0.07167776
-0.08415288
0.04636422
0.04170414
0.05629840
-0.08842204
-0.10467390
-0.01302536
-0.06444410
0.05437820
-0.02198418
0.06994603
-0.03782714
0.05548518
