0.03823796
0.00950828
0.04060965
-0.04829834
-0.08090368
0.07644706
-0.00860794
0.09356938
0.06217799
-0.04724082
-0.08558475
0.06297098
-0.05171082
0.09550351
0.02535746
-0.04751236
0.11088239
-0.03007806
0.10071811
0.04724858
0.01179144
-0.03903008
-0.09623510
0.06918960
-0.02683677
0.16167002
0.11485689
-0.03810639
-0.05869087
0.05882982
-0.09884671
0.01979373
0.00853782
0.09522054
-0.03387666
-0.09429491
-0.01462463
0.04486747
-0.09055735
0.14895473
0.08187381
0.09913022
0.09843213
0.06556111
-0.01204319
0.03528841
0.07686272
0.02322227
-0.13877618
-0.02482307
-0.04902034
0.16141514
-0.06112582
-0.10248544
0.01392075
0.11137551
0.04349334
-0.00368260
-0.03070654
-0.01497650
0.02160745
-0.03317842
0.03448239
-0.02107008
-0.14014654
-0.02893647
0.02008611
0.09319761
-0.00941639
0.07190249
-0.00640963
0.04389436
-0.03166367
0.00551689
-0.03163704
-0.09765215
0.01765395
0.12622077
0.17515406
-0.10083927
0.03195483
-0.19434104
-0.00316767
-0.06813533
-0.01189462
0.01122567
-0.09377261
-0.11579377
-0.17480048
0.06298016
-0.03386664
-0.03296455
-0.00009306
0.01692663
-0.09254391
0.12021807
0.03531153
0.08029805
-0.08583462
0.01789019
-0.03172867
-0.03832633
-0.01742578
-0.00391997
0.00145303
-0.00252626
-0.14573839
0.02626016
-0.06429530
-0.07160976
-0.10926533
0.02879601
0.01000663
0.03295925
0.03274221
-0.01298699
0.02922262
0.05993650
-0.06610521
-0.00935425
0.14779638
-0.03375099
0.04383397
0.06656395
-0.07720130
-0.01829129
-0.01267086
-0.07348926
-0.00818152
-0.03303116
0.04171367
0.06609750
0.01255830
-0.05066409
0.03980023
-0.00715971
-0.07982431
-0.01572612
-0.00904710
-0.01154672
0.06539222
0.12051432
-0.04960016
-0.00424954
-0.08544207
0.03451667
0.09448739
-0.02814921
0.01578867
0.20799276
-0.18013488
-0.11017926
-0.00623913
0.24062196
0.10197598
-0.06292571
-0.04211642
0.03590303
-0.04517642
0.03246136
0.06651446
0.10629499
0.00805379
0.01404358
-0.22318544
0.11527168
-0.01813063
0.03249550
0.04505200
-0.07024284
0.09035112
-0.00751637
-0.05888299
