-0.07933909
-0.00763268
0.02530326
-0.06134324
-0.02815525
-0.14258918
0.04264788
0.08178282
0.01228734
-0.05764786
-0.03311491
0.04751208
-0.07577417
-0.08487952
-0.06446385
-0.01016308
0.06106166
-0.03207264
0.15396223
-0.02459878
0.07283958
-0.08719208
0.05747868
-0.07484208
-0.01113800
-0.03489575
0.00444754
-0.05536272
0.00032678
0.11026123
0.03043994
0.00417698
0.18386520
-0.12081486
0.02617653
0.14583703
0.03158997
0.04347264
0.04898896
0.05799790
-0.01437240
0.03500130
-0.01293115
0.14506515
0.07599298
0.07689420
0.10123097
-0.00353341
-0.15006965
0.04573872
-0.04823800
-0.07798797
-0.07824325
-0.06622484
0.01647406
-0.05086139
0.02849625
0.01036667
0.02246623
0.02484773
0.05638425
0.03786497
0.03390319
0.18065510
0.12178853
0.01730463
-0.08904994
-0.11809397
0.02243940
-0.09751450
0.07673122
0.06072090
0.09326049
-0.03737959
-0.01156539
0.05113042
-0.04186886
0.05665814
0.01163250
0.08895499
-0.02046385
0.09605541
-0.00062938
-0.06960193
-0.13720611
-0.01366976
0.04362536
0.03121903
-0.00202131
-0.01765941
-0.07202770
0.04899075
-0.00972856
-0.13617064
-0.01912730
0.05258166
-0.11544335
0.07286729
0.17248013
0.08393334
0.01611627
-0.02447655
0.03808308
-0.00046016
0.01053243
-0.00117398
-0.07854220
-0.05239438
0.12651422
0.02949527
0.04740958
0.06051225
-0.07095936
0.00496157
0.06416832
0.17039990
0.05292221
0.03868441
0.11719525
-0.01172484
0.00869436
0.18522786
0.02463453
0.13765652
0.15156474
0.08105295
-0.07574877
-0.03737773
0.09471902
-0.08015977
0.08486013
-0.08281492
-0.04782739
0.04874511
0.03219209
-0.05911129
-0.11714236
-0.04142206
0.07812760
-0.07858767
-0.07441502
0.03767418
-0.10667234
-0.05799700
-0.09992729
0.01007635
-0.03965278
0.02504423
0.06889269
-0.04948565
-0.07273501
-0.01508241
0.17443846
-0.01270740
-0.21181137
-0.03962660
0.03218414
-0.02880076
0.11550850
-0.06872272
0.10352770
0.06582379
-0.01372977
-0.12290321
-0.07201821
-0.10076437
0.00747655
-0.01053808
-0.03036288
0.03693299
0.11108775
0.02554990
0.02315512
