-0.03586543
0.00512236
0.03044678
-0.02998419
-0.08714769
0.03473717
-0.03990376
-0.04540194
-0.04200930
0.13801171
0.01719873
0.12122962
-0.03352230
-0.06404561
-0.00027004
0.01002304
-0.08455980
-0.06189614
0.09423096
0.03434116
0.00329798
0.04247058
-0.01203324
-0.00348406
0.04234458
-0.09835263
-0.00295047
0.05016972
0.01012083
0.08662845
-0.12283426
-0.00690345
-0.00350164
-0.00020403
0.04892208
0.17964530
0.04233894
0.00082206
0.00854571
0.01000152
0.14623210
0.04090235
-0.07809107
0.05335895
-0.07026614
-0.11442019
0.04050552
-0.03145999
-0.02289264
0.05948762
-0.04371467
-0.11753952
-0.01762897
-0.12891096
-0.00728109
0.04767072
0.06975684
-0.09474901
-0.05435795
-0.13543599
-0.05548731
-0.14991736
0.04146444
-0.15387847
-0.01844561
0.09136713
-0.08012215
-0.00911459
-0.13909569
0.01113464
-0.04305870
0.04046212
0.02426597
0.04446956
-0.03764954
-0.07865244
0.06342684
-0.03833380
-0.21707995
0.02369025
-0.00538177
0.04581177
0.10456475
-0.03017232
-0.00552447
0.05506834
0.06979014
0.06500372
-0.04495327
0.01574571
0.07104235
-0.12143900
0.15740122
0.00154765
0.02290834
0.00794335
-0.10388724
0.01435993
0.16136442
0.17944843
0.03495118
0.17817251
0.09494201
0.05475051
-0.07673167
-0.11575204
0.03392791
0.09023062
-0.06284793
0.04020280
0.01988364
0.02184555
0.03156382
0.04477428
0.08825653
-0.06146886
0.17565986
0.07967952
0.03487963
-0.04490817
0.06681444
-0.05965193
0.13477328
0.10073795
-0.03005849
-0.10211166
-0.08935235
0.03986719
0.19162892
-0.09608973
0.04346223
0.00458746
-0.00627184
0.14092673
0.02649908
-0.08518146
-0.03563489
-0.04926064
0.00643369
0.04291992
0.01775775
0.00192047
-0.05374501
0.01731338
-0.08019757
0.10021906
-0.05037885
-0.01459954
0.00688637
0.02694139
0.04605406
0.09996684
0.04088289
-0.09390210
-0.06572852
0.03131731
0.00514021
0.08097459
-0.03443336
0.02256603
-0.06769445
-0.09635994
0.00086724
-0.03655037
0.09070318
0.01777497
-0.04849141
0.04657985
0.03481817
-0.02004399
0.14215658
0.14344376
-0.14451674
