-0.00963458
0.04416515
-0.04980875
0.10867808
0.00741695
-0.02513880
-0.01960965
-0.05069090
-0.04047541
-0.08060276
-0.00072651
0.04857257
-0.03580626
-0.00510607
-0.07185999
0.02732902
0.04951946
0.01424167
-0.02468338
-0.02611030
-0.10270065
0.06416263
-0.03461597
0.05545372
-0.03391042
0.01974670
-0.03347821
-0.04286167
0.06257754
-0.00558722
-0.07954025
-0.08154557
-0.08271271
0.04602720
-0.11231546
0.00609149
0.14991070
0.18599850
-0.05378422
0.09800295
-0.01118729
-0.06523020
-0.04675724
-0.09178587
0.03005245
-0.09089336
0.05575124
-0.04881696
0.05907705
-0.06029417
0.00631582
0.02586191
-0.02736568
-0.10286442
-0.01121475
0.03618910
0.03365896
0.00267048
0.05210662
0.00013773
0.00976340
0.01055353
-0.02470508
-0.12259758
-0.01898124
-0.03725118
-0.22466422
-0.08622858
-0.05045657
-0.12656476
0.09276273
0.08804805
0.06633772
-0.08871002
-0.06040657
0.02416064
-0.07393706
-0.01876423
-0.12749449
-0.10238188
0.06292024
-0.03065339
0.09834284
0.08945887
-0.08210298
0.02495122
-0.03804096
0.01167238
0.06534438
-0.02933236
0.04661174
-0.12642823
-0.07467848
0.06512721
-0.00341980
0.10805905
0.13991827
0.04506676
0.08126924
-0.06942246
-0.10864307
0.15098340
-0.01244438
-0.01450674
-0.03316677
0.03464912
0.03781063
0.02938237
-0.24606660
-0.10090229
-0.15357570
0.07526129
-0.08204986
0.04409026
-0.04748875
-0.04395656
-0.03817967
-0.00060204
0.04987495
0.16864638
-0.01574733
0.05736089
-0.01303408
0.02631957
0.10662224
0.00505186
-0.05369793
-0.08705545
-0.05915294
-0.00718102
0.04764947
0.17288208
-0.09997262
-0.09240274
-0.01792208
0.04295730
0.02358426
-0.04660510
-0.00619987
0.08886420
-0.01584000
0.00133828
-0.16977260
0.03929934
0.06488160
-0.05790242
-0.00099812
-0.01942275
0.04373435
0.00612609
0.12962857
0.13985470
0.00756618
-0.04810141
0.05878071
0.03786025
-0.08119898
-0.06353952
0.04812482
-0.15977558
-0.00825884
0.07080820
-0.02078136
-0.02177211
-0.18256022
-0.11732873
0.10799718
0.02670273
0.03623168
0.02041768
0.15860542
-0.09506028
0.04229399
