-0.03279883
0.02470014
-0.00144555
0.15975375
0.04255626
0.02235321
-0.00743021
-0.11374787
-0.16532297
0.16921113
0.03571486
-0.03308919
-0.08849912
0.01841842
0.05371726
-0.09627202
0.10567549
-0.06673198
-0.00334775
0.08989878
0.11665107
-0.03837628
-0.00659556
-0.02113074
0.01682417
-0.12329230
-0.00375282
-0.15865780
0.05107913
-0.10012746
-0.04081897
0.09747819
0.05278757
-0.06390817
0.02557669
0.13985195
-0.03421288
-0.02704495
0.09553237
0.01915597
-0.04651186
-0.01322195
0.10358543
0.02829000
0.10395357
-0.07629548
-0.01729924
-0.01276356
-0.21130223
0.01097231
0.01438625
0.14051060
0.02066589
-0.18959044
-0.05271586
0.04100393
0.01302152
0.05363917
0.03462484
0.04177235
0.10145438
0.01005088
0.09629384
0.04612215
0.12495629
-0.02622550
-0.05671463
-0.08714505
0.02357916
0.00418828
0.07841638
-0.02250869
-0.05869712
-0.12991844
0.09233750
0.04786354
0.01104242
-0.11540593
-0.03476849
-0.03291660
0.07307535
-0.00298575
0.08421865
-0.05971159
0.00243789
-0.03558537
0.05733070
-0.02642099
-0.00346390
0.09094978
-0.02113109
-0.03631976
-0.00308126
0.04304292
0.19433238
0.05797516
0.04560482
-0.02976165
0.00931782
0.06787806
-0.01064962
0.03370106
0.00785142
-0.04923978
-0.13650123
0.02866284
-0.09382852
-0.05146901
0.01512518
-0.08898005
-0.03927846
0.09121033
-0.08250612
0.04190114
0.04678840
0.03574278
0.05489264
-0.03539641
0.03544360
0.05169677
-0.01075539
0.01992360
0.06598182
0.06634251
-0.01139308
0.05994419
0.09166796
-0.01099367
0.00912935
0.07697214
0.01923091
0.04964277
0.11880016
-0.06057743
0.03530925
0.02297874
-0.06516465
0.04973635
-0.09977139
0.05368214
-0.24175480
-0.03844745
0.00084328
0.08173228
-0.00156790
0.01148074
-0.10741169
-0.04287467
0.04483854
0.00805872
-0.05822125
-0.03474001
0.11217251
0.05808553
0.06964993
-0.12066039
-0.02472698
0.07013075
-0.09167131
-0.07549988
-0.21924774
-0.08160161
-0.01539270
-0.14553837
0.11692526
-0.02948191
0.07485276
-0.15698117
-0.03296133
0.01181886
0.00477038
0.00939356
0.05211608
