0.03966299
-0.08316171
0.05781050
-0.10239531
-0.00387666
0.05987211
0.04090884
0.05768540
0.10713893
-0.02362646
-0.02436152
-0.03727663
0.04592927
0.03234118
0.00477172
0.01677260
-0.01865803
-0.11980247
-0.06948365
-0.14611808
-0.05180868
-0.02486697
-0.01799433
-0.08599298
-0.06179420
0.03067071
0.01436266
-0.13626230
0.08036298
-0.02899274
-0.08899490
0.06011561
-0.08118757
0.10171308
-0.12470170
-0.09751021
-0.02717394
0.00745248
0.07367505
-0.12582413
0.08150263
0.10305937
0.00636153
0.00587561
-0.05239249
0.01363540
0.03921041
-0.05418817
0.04881333
-0.09237468
0.00779570
0.11992798
-0.06147872
0.08326106
0.08154202
-0.20134941
0.17448914
-0.18601327
-0.02775938
0.01946747
0.04802315
-0.04425123
0.07589110
-0.15617449
0.06487799
-0.03892043
-0.01752583
-0.15764276
0.19007456
0.00790581
-0.02136554
-0.08284269
-0.02599119
0.03994982
-0.02814022
-0.12532147
0.11351790
0.01986591
-0.07512222
-0.01614611
-0.02575010
0.10640254
0.00967227
0.01128520
0.02848734
-0.01293611
-0.05165286
-0.14808567
0.02676509
-0.17858560
0.01590417
-0.04861504
0.12420065
-0.09838189
-0.12499989
-0.01107642
-0.11234577
0.05470838
0.04697322
0.04095942
0.02923388
0.03760350
-0.03907783
-0.02264588
-0.04498578
-0.20491934
0.06836159
0.00973638
-0.01936208
0.00914675
-0.07620030
-0.01739957
0.00636642
0.17577357
-0.08187526
0.04489884
0.01431498
-0.01726770
-0.03042250
-0.02658163
0.05021868
-0.11179551
0.06602181
0.08085892
-0.08633922
-0.02230952
-0.04627387
-0.01199105
-0.02221225
-0.01571057
0.04790378
-0.03872642
0.02189851
-0.14803178
-0.12536467
0.03784302
0.03292464
-0.05964246
-0.02433577
0.02570308
-0.03945910
-0.07601942
-0.00273091
-0.07040315
-0.12594708
0.04938217
0.06197184
0.07340881
0.04072097
-0.00713094
0.07677191
0.02780941
-0.02163369
-0.03481349
-0.10843934
0.01075975
0.02517830
-0.02429501
-0.02522190
0.11966897
-0.01016764
0.02959517
0.11576237
-0.01761254
0.04154246
0.10016675
-0.06672678
-0.15952793
-0.05198151
0.01980856
0.06273867
-0.08570336
0.05215852
