-0.00411470
-0.01806948
-0.11098987
0.04152218
-0.03762098
0.07320238
-0.07807980
-0.04308136
-0.07649266
-0.01576963
-0.01204899
-0.00730295
0.13026788
0.18076268
-0.02337044
-0.02731370
0.11380078
0.03732433
-0.06232821
0.05226055
0.04174552
-0.07795219
-0.00140075
-0.10594266
-0.03557253
0.06825019
-0.05583519
0.01059659
0.00486608
0.01258869
0.07727937
-0.02093618
0.08989415
0.03102328
0.05169397
0.15194409
0.16932483
-0.05232449
-0.02944808
0.07706825
-0.04550072
-0.10643707
-0.03446009
0.08321836
-0.07181621
-0.08736287
0.10282540
0.10927655
0.13291465
-0.10245113
-0.00283980
0.05974355
0.00803444
0.12953887
-0.00725390
-0.08262856
-0.07910528
0.02893690
0.07478550
0.03009854
-0.05277284
0.03733370
-0.10997268
0.11353977
0.03116735
0.01482074
0.04372711
0.03286640
0.04753873
-0.07365933
-0.09940560
-0.05677637
0.16230754
-0.01454315
-0.04656927
0.00479030
-0.06467923
0.08458081
0.17501738
-0.09842422
0.05003575
0.01441093
0.00701891
-0.04131508
0.00638277
-0.03887592
0.04186533
-0.14073090
-0.09134891
0.11643787
0.05545216
-0.11384484
0.03829461
-0.00473614
-0.07927446
-0.00237326
0.02163955
-0.00113428
-0.03117468
-0.14851482
-0.00836935
0.01193709
0.00832801
-0.07287447
0.02771809
0.02586556
-0.01152290
0.13109852
-0.01145418
0.03092581
-0.00155108
0.01481571
-0.06638397
-0.01088156
-0.12766224
0.02348492
-0.09766514
-0.03384298
0.14520351
-0.15036166
0.07389935
0.11680289
0.10115735
-0.05345165
-0.03849061
-0.02347878
0.13391972
-0.11474862
-0.07139765
0.03300253
0.08782359
0.03455660
0.04540085
0.04467595
0.18068401
-0.04591096
-0.04853036
0.13861764
-0.11473180
0.00911772
0.00870222
-0.03508530
0.04894621
0.05288905
-0.00131100
0.08485567
-0.15246870
0.12398130
-0.16488120
-0.03401743
0.04882307
-0.11123789
-0.13668516
0.02088487
-0.08337568
0.08078813
0.00986029
0.03287307
-0.03552787
-0.00590292
-0.11360412
0.01376671
-0.03032937
-0.02315718
-0.00304379
-0.03613667
-0.05742863
-0.03354241
-0.08078324
0.00518478
0.08129664
0.06839162
-0.05993921
