0.06001111
0.02573283
-0.21873542
-0.09050177
-0.02217874
0.08554314
-0.02589286
0.00982048
0.04078577
-0.03416857
-0.06593431
0.12904432
0.08412498
0.08593646
0.20216247
0.14287024
-0.02075421
-0.16138506
0.01182494
-0.01709898
-0.01065602
-0.02534725
0.00578489
-0.05012379
-0.04036468
-0.13448818
-0.07277710
0.10135761
-0.08876171
-0.00099497
0.20633439
0.01080694
-0.01670747
0.03148529
-0.04789605
0.03695528
0.12057687
0.01897453
0.01385504
0.00706251
-0.03622704
0.07616656
-0.13101047
-0.05220969
-0.06930073
0.09404403
-0.07514778
0.01964171
0.06264981
-0.00085348
0.08214403
-0.03042797
0.01207191
-0.02508926
0.06379075
0.06210605
0.12063446
-0.08113738
0.09790149
-0.00504903
0.03102048
-0.08402900
-0.00679087
0.03983272
0.03048658
0.20467461
0.02760020
-0.00152942
-0.02209674
-0.02147155
-0.07876923
0.07031918
-0.01186289
0.05814641
-0.00146513
0.05020334
0.03672121
-0.00094241
-0.02121981
-0.10265081
-0.03135947
-0.09518216
0.10908897
-0.05112976
-0.12143907
-0.02942404
-0.00607811
-0.04812459
0.05113390
-0.03979370
-0.08136585
-0.00658312
-0.07648374
-0.03472716
-0.04332041
-0.05800259
-0.03179493
0.06127253
-0.05017035
0.05349335
0.04828635
-0.01879700
0.04715136
0.06825396
-0.02947460
0.02104115
0.09189373
0.05823268
-0.11054047
-0.15861119
0.01946186
0.02126519
-0.04962808
0.02314614
-0.09984181
-0.08018212
0.05680544
-0.00476262
-0.08618246
-0.09036131
-0.02571534
0.06715319
0.11042946
0.08342625
0.11453601
-0.13815999
0.00243095
-0.13350069
-0.09201605
-0.05718767
-0.11412138
0.10514358
-0.02726313
0.09380968
-0.02224646
-0.02268285
0.01479832
0.01802387
-0.00649020
0.15477948
0.01718628
-0.24907007
0.06411861
-0.02654473
0.02972235
-0.02626365
0.08714259
0.13933782
0.01977333
0.03344106
0.02389247
-0.13017901
0.05547878
0.02009493
-0.00017818
0.02679085
-0.00485661
-0.03760057
0.03896786
0.05460458
0.05041228
-0.00665278
-0.02846480
0.01668179
-0.05268498
-0.01543138
0.04022978
0.11146226
-0.09257929
-0.09239525
-0.09926812
0.11345342
-0.09080875
