0.01290391
-0.09955569
0.06576117
0.00180332
0.01483781
0.02356154
-0.04291370
-0.05166341
0.07842380
-0.08363567
0.03753526
0.13580209
0.12245458
0.00044546
-0.05831595
0.11539821
-0.02978873
0.07567076
-0.03060300
-0.01581152
0.10298365
0.04584804
-0.01113462
0.02498270
-0.09797915
-0.10378804
-0.06027893
0.15102914
-0.01007610
0.08539561
0.07695549
-0.06889811
-0.00630392
-0.13481127
-0.02644154
0.01305435
0.01417679
-0.19150629
-0.02688819
-0.02009614
0.05270669
-0.10195435
0.01970834
0.06474525
0.03260403
-0.07309561
-0.05896625
-0.05371524
-0.09091141
0.00550124
-0.01549385
-0.10483912
0.01344764
-0.09244721
-0.01344547
-0.08798175
-0.18255496
0.03753917
-0.11419551
-0.08911711
0.01334569
0.06250198
-0.06060946
-0.11484306
0.00887724
0.05879175
0.11987646
-0.06155702
0.04655010
0.11731373
0.02091647
0.00801031
-0.01023406
0.06815310
-0.07980013
-0.16349855
-0.00317498
0.07568836
-0.10340039
0.03344116
0.11440384
-0.03537011
0.01008140
-0.03889372
0.07796719
0.06180031
-0.01896956
-0.05140053
0.04437335
0.04439413
-0.13341525
0.15352593
-0.03420401
-0.00437187
0.05672928
0.11959227
0.06034283
-0.10314039
0.04175512
-0.02777036
0.07626169
-0.06088870
-0.14908804
0.05753457
-0.01294754
-0.03839634
0.09975185
0.00143301
-0.01369776
0.07820321
-0.01447579
-0.00172563
-0.03282734
-0.13664099
0.05805557
0.08823404
-0.06841898
0.07753271
0.00226344
-0.06628337
0.08962065
0.00969202
-0.07361925
-0.01270402
-0.00703222
-0.05779233
-0.00439446
0.11581821
0.08279205
0.11661718
-0.16042258
-0.04863947
-0.12523107
-0.00255699
0.06442985
-0.03624204
-0.09180272
-0.03562432
-0.03898094
0.00797336
-0.02686045
-0.05926756
-0.12001988
0.13726323
0.05284663
-0.02870495
-0.03573931
0.04747264
0.00767097
-0.07133248
-0.00163100
0.00291939
0.11410520
-0.01797865
0.18297526
0.02058647
-0.15471981
0.02465529
0.12225326
-0.09176843
-0.01068847
0.05617429
0.18159159
-0.04922150
-0.01685589
0.02437884
-0.05438981
-0.04328660
-0.08068657
0.07998236
-0.08315765
-0.06972502
-0.03365024
