0.04583802
0.01167082
-0.07935465
-0.08117907
0.01633277
0.03133381
0.00124048
0.07012147
-0.04952349
0.10745493
0.03418316
0.05343634
0.00000040
-0.03129700
0.05611551
-0.11645941
0.02039271
0.01703795
-0.03519757
-0.07465522
-0.02441424
0.02049234
0.07282254
0.19589006
0.14337734
-0.06066118
0.04966504
0.04864555
-0.19055403
-0.11349517
-0.01002441
-0.04564247
-0.17690271
-0.02093346
0.00707947
0.09783800
0.02712145
-0.01485208
-0.03266469
-0.00463596
0.03821611
0.06720584
-0.00177647
-0.06671140
-0.02488034
0.14930354
0.02888050
-0.01096427
-0.00911503
0.11586658
-0.04263982
-0.04043962
0.07702587
0.01705345
0.01828054
-0.15782038
-0.02744360
-0.03199261
0.02308738
0.02709863
-0.04332462
0.03409088
0.07798387
-0.08839001
-0.01105619
0.07287989
0.04412470
-0.06653634
-0.10302272
0.01800432
0.04625796
-0.02680242
-0.09043940
0.01538424
-0.07503386
-0.05502670
-0.01111794
-0.13228886
-0.10280732
0.10601280
-0.03376600
-0.08158958
0.02757172
-0.08506582
0.09239419
0.09537987
-0.05172248
0.16004664
0.03308009
-0.06851327
-0.00844686
0.05189486
-0.09516958
-0.09092729
0.10849762
0.07767745
0.03832173
0.03127720
0.01150503
-0.07140762
0.06370686
-0.14712135
-0.00315114
-0.16966577
0.10292360
-0.04404680
0.02776215
0.08903028
0.11262005
0.12871043
0.03771704
-0.06732226
-0.03650814
0.05889944
-0.08326598
0.01257306
0.14934287
0.00357441
0.09595128
0.03600486
-0.03354244
0.00010199
-0.04284305
0.00691942
-0.02462769
-0.02925083
-0.03958972
-0.13269961
0.05651257
0.00214734
-0.03857815
-0.06829979
-0.00769843
0.01267899
-0.06551786
0.15754410
-0.04674773
-0.16601976
-0.04472665
-0.01014910
-0.01954688
-0.04218521
-0.05797090
0.04101117
-0.16308428
0.07574258
0.01377390
0.00042694
0.12384482
-0.10247671
0.00734408
-0.12117288
-0.01105429
-0.13674680
-0.02237128
0.04145890
0.16064851
-0.08401751
-0.03938717
-0.04670126
0.07431704
-0.08927520
0.03887810
0.03317062
0.04645652
-0.13724671
-0.11633847
-0.09635232
0.05332296
0.05063116
0.05726338
-0.07221643
0.08635053
