-0.00830926
-0.01306581
0.02793721
0.00225324
-0.09836389
0.04284872
0.10356812
0.02308537
0.08675681
-0.01390552
-0.04436666
0.01780916
0.00200334
-0.13751749
0.02435378
-0.09439494
0.07609334
0.06497630
0.00056829
0.18187294
0.04420286
0.13547144
-0.00736567
-0.09953103
-0.03196822
-0.13580926
-0.00732992
0.09802520
-0.09260048
0.02092213
-0.04443899
-0.04069786
0.00398965
-0.01606079
0.07334301
-0.08357728
-0.02823107
0.01568507
-0.05950908
0.04349943
-0.03381413
-0.01601707
-0.03238052
-0.02644569
-0.07665801
-0.16620606
0.16582138
-0.22925733
0.10580227
0.02292684
-0.05295450
0.06122575
-0.02290062
-0.06369591
0.12598726
0.00258532
0.03902769
-0.11277519
-0.01885431
0.04147243
0.04248543
0.04284880
-0.02463365
0.06673296
0.00024253
-0.02563265
0.12619171
-0.01367244
0.12414013
-0.26499682
0.02085364
0.10346857
-0.01797229
-0.03061900
0.00511076
0.07474672
0.08349505
0.01482188
-0.06561582
0.08383451
-0.04890447
-0.08641131
0.02070404
-0.12663047
0.01809933
-0.06067244
-0.02906163
-0.00713829
-0.00278243
-0.18167474
-0.14909920
0.06831119
-0.04120218
-0.11134893
0.01932956
-0.08111474
-0.00476092
-0.09317304
0.00892085
-0.07934506
-0.16779854
0.02943635
0.02385637
0.03040425
-0.09704037
0.03789370
-0.03867203
-0.08845864
0.08191203
0.01519469
0.01144792
0.05716239
0.03322527
-0.13041046
-0.03348762
0.02144880
0.00920604
0.04071869
0.02172665
0.05740025
0.11847670
0.03207557
-0.03296964
-0.00453722
-0.01587085
0.15439755
-0.04250218
0.08503594
-0.03546437
0.10464319
0.05868222
-0.08745539
0.13242259
-0.07246310
0.01897015
-0.04940504
-0.02730185
-0.02932633
0.03811098
0.02139228
0.06150615
-0.08091667
0.01995817
-0.00730721
0.05502502
-0.10958065
-0.06973404
-0.09732952
0.15309670
-0.06790241
0.09381642
-0.02416656
-0.06344825
-0.00754475
0.04889922
-0.03322107
-0.00043359
0.12652703
-0.08605159
-0.05489736
0.02869476
-0.01537510
0.10063056
0.02011325
0.09970597
0.04159475
0.15037456
-0.04360802
0.03522150
0.04479875
0.02563850
-0.05047749
-0.05580432
