-0.08712583
-0.05927191
-0.03500987
-0.01189943
-0.12034536
-0.02755084
-0.06022314
0.01044728
0.10434185
-0.09552470
0.07015270
0.19446590
0.08799073
-0.08898474
-0.00716462
0.07477325
0.12646820
0.03348012
-0.11811447
0.06585162
-0.05403565
0.03926365
0.07998833
0.12642102
0.16234563
-0.01746388
0.07146302
-0.01488405
0.05894976
-0.12046285
0.04513635
0.05248517
0.00053360
0.02325298
-0.01282507
0.03580144
0.02585200
-0.02163133
0.05670283
-0.08567061
-0.06423003
0.12549856
-0.04452028
-0.12877046
-0.09288552
-0.10848385
0.08441314
0.07488321
0.01938930
0.01004076
0.06196178
0.02329779
0.02715428
-0.06737399
-0.00779412
0.02540137
-0.13106698
0.02703714
0.01309687
-0.02084333
-0.04226977
-0.01963493
0.00428057
0.11886384
0.03861315
0.05577501
0.04349462
-0.00598179
-0.03891952
0.03244046
-0.01646051
-0.01210069
0.17210865
-0.16735488
-0.02142121
0.13179846
0.00362378
-0.03662985
0.02360282
-0.08539651
0.03139482
-0.01356266
-0.07266131
-0.08092522
0.13096100
-0.00175302
0.11069900
0.10409769
-0.06181047
-0.03107003
0.02797087
0.10433043
0.01719724
-0.05886729
0.07939055
0.03610245
-0.03474366
0.10753412
0.11056322
0.11112751
0.08838765
0.01564859
0.16529307
0.00872022
0.02818391
0.02893716
-0.02542079
0.14461261
-0.05129474
0.04048141
0.05974634
0.09455024
0.09642734
-0.04824533
0.07132059
0.08236067
0.16433692
-0.07223328
0.01531399
-0.06243509
0.11015311
-0.03086023
0.06084592
-0.04371664
-0.01855947
-0.08231183
-0.08945027
0.02935706
-0.04526305
-0.08004778
-0.00488772
0.09695557
-0.11781382
0.02986952
-0.09510979
-0.01391420
-0.17136033
-0.09327760
-0.03485750
-0.08438075
-0.06122449
0.00589426
0.09641845
0.05109453
0.01680487
-0.04283846
-0.04182293
-0.02265722
0.14671210
0.05821479
-0.03448705
0.03910736
0.16170742
-0.01513198
0.07188453
0.04461748
0.01019559
-0.00185536
0.00239770
0.11418684
-0.17234881
0.01992154
0.04671071
0.05034896
-0.01030261
0.04013096
0.06369130
-0.04955718
0.11321308
0.09992600
-0.07193189
-0.01665988
0.00570109
