-0.06235501
-0.00491113
-0.00351624
0.00712840
0.10246438
-0.05819660
-0.07674548
0.08886996
0.06184670
0.15664333
0.02982620
0.09868498
0.02589100
-0.11388367
0.11080917
-0.04213941
0.07390657
-0.08980126
0.07262347
0.01929520
-0.09035740
0.08528953
0.05670500
-0.07577374
-0.06439416
0.03473444
0.17826650
-0.05310401
-0.07532785
0.01086647
0.05748992
-0.04149952
0.03686033
-0.00438326
0.00298657
-0.11910801
0.02404374
-0.05167305
0.05183885
0.06737349
0.11175707
0.12701377
-0.11381341
0.04579301
-0.01335808
0.04853690
-0.07074296
-0.10919466
-0.01120979
-0.06702398
-0.09836897
-0.03477889
0.01279234
0.00199134
0.12174077
0.03472139
0.13209767
0.08290646
-0.07326517
-0.02183954
-0.05205983
-0.04928091
0.04421362
0.02479324
0.01432628
-0.05712591
0.04924606
0.01008554
0.04076078
-0.05019233
-0.06609865
-0.09048473
-0.05791188
0.07234319
0.07755335
-0.00978779
0.12020623
0.04113148
0.03192048
-0.01807248
0.00990565
-0.05695211
0.00933957
0.11527979
-0.09611876
0.00583019
-0.07959810
-0.07130362
-0.06791322
0.04813704
0.04662702
0.08150791
0.02331428
-0.01796643
-0.05095831
0.00077595
-0.02238220
0.01318783
-0.07965306
-0.22861387
-0.14947010
-0.11537127
0.04494762
0.09972171
0.16292485
-0.05091569
-0.00502994
0.11146177
-0.05985010
-0.00961988
0.26961009
-0.09614334
-0.00247174
0.05722388
0.06353426
-0.08379285
0.01389631
0.06545116
-0.12511907
-0.03806319
0.07048247
0.04343771
-0.08314303
-0.05616142
-0.01409664
0.05271770
0.01148845
-0.12536715
0.17296038
0.05783851
0.01124524
0.02774100
0.18468096
0.04622003
-0.03532603
0.07843811
-0.04968005
-0.05513110
0.06759477
0.01410792
-0.02727199
0.07300162
0.08313087
-0.04129933
0.08004452
0.07364025
-0.07077684
0.05778941
0.00251083
-0.13809834
0.10712336
-0.07681608
0.02322052
-0.03910995
0.08627456
-0.01528816
0.05183700
0.07155876
0.03783688
-0.00839496
-0.04322032
-0.00339407
-0.03393311
0.11127742
0.00946268
-0.01333098
-0.01557359
0.11066762
-0.05883910
0.06220072
0.00737688
-0.11085071
0.07049962
