0.05136649
0.05320853
-0.01293765
-0.09146651
0.02664381
0.09532332
-0.00801601
0.03932346
0.04573064
-0.00287707
0.04173621
-0.04878142
-0.15331864
0.05341566
-0.09142300
-0.01164583
0.04066674
0.06578553
-0.07330860
0.12101263
0.05142814
-0.01290036
-0.00650977
-0.02655367
0.08309884
-0.13240984
0.00942966
-0.03259907
0.08194144
0.16988158
-0.01726786
0.03867792
0.01343241
-0.04459213
0.08590580
-0.09066026
0.06587577
-0.02127391
-0.07539702
-0.00762818
0.06253712
0.07517196
-0.03210681
0.03783563
0.09022281
-0.07746549
0.08973071
-0.06102519
0.14046541
-0.14152748
-0.28283543
0.03000739
0.08455049
0.00835453
-0.04462936
0.15689314
0.04940370
-0.06776217
-0.01248619
0.03353637
-0.07694865
0.00341282
0.14179731
0.06549645
-0.05655187
0.12304404
0.04231042
0.00899492
-0.03785811
0.07021651
0.00554287
0.06237743
0.01241159
0.01197413
0.03407021
0.02641768
0.07329886
0.10068348
-0.03737448
0.05242459
-0.00878458
-0.09390126
-0.01472721
-0.06924633
0.01268022
-0.11557377
-0.05248507
0.14902277
0.00489031
-0.03907104
-0.10086399
0.00595042
-0.03292781
0.10065585
-0.04081926
0.00064090
0.14470484
0.05370019
-0.07009635
0.03231001
-0.05235213
0.10166271
0.04016045
0.01485013
-0.01776158
0.03633601
0.08855274
0.00807766
0.05061632
-0.07763335
-0.01665162
0.04914800
-0.03815225
-0.06636918
-0.18739271
-0.02874083
0.09927778
0.18146547
-0.02554072
-0.05852776
-0.00246069
-0.11624265
-0.09316854
0.02451788
0.14892492
-0.02136401
-0.09178225
-0.03385549
0.06141061
0.00216259
-0.04144133
-0.01801666
0.02514044
0.00233405
0.10859390
0.02822210
0.00956238
0.05425827
-0.05053122
0.07307486
-0.11518224
-0.09831058
0.19071899
0.01654759
0.13211785
-0.01539480
-0.05167688
-0.08633234
0.00233315
0.14280781
-0.06463345
-0.10183105
-0.07390179
-0.02496510
-0.03031793
0.06443984
-0.07260277
0.04231519
0.05497125
-0.02362740
0.13915188
-0.01457405
-0.02290889
0.05238620
0.01884120
-0.14285155
0.05312270
-0.02272966
0.08082072
0.02552549
0.05829786
0.10693154
-0.00592415
