-0.08896025
-0.01489783
-0.15652013
0.04478334
0.03350326
0.05685203
-0.06031548
0.09441579
-0.02495816
0.05680069
0.02835996
-0.02716659
-0.05138203
0.03364608
0.17466551
-0.00616552
-0.10147977
-0.04224276
0.04756872
-0.02994909
-0.01841521
-0.11341203
-0.03477154
-0.20081963
0.07606323
0.08953252
0.07607112
0.16088527
-0.19919926
-0.02046957
0.02820495
0.03980721
0.11084045
-0.06910598
-0.10322658
0.07416300
0.01266808
-0.01669375
-0.05871589
0.00171432
-0.01718009
0.05504816
0.01027686
0.00399539
-0.00435212
-0.03891524
-0.13013073
-0.01172001
0.06288121
0.05056556
-0.01577678
0.09599040
-0.15837433
-0.07085444
0.00657319
-0.00543993
0.00101535
-0.00620333
-0.15344935
0.01673675
-0.00225635
-0.02184317
-0.09643833
-0.01873515
0.02764180
0.01619521
-0.02622882
0.01014817
0.05904406
-0.00741040
-0.02049500
0.07296808
0.10030458
-0.04158919
0.05671685
0.00761033
0.05054786
-0.07089060
-0.07442126
0.04962281
-0.11510003
0.10280697
0.02332417
-0.04148060
-0.10831107
0.04683973
-0.08333217
-0.02500166
-0.06448217
-0.04655314
0.01789220
0.08518900
-0.06157182
0.06879325
-0.10945105
-0.04619088
-0.02764315
-0.05181370
-0.05516098
-0.06331924
0.03752142
-0.16819617
0.06391620
-0.07123786
-0.11033296
0.13455507
-0.04489235
0.06628932
0.05365993
-0.06377886
-0.04326727
0.02315271
-0.04549474
-0.03338625
-0.00294138
0.05761114
0.05260336
0.05312864
0.06211359
-0.05595487
-0.03194593
0.07683135
-0.09684144
-0.13321013
-0.01150447
0.03709750
-0.07458027
-0.06397291
0.00293221
0.05487099
-0.08377985
0.00607679
0.10411451
0.01950918
-0.16631910
-0.13118294
0.02719365
0.00518422
-0.03794805
-0.09647548
-0.02114761
-0.01503930
-0.01284021
0.00235253
-0.11427586
-0.19657602
0.08462341
0.07328490
0.02501544
-0.03712795
-0.22072726
0.02066690
0.05460674
0.13657503
0.02536041
0.12434910
-0.05749140
-0.07542497
0.00313018
0.10193353
-0.03829962
0.07694907
-0.04468224
-0.07858096
0.05159281
-0.04843368
0.00121700
0.01848767
0.02509837
0.12904217
-0.00103191
-0.16978226
-0.08871231
