0.02271371
0.00005029
0.05476356
-0.02263252
-0.02973767
0.01435854
0.00343533
-0.08434282
-0.00840837
0.04528144
-0.10183707
-0.05312273
0.04398026
-0.08153040
-0.02457705
0.03657763
0.01108550
0.04029584
0.08629786
-0.13648630
0.12862709
0.11351085
-0.07451572
-0.14134538
-0.00858312
-0.13014985
-0.03265719
-0.08983674
0.02749112
0.02861657
0.06439353
0.13888681
0.01358794
0.00545293
0.10027259
-0.07450829
-0.05238210
-0.08982758
-0.08657948
0.03243567
0.08104731
-0.03744608
-0.21134696
0.04199358
0.22520077
0.01501218
0.13856018
-0.00689199
0.06278033
0.00828373
0.00513751
-0.05030327
0.04512631
0.02019806
-0.06921754
0.04776193
-0.10439162
-0.07723656
0.01475642
-0.02682057
0.03264145
0.15761526
0.05963192
-0.02985352
0.04855107
0.08475415
0.00065306
0.00839173
-0.01313036
-0.02395370
0.17589210
-0.09298301
0.07301951
0.01205378
-0.13506439
-0.14629198
-0.02795472
-0.10967451
-0.04378307
-0.05309130
-0.02924790
0.04258992
-0.00608087
-0.00795200
0.04298789
-0.03271681
0.16806758
0.05099599
0.01357426
-0.07192409
0.12275912
0.04866104
-0.08296016
-0.05115929
0.03274512
0.06604445
-0.21726651
0.01452494
-0.05261405
0.00537555
0.15059356
-0.00236839
0.01462502
-0.05112156
0.04049995
0.11743222
0.06474401
-0.14712480
-0.04080413
-0.04897746
0.05362296
-0.07337123
0.17948964
-0.06749520
-0.05954404
-0.04404538
0.01378004
0.01641069
0.00649974
0.09347806
-0.01051942
-0.02721683
-0.07918567
0.08332760
-0.03869810
0.03053460
0.05432124
-0.07888597
-0.06990076
0.01714018
-0.02870284
0.08345873
0.01874880
0.18041524
-0.05910604
-0.02270050
0.10484793
0.01430265
-0.08831307
-0.11386080
-0.08279369
-0.07213035
0.05429434
0.01378431
-0.05139203
0.01791176
0.00502540
0.11386787
-0.00408947
0.00171022
0.02785177
0.05860198
-0.05060266
0.03075817
0.13967078
-0.18716481
-0.03853418
-0.09209580
0.07297634
-0.05515219
-0.00683183
-0.02671930
-0.04446525
-0.02948001
-0.02644492
-0.02638564
0.01286853
0.06632623
-0.00283517
0.04167363
0.03542741
-0.00990443
-0.06596209
