-0.01532854
0.20523747
0.03521694
0.00301420
-0.05070529
-0.04175274
0.01457727
0.03481559
0.02318272
0.02406014
0.03576991
0.05208835
-0.07952458
0.01638823
0.08034631
0.09852105
-0.01725396
-0.03745373
0.05311047
0.18427521
0.09505478
0.09572276
0.07963958
-0.05341473
0.11091870
-0.03166168
-0.00653997
-0.09367507
-0.03304763
-0.06703672
-0.03199150
0.13586577
-0.12517258
-0.05884817
0.00138602
0.00531178
0.03095357
-0.02136087
0.08860463
0.02902735
-0.11316105
-0.10130788
0.12241434
0.08491642
0.00374337
0.06007646
-0.08150626
0.08031579
0.08648025
0.05888762
-0.05207466
0.02385418
-0.06990871
-0.08319749
0.01490169
-0.03795460
-0.08292858
0.11726393
-0.01936983
-0.03648026
0.00910404
0.11826260
0.13158838
-0.12738006
0.02682323
0.07126036
0.06899841
-0.06439457
-0.00413686
0.08571889
0.01402807
0.05745918
0.02691803
0.05479260
0.05719936
-0.22822594
0.04487037
-0.12944167
0.02680717
0.05838803
0.04174642
0.04816159
0.08270686
0.04722434
-0.00310903
0.07148817
0.03776104
-0.05107853
0.11846140
0.02817432
0.02807227
0.07224441
-0.00130520
0.05545165
0.00610935
-0.02670216
-0.05841793
0.06615574
0.01538150
-0.05695055
0.02920868
-0.05251617
-0.01682925
-0.00473410
0.08567246
-0.10019314
-0.15608449
0.07538210
-0.09442044
0.06305555
0.04848758
-0.07425158
0.00892476
0.18423240
0.02045852
-0.11703389
-0.07951674
0.02922156
0.11068185
-0.14223380
-0.09518303
0.04871040
0.13559495
-0.01988760
-0.05917176
-0.00876878
-0.00780986
0.03380340
0.03939707
0.13427297
0.12809445
0.02373652
0.00800699
-0.11712394
-0.10186313
-0.01197571
0.06087209
0.07481583
0.03427847
-0.15389774
0.03700201
0.06900141
-0.04874481
0.17747388
0.04053317
0.03693258
0.07618610
0.11869942
-0.00952472
0.01540479
-0.12038201
0.05357172
0.00413989
-0.04706881
-0.07441918
-0.01312876
0.13020985
-0.05236604
0.01504080
0.08359371
-0.03121785
0.03249970
0.04651836
0.02078390
-0.05291720
-0.03259069
-0.06514181
-0.09601875
-0.08463926
0.10178930
-0.04819449
0.00191134
0.08893314
