-0.05769395
-0.02461122
-0.09771501
-0.16619288
0.00498388
-0.01497681
0.15436632
0.09381849
0.02980930
-0.02048804
-0.02629025
-0.10568962
-0.03131291
-0.08689184
-0.00035630
0.02439055
-0.00593208
0.01680939
0.05862936
0.01236465
-0.07272136
0.09396388
0.04122694
-0.15907836
0.01355727
-0.07661439
0.00494836
0.12929719
-0.13240747
-0.06981409
-0.03682299
-0.01170175
-0.12996487
-0.04285663
-0.04780207
0.05785393
0.11885071
0.20220658
0.01726363
0.04794009
-0.03644537
-0.00633849
-0.11893223
-0.16370729
0.04683049
0.00970541
0.05697955
-0.09787238
-0.03970036
-0.03890227
-0.09330055
0.00913639
0.05644819
0.00584929
0.07883583
-0.08957923
-0.04973996
-0.00936741
-0.08676340
0.06374245
-0.08667352
-0.20522807
0.11602765
0.03848393
0.08338617
-0.15032310
0.14828455
-0.01578402
0.10048505
-0.06309985
0.03296000
-0.06071650
-0.15601672
-0.16687737
0.01417315
0.05275541
-0.04070773
-0.01475329
-0.05865991
0.00386328
0.03185053
0.01486709
-0.01428489
0.02604618
-0.03096253
-0.00263341
-0.04985170
-0.03281796
-0.05314021
-0.00936574
0.03657425
0.01443757
0.04268932
0.04377756
0.06266597
-0.03356667
0.04014094
-0.20160377
0.00752890
-0.03855474
-0.13044662
0.01040298
-0.02783282
-0.06359070
0.02679197
0.02271441
-0.03572990
-0.08654320
0.04422812
0.05010634
-0.04922019
0.02402932
-0.06808828
0.08226595
0.07771354
0.13838815
-0.04122502
-0.02353266
0.01616610
0.00805806
-0.11487103
-0.13289910
0.04587378
-0.05963700
-0.00138742
0.05696651
0.02031228
0.01408087
0.02468009
-0.12635351
-0.09700157
0.04238350
-0.01272769
-0.06513836
-0.02529582
0.06983817
0.02961309
-0.02546446
0.05362373
0.00190482
-0.03824817
-0.10721162
-0.02438378
0.05565961
-0.04672748
-0.05101921
0.07485967
0.12777326
0.01739215
-0.06384296
0.05850549
-0.00730555
0.06492010
-0.06013641
0.14704148
0.11168899
0.14665668
0.00270361
-0.14171619
0.04253926
-0.09328489
-0.06183602
0.01348510
0.14202740
-0.01929937
-0.06014237
0.00995395
0.00894732
-0.04351748
-0.11250587
-0.04826668
-0.00561886
-0.13458781
