-0.13983111
-0.07317110
0.02715922
-0.12631637
-0.00226671
-0.04360829
0.12892078
-0.15209290
0.07715347
-0.04118223
-0.08271071
0.06747396
-0.00686770
0.17839662
-0.07069257
-0.00734035
0.01333103
0.07870460
-0.04936670
0.00124194
0.00626340
0.11632968
0.13508436
0.06848102
-0.03978002
-0.03703123
-0.00223623
0.14791656
0.03500174
-0.01419399
-0.10461658
-0.14594301
-0.05304591
0.07969463
-0.17563442
-0.01387632
0.04221741
0.01503198
0.11000322
-0.13981576
0.00526536
-0.12477608
-0.19847384
-0.06453261
-0.12686929
-0.00117517
-0.02120986
-0.04526300
-0.05473835
-0.08237765
0.12443357
0.06469022
-0.03993240
0.00870667
0.05655228
0.05417115
0.04102939
-0.01405886
-0.01529316
0.11061570
0.15410243
-0.11103896
-0.01522861
0.06444015
-0.03758184
0.01552576
-0.06018016
-0.07415485
-0.06788558
-0.06832075
-0.00111158
-0.18689851
0.06536274
-0.00534421
0.08591775
0.13978319
0.02204310
0.03242791
-0.02955329
0.08445275
0.02390592
-0.02125046
0.00525349
-0.02921085
0.06288019
0.00770318
-0.05011716
0.03128958
-0.03338660
-0.01302564
0.04292893
0.00078744
-0.10935049
-0.12887284
-0.01108945
-0.06174685
0.08430115
-0.02063216
0.02912116
-0.07174354
0.00342903
-0.04926952
-0.14443307
0.01570883
0.04824192
-0.07536964
-0.02356601
0.00787765
0.06188725
-0.01720283
0.00105399
0.07198886
-0.02273027
0.11866549
0.00932101
0.04587052
-0.05411465
-0.03001158
-0.05039876
0.01528508
0.01302690
0.05614036
0.09158329
0.00200024
-0.02304934
0.06931519
-0.24805082
-0.10905711
0.02601541
-0.04612918
0.12015770
-0.13190594
0.00329023
-0.08551918
-0.11521011
0.01233784
-0.06863688
0.06283448
0.03537751
-0.00679407
0.03846693
0.06952810
-0.08006551
0.08668978
0.03073862
-0.01459498
0.05681166
-0.08780267
0.01641905
0.01824290
0.02388915
-0.06178608
-0.08330537
0.00018989
0.08742249
-0.00380038
-0.02114160
-0.04520795
-0.09164668
-0.01708832
-0.01228700
0.07766416
0.00837426
0.09211633
0.19178251
0.07252396
0.00259164
0.09244262
0.02322455
0.04735441
-0.07297724
0.04139607
-0.00238120
