-0.08813112
-0.09211110
0.03132210
-0.02702910
-0.04265571
-0.10191922
0.09892991
-0.11131793
-0.09685764
-0.06395547
0.08074626
-0.01222555
0.03529622
-0.18068563
0.16125724
0.05067069
-0.03033995
0.04348250
-0.01479210
0.16300822
0.09451374
-0.00367013
0.08212810
-0.04716789
-0.01604389
0.07442734
-0.03153661
-0.02536354
-0.07605694
-0.13407053
-0.11887013
-0.00291615
-0.00934728
-0.15477992
-0.11715282
-0.01759558
0.18793629
0.03265982
0.09042237
-0.12990360
-0.06951418
0.10971477
0.01622855
-0.02905797
-0.13603536
0.09667498
-0.03618170
0.09343041
-0.16442026
0.09824663
0.06672694
-0.03857256
-0.06215182
0.08969180
-0.00277000
-0.04700657
0.02669846
-0.03048619
0.03606091
0.00478662
0.15933500
-0.03250327
0.02049910
-0.00673836
0.01045951
-0.05446579
-0.05815598
-0.04987443
0.04776336
-0.03738709
-0.04440370
-0.00857373
-0.03218326
0.07383438
0.05012703
0.01529718
0.07391347
0.08292533
0.00567263
0.01566413
-0.16062428
0.00638363
0.12998858
-0.00982804
-0.04183776
-0.08005158
0.03616536
-0.06948253
0.04244440
-0.03762145
-0.04083472
-0.05282291
-0.16944539
-0.01078670
-0.03867654
0.01576707
0.00711216
-0.03302320
-0.18562179
-0.13914389
-0.02717297
-0.04726177
0.04805651
-0.01575369
-0.05990274
0.05097379
0.05869325
-0.07104232
0.08848747
0.08488490
0.11745950
0.00829655
0.03714454
0.03597075
0.06269255
0.09648455
0.05723073
0.16358607
0.05640880
0.13049804
0.03264017
0.12366053
0.03245103
-0.03630621
-0.00183838
-0.11698371
-0.00569476
-0.08493710
-0.01201143
-0.03065197
0.04258404
-0.05812834
0.03785015
-0.03244840
-0.04009776
0.00908750
0.09330012
0.09519185
0.00785562
0.06831382
0.06454299
0.12096666
0.01058749
0.03214941
0.01653566
0.02525054
-0.02733587
-0.10062032
-0.07055598
0.04535813
0.09113772
-0.00056129
-0.02727509
0.11020881
-0.16247780
-0.00305690
0.05476256
-0.02914608
-0.07506202
0.02866996
0.03737197
0.03066242
-0.07186417
0.03509266
0.01525221
-0.04849774
0.04498003
0.11072276
0.07921925
-0.01701871
-0.04991320
-0.03135552
0.15210631
