0.11905745
-0.09268445
-0.03669286
0.00287084
-0.00005103
-0.11362644
0.02008271
-0.01079461
-0.12266322
-0.09724635
0.06889286
-0.04094626
0.08441266
-0.16109585
0.00502914
-0.11264194
0.08931635
0.01657420
-0.06116975
-0.01656388
0.00947550
-0.00408696
0.07071468
0.03243155
-0.09345687
0.00246004
0.13524760
0.05039074
0.00556175
-0.04723586
-0.17041260
-0.10656222
-0.13146164
0.14036046
0.04245345
-0.04036384
-0.17974896
-0.08664721
0.14697394
-0.05487079
0.03738002
0.01612041
0.04997039
0.01456202
-0.00220727
-0.10661615
0.04139994
0.09014329
0.02954330
0.10006676
-0.01129444
0.02720354
0.14879872
0.04108713
-0.09243823
0.10047650
-0.07827558
0.03077500
0.04858726
-0.02494744
-0.01001405
0.03706145
0.02748966
-0.08024967
-0.07230713
-0.07151527
0.00757277
-0.02782266
0.03812442
-0.02447269
0.10730085
-0.10918232
0.02962660
0.02303921
-0.04636123
0.09364643
0.03576534
-0.00596374
-0.02190777
-0.06728567
0.01860290
0.01009936
0.01518009
0.02702661
0.18650003
-0.11374442
-0.04621778
0.08857882
0.03291020
0.04762203
-0.08456571
-0.09063507
0.06444179
0.07515775
-0.10672771
-0.00401178
0.07405858
-0.08441518
-0.02666755
0.03192947
0.04663046
0.05486340
0.03892603
-0.10096146
-0.06070103
0.09509357
-0.03774818
-0.03382250
-0.09948596
-0.05595200
-0.12211015
0.06102472
0.10037409
0.03274226
-0.01979536
-0.01307604
-0.01666750
-0.13746719
0.00671616
-0.03639621
-0.15098329
0.01200510
-0.01554319
0.08893635
0.02705529
0.11496515
-0.05500969
0.07285526
0.00005325
-0.00699411
-0.03508753
-0.02650535
0.04654302
-0.01578970
0.13796615
0.02354213
-0.00519124
0.01264695
-0.10140556
0.05042779
0.03045859
0.08054081
0.12239609
-0.01736330
0.12530805
-0.02752890
0.01918442
0.09652859
-0.04753913
-0.04126360
-0.15348590
-0.10227824
-0.09773200
0.02411689
0.09232098
-0.10924414
0.01806187
0.00249501
0.05611119
0.06539156
-0.04650021
-0.01302103
-0.04890166
-0.22804963
0.03596183
0.08610631
0.11987284
0.09004788
0.05710760
0.04941515
-0.00025776
-0.00026291
-0.13320694
