0.00654398
-0.00276997
0.09378942
-0.05253823
-0.13089218
0.12242534
0.10249298
-0.12500152
0.07075035
-0.16875428
-0.00544800
0.00071465
-0.20486659
0.02659366
-0.07953701
0.05650398
0.09759115
-0.06988253
0.06254812
-0.01453664
-0.04235693
-0.07202257
0.07730382
0.05965130
0.00513655
0.00753564
-0.05327099
0.03353805
-0.14102050
0.11007295
-0.04991689
-0.01747393
-0.10589780
-0.04241691
-0.01377041
0.07194746
0.11019743
0.01710812
-0.12379391
-0.04447748
-0.00287456
0.08078502
0.03449681
0.05429089
0.01950817
-0.07213852
-0.03494267
0.04266894
0.01912304
0.11925163
-0.09441955
0.03259359
-0.04627877
-0.07277705
0.00992113
-0.08608516
0.00490744
-0.08347407
-0.05131247
0.03124440
0.06770390
0.19584127
0.07727201
0.04307699
0.03856335
0.01360008
-0.12337953
-0.08995028
-0.04920118
-0.06272984
0.10462098
-0.02640165
-0.03566750
0.05364834
0.04412309
-0.01695415
-0.09033432
0.02924624
0.03563465
0.04183359
-0.10089123
-0.03755190
-0.00765718
0.13231308
-0.10598512
-0.02739528
-0.04287031
0.02167464
0.05539484
0.02712308
0.02684718
0.05752625
-0.05027370
-0.00146512
-0.02548931
-0.04911190
-0.03422230
-0.13169152
-0.02281731
0.01918599
0.12394474
-0.07296651
-0.05580628
0.02574680
0.13794361
-0.13149159
-0.03534009
0.00323491
0.04516506
0.03009134
0.08658434
0.01788096
-0.14360330
0.06352707
-0.04266746
0.10642635
-0.03816156
-0.07851676
0.03704077
0.03725324
-0.02799473
-0.00197971
-0.07547528
-0.09686514
-0.09865212
0.06229687
0.01898760
-0.06149145
-0.01184192
-0.06579523
-0.12130596
-0.02338416
-0.20785949
-0.08557209
-0.06652831
0.05765538
-0.18812218
0.06769441
-0.08689023
-0.01393798
0.17718299
-0.05178285
-0.01835511
-0.04212765
0.02487781
0.08785574
0.08299570
-0.00569034
0.00991701
-0.07036494
0.04553067
0.00681713
0.03600265
0.10926991
0.03718752
0.16244598
0.01735705
-0.03370238
-0.07823265
0.00152519
-0.04657540
-0.10754269
0.01487632
-0.03313665
-0.16417154
-0.03363416
0.04214416
0.08810473
-0.10523031
0.07388627
0.08852227
-0.00143383
0.00131141
