0.09195955
-0.03899255
0.00574172
0.08665121
-0.11168663
0.03706616
-0.05102272
0.01812398
0.00283585
-0.10846652
-0.02648803
0.00755939
-0.07707303
0.01939478
0.07830914
0.06931758
0.05962984
0.08415613
0.02011123
0.05564016
0.07692535
-0.05170774
-0.04711574
0.14418644
0.02920123
0.06679287
0.09668254
0.04437997
-0.04387726
-0.01952032
0.16790910
-0.05830505
0.00195803
0.04876959
0.07204477
0.03470505
-0.00556134
0.12208955
-0.04140481
0.03321901
-0.05600168
0.00538030
-0.04861841
0.14152169
0.09532005
0.14046682
-0.00869012
-0.09939807
-0.00265850
0.00598492
-0.06585590
-0.08534016
-0.00920932
0.01355056
0.07660787
0.03414313
-0.11319151
0.01098926
-0.07537259
0.05282870
-0.04823818
-0.06337415
-0.01049512
0.11545739
0.05369329
-0.10899776
0.09773507
-0.13687435
0.07700366
0.09717365
0.01394173
0.03750299
0.02706278
0.13971556
-0.00869565
-0.02696052
0.07245107
-0.06282569
0.06428554
0.01199906
0.01844736
0.06161560
0.01929544
0.20011151
-0.00820912
0.00462535
0.11506507
0.04479727
-0.03083079
-0.01626525
-0.08656289
0.01372486
-0.04735432
0.06382813
0.07863533
-0.01544240
-0.02430555
0.02207509
-0.11664906
-0.01175548
0.03772487
0.01150120
-0.07795658
-0.15917862
0.08150915
0.09410295
0.03545393
0.10847716
0.06205353
-0.11942638
-0.05152804
0.10278771
0.10690242
-0.04056806
0.01168589
-0.07309208
-0.00867622
-0.13432285
-0.08038739
0.12000796
0.05984949
0.05346273
0.03792583
0.05365610
-0.00178636
0.05211275
0.06156100
-0.03404273
0.06083847
0.04930360
-0.03155925
-0.02052984
0.01985759
0.11324014
-0.09499945
-0.01872821
0.11655039
-0.01186257
-0.09420351
-0.01098265
0.02465332
0.01961089
0.03176350
-0.04680000
0.05389603
-0.03330937
0.01372019
-0.01012778
-0.05741451
-0.07211121
-0.18303774
0.03787341
-0.22289331
-0.02917689
0.13676578
-0.25615254
-0.02979455
0.04254262
-0.02482018
-0.07493803
-0.01770966
0.08862255
0.00926709
0.05141623
0.02654017
-0.06525196
-0.01556393
0.02714840
0.19198810
-0.00701205
0.01890824
0.15764415
-0.03760600
