-0.00383267
-0.07713023
-0.16598582
-0.13323557
0.07396849
-0.04348158
-0.07786674
-0.07794027
-0.11706480
0.04087225
0.03118647
-0.10371321
-0.01221450
0.01986430
0.05158812
0.02719807
0.14229312
-0.07066724
-0.10769713
0.00836062
0.13033275
0.11289659
0.05704733
0.10912933
-0.03106788
-0.04786538
0.00563347
0.00549681
0.01534466
0.12405401
0.14046567
0.02786386
0.10910780
-0.09548147
-0.08629254
-0.05640769
0.12019883
-0.00973674
0.04281196
0.05426292
-0.08880999
-0.09594006
-0.06861298
0.03931242
0.07909564
0.00701506
0.21214295
0.07557767
-0.06054031
0.12853342
-0.10304969
0.10627526
0.04597899
0.20265784
-0.01874482
0.06367122
-0.05189549
-0.02123876
0.05366252
-0.05004689
0.09848937
0.03212819
-0.06637021
0.06005226
0.03803546
-0.01299022
-0.03115928
-0.03424763
0.05508790
-0.07534332
0.11919398
0.01249135
0.01157203
0.00119948
-0.13445265
-0.02253898
-0.05546237
-0.04244553
0.06003888
0.05099597
0.05444192
0.05909031
0.02624543
0.00969133
-0.06649807
0.00368438
0.00543058
-0.03730184
0.00833306
-0.00823796
-0.05713153
0.02072421
0.13875038
0.07388720
0.03532474
0.03959485
-0.08328721
-0.11411167
-0.16996447
-0.01817358
-0.04053312
0.03095425
0.05006650
-0.09552052
0.05089891
-0.03640272
0.01931116
0.06522739
0.06922491
0.12345451
0.07335100
-0.04608375
-0.01533400
-0.08495105
0.00932213
-0.10145067
0.11784042
-0.03299523
0.10132512
-0.15579518
-0.03914524
-0.03643494
0.03368621
-0.01615552
0.00102785
0.07420014
0.00677597
0.07783314
0.01469360
0.01987571
-0.12844114
-0.07748843
-0.10728733
0.11134463
-0.02141980
-0.02571054
-0.06383324
-0.03837006
-0.02577238
0.08354676
-0.08895795
0.15898726
0.17806294
-0.03324216
-0.06619430
0.03191935
-0.11374160
-0.01118185
0.01577023
-0.10904132
0.01268638
0.00225820
0.02306776
-0.02570046
0.00394319
0.05940768
-0.03369516
0.03915903
0.01418016
0.05717278
0.02603450
-0.03257357
0.03215248
-0.12188291
0.12663274
0.00913461
-0.10909779
-0.05818894
0.01494620
0.05069269
0.04937102
-0.14230974
0.03668505
