-0.06768395
-0.06183505
-0.01869926
0.04880867
-0.10552736
-0.00983339
-0.06180813
-0.07879901
-0.06209299
0.06556929
0.00681984
0.06586728
-0.05734219
0.03846810
0.10431157
-0.09406535
-0.00707989
-0.01444227
0.09454513
-0.03490706
-0.00589091
0.06321313
-0.11226110
0.05757573
-0.03266153
-0.13389979
-0.10745671
-0.14400581
-0.01896468
-0.03035844
-0.11533983
0.00740809
0.13702710
-0.02661393
0.03579845
-0.14274302
-0.08794547
0.03777175
-0.06545814
-0.09222204
-0.06716655
0.04109252
-0.01523939
0.04674501
-0.00056211
-0.00657640
-0.07218754
0.01723389
0.11412177
0.08173853
0.11322830
-0.07829827
-0.10978930
0.05153007
0.04152228
-0.05154855
-0.09113835
-0.07765402
0.06886932
0.04993569
0.01479595
0.04175981
-0.00654832
0.00041111
0.10227250
0.11251307
0.16405450
0.00069893
-0.05335102
0.04666870
-0.06794348
0.03594926
0.06084770
-0.07379759
0.09816511
-0.00430261
0.13711136
0.02442950
0.01985830
-0.11230640
0.07340714
0.10376798
-0.04962202
0.01392843
0.23234569
-0.01104413
0.00056134
0.05166708
-0.07894600
0.00753584
-0.02834763
0.08323342
0.04994475
0.09156792
-0.01338729
0.14104459
-0.02121544
0.06129265
-0.07978114
0.14596932
0.02633773
0.11682814
0.04837433
-0.01725265
-0.04039809
-0.00043126
-0.04921583
-0.01506833
0.01152103
0.04779459
-0.01311315
0.00527427
0.12613406
0.05277362
0.08048213
0.11408357
0.00181408
-0.00775483
-0.10902991
-0.08577133
0.06609066
0.05915015
0.01053024
-0.07588616
0.13414949
-0.01677512
-0.02347247
-0.00150448
-0.16709926
-0.06053496
0.02647768
0.18698732
-0.13087984
0.03076643
0.01613270
0.12926111
0.04156425
0.00265637
0.00704226
0.06797256
0.10546642
0.03038913
0.04234840
0.05271792
-0.06560231
0.09822022
0.04539787
-0.02067487
0.07883848
0.11032860
-0.08884690
-0.13783602
0.07494824
0.06076689
-0.00586314
0.08206957
-0.05792346
0.06543435
0.07723179
-0.15125801
-0.06069543
-0.02693978
0.04341558
0.08650634
-0.03259946
-0.11506058
0.00445223
-0.16439214
-0.01567821
0.01903065
0.03862314
-0.00163378
-0.01766427
