8.35456965
2.29808109
0.35676185
0.19038568
5.79789676
3.30645084
1.16429465
0.90777572
2.51452864
0.99533698
13.59559575
1.79816483
0.08892552
2.41027506
0.45665435
0.40023987
0.25324226
0.26686442
1.88939602
1.08545763
0.63431149
0.19390233
2.87245303
2.44153752
0.81523286
0.06366901
0.61294814
0.71422553
0.03635968
4.02976623
0.02747264
1.19718743
0.28408491
7.13677729
1.61596599
6.50724105
1.35690325
0.39893726
3.22581953
0.25640924
0.06570509
0.93745107
4.60450438
2.61966737
0.68763961
13.95493442
0.89165404
0.57118016
2.13640610
6.39400012
4.61653163
0.35304756
7.92677352
4.82646845
2.76886380
2.64190516
3.30662253
0.86357540
0.38023213
13.77476478
27.08343993
4.65853262
33.70579022
1.37013574
31.84338982
4.27092204
0.04906290
0.76090998
13.81569591
1.22998688
0.17943833
0.46004578
1.75563422
0.03689104
5.99069409
2.41457432
0.51826024
3.61928866
0.38551801
7.89016528
10.07168701
0.07662744
0.01405649
0.36135098
5.46235656
0.50094023
1.61074882
0.92004895
18.10374036
2.66806933
6.10629952
0.65556338
2.50155308
2.27051412
0.79633470
0.02773366
1.02988316
1.24921901
22.95675947
0.31298349
