0.67682178
0.75719565
0.22826013
1.68296360
0.11817287
3.70620753
1.15363857
1.81908510
1.24154913
5.73858644
1.83618363
2.38735924
1.01751026
0.58875408
4.78224241
9.09567564
7.23339189
1.03528798
8.34450799
0.10689495
0.86215006
1.31940304
0.99365324
0.40449629
5.70574590
0.14009437
3.32834389
0.94945950
1.33488033
0.69630404
2.24068858
0.74075156
0.46512114
0.83722697
0.37791453
1.73098783
1.51374506
0.24432001
3.97955554
0.86926822
2.03224114
0.17397461
1.86952437
0.99257983
3.02204258
0.41558928
2.13993330
0.59406962
0.85140052
16.10392416
0.37415908
7.10879347
1.63489488
0.49582169
2.54291912
1.41628919
0.18483296
0.80713649
2.14165962
0.85618282
1.77774421
0.59408536
1.19157843
1.23070503
1.21005070
0.89273914
2.19392700
0.98042092
6.29665771
1.70183209
1.34752136
4.19784178
2.60526929
0.72448432
1.24154996
1.62647822
0.35712676
0.87073126
2.06313620
0.83117240
1.07005314
0.42451481
0.52119431
1.93602063
0.74277180
0.78713904
0.02495635
0.44087413
1.25040268
2.35083676
5.74254353
4.07768485
0.92951013
0.83833919
0.29476936
1.78491507
0.68668455
3.15053573
2.11647146
0.99373100
