7.8019
0
0
0
0
0
0
0
0
-7.8019
0
0
0
0
0
0
0
0
0
0
0
0
0
0
0
0
0
0
0
0
0
0
0
0
0
0
0
0
0
0
0
0
0
0
0
0
0
0
0
0
0
0
0
0
0
0
0
0
0
0
0
0
0
0
0
0
0
0
0
0
0
0
0
0
0
0
0
0
0
0
0
0
0
0
0
0
0
0
0
0
0
0
0
0
0
0
0
0
0
0
20.6911
0
-5.4238
0
0
0
0
0
0
0
0
-0.75409
0
-4.5721
0
0
0
0
0
-0.57569
0
0
0
-0.75071
0
0
0
0
0
0
0
0
0
0
0
0
0
0
0
-1.0341
0
0
0
0
-0.52771
0
0
0
0
0
0
0
0
0
0
0
0
0
0
0
0
0
0
0
-1.3773
-0.99507
0
-0.80863
0
0
0
0
0
-0.8599
0
-0.80983
0
0
0
0
0
0
0
-0.6152
0
0
0
0
0
0
0
0
-0.83886
0
0
0
0
-0.74811
0
0
12.9535
0
0
0
0
0
0
0
0
0
0
0
0
0
0
0
0
0
0
0
-4.6083
0
0
0
0
0
0
0
-4.7527
0
0
0
0
0
0
0
-3.5924
0
0
0
0
0
0
0
0
0
0
0
0
0
0
0
0
0
0
0
0
0
0
0
0
0
0
0
0
0
0
0
0
0
0
0
0
0
0
0
0
0
0
0
0
0
0
0
0
0
0
0
0
0
0
0
0
0
0
0
0
0
-5.4238
0
10.1032
0
0
0
0
0
0
0
0
0
0
0
0
0
0
0
0
0
0
0
0
0
0
0
0
0
0
0
0
0
0
0
0
0
0
0
0
0
0
0
0
0
0
0
0
0
0
0
0
0
0
0
0
0
0
0
0
0
0
0
-4.6794
0
0
0
0
0
0
0
0
0
0
0
0
0
0
0
0
0
0
0
0
0
0
0
0
0
0
0
0
0
0
0
0
0
0
0
0
0
0
0
9.0419
0
0
0
0
0
0
0
0
0
0
0
0
0
0
0
0
0
0
0
0
0
0
0
0
0
0
0
0
0
0
0
0
0
0
0
0
0
0
0
0
-9.0419
0
0
0
0
0
0
0
0
0
0
0
0
0
0
0
0
0
0
0
0
0
0
0
0
0
0
0
0
0
0
0
0
0
0
0
0
0
0
0
0
0
0
0
0
0
0
0
0
0
0
0
0
0
0
0
0
0
0
6.8079
0
0
0
0
0
0
0
0
0
0
0
0
0
0
0
0
0
-6.8079
0
0
0
0
0
0
0
0
0
0
0
0
0
0
0
0
0
0
0
0
0
0
0
0
0
0
0
0
0
0
0
0
0
0
0
0
0
0
0
0
0
0
0
0
0
0
0
0
0
0
0
0
0
0
0
0
0
0
0
0
0
0
0
0
0
0
0
0
0
0
0
0
0
0
0
0
0
0
0
0
0
24.9579
-0.38428
0
0
0
0
-0.26426
0
0
-0.3678
-0.39095
0
0
-0.3713
-0.10292
0
0
0
-0.29193
0
-0.39855
0
0
0
0
0
-0.30109
0
0
-0.20119
0
0
-0.17471
0
-0.39849
0
0
0
-0.3619
-0.1004
0
0
-0.34257
0
0
0
0
-0.54198
0
0
0
-4.5933
0
0
0
0
0
0
0
0
-0.10005
-0.39099
-0.33829
0
0
0
0
-4.8243
-0.37533
-5.5597
-0.33873
0
0
0
0
0
0
0
-0.15171
-0.10707
0
0
0
0
-0.39284
-0.80636
-0.40498
-0.36449
-0.33037
-0.45083
0
-0.17281
-0.26145
0
0
0
0
0
0
-0.38428
12.1598
0
0
0
0
-0.33113
0
0
-0.62013
-0.5393
0
0
-0.17431
-0.18216
0
0
0
-0.54977
0
-0.82827
0
0
0
0
0
-0.38784
0
0
-0.34196
0
0
-0.38678
0
-0.42583
0
0
0
-0.39514
-0.34184
0
0
-0.39463
0
0
0
0
-0.55024
0
0
0
0
0
0
0
0
0
0
0
0
-0.30107
-0.54096
-0.31166
0
0
0
0
0
-0.14615
0
-0.31299
0
0
0
0
0
0
0
-0.23642
-0.48174
0
0
0
0
-0.59317
-0.56129
0
-0.36771
-0.52833
-0.13428
0
-0.43353
-0.37684
0
0
0
0
0
0
0
0
8.5295
0
0
0
0
0
0
0
0
0
0
0
0
0
0
0
0
0
0
0
0
0
0
0
0
0
0
0
0
0
0
0
0
0
0
0
0
0
0
0
0
0
0
0
0
0
0
0
0
0
0
0
0
0
0
0
0
0
0
0
0
0
0
0
0
0
0
0
0
0
0
0
0
0
0
0
0
-8.5295
0
0
0
0
0
0
0
0
0
0
0
0
0
-7.8019
0
0
0
0
0
0
0
0
23.1614
0
0
0
0
0
0
0
0
0
0
0
0
0
0
0
0
0
0
0
0
0
0
0
0
0
0
0
0
0
0
0
0
0
0
0
0
0
0
0
0
-5.3717
-4.3868
0
0
0
-5.601
0
0
0
0
0
0
0
0
0
0
0
0
0
0
0
0
0
0
0
0
0
0
0
0
0
0
0
0
0
0
0
0
0
0
0
0
0
0
0
0
0
0
0
0
0
0
0
0
0
0
0
0
0
20.6253
0
-1.5378
0
0
0
0
0
0
0
0
0
0
0
-1.6085
0
0
0
0
0
0
0
0
0
0
0
0
0
0
0
-2.2763
0
0
0
0
-1.7247
0
0
0
0
0
0
0
0
0
0
0
0
0
0
0
0
0
0
0
0
0
0
0
0
0
0
0
0
0
0
0
0
0
0
0
0
0
-7.5833
-2.12
0
0
0
0
0
0
0
0
-2.2406
0
0
0
0
-1.534
0
0
0
0
0
0
0
0
0
0
0
11.444
0
0
0
0
0
0
0
0
0
0
0
0
0
0
0
0
0
0
0
0
0
0
0
0
0
0
0
0
0
0
0
0
0
0
0
0
0
0
0
0
0
0
0
0
0
0
0
0
0
0
0
0
-5.4577
0
0
0
0
0
0
0
0
0
0
-5.9863
0
0
0
0
0
0
0
0
0
0
0
0
0
0
0
0
0
0
0
0
0
0
0
0
-0.75409
0
0
0
0
-0.26426
-0.33113
0
0
-1.5378
0
15.9323
0
0
-0.15328
-0.37803
-0.10127
0
-0.35045
-0.10073
-0.62798
0
-0.57629
-0.10079
0
-0.39444
0
0
0
0
0
-0.29095
-0.58618
0
-0.17019
0
-0.63392
-0.10155
0
-0.10032
0
0
0
-0.20306
-0.10018
0
0
-0.10668
0
0
0
0
-0.1016
0
0
0
0
0
0
0
-0.96353
0
0
0
0
-0.14827
-0.3793
-0.1012
0
0
0
0
0
-0.10503
0
-0.10123
0
0
0
0
-0.59066
0
0
-0.10022
-0.23414
0
0
0
-0.67126
-0.10064
-0.38647
-0.37628
-0.10019
-0.24776
-0.19846
-1.7574
-0.32468
-0.98033
0
0
0
0
0
0
0
0
0
0
0
0
0
8.1449
0
0
0
0
0
0
0
0
0
0
0
0
0
0
0
0
0
0
0
0
0
0
0
0
0
0
0
0
0
0
0
0
0
0
0
0
0
0
0
0
0
-8.1449
0
0
0
0
0
0
0
0
0
0
0
0
0
0
0
0
0
0
0
0
0
0
0
0
0
0
0
0
0
0
0
0
0
0
0
0
0
0
0
0
0
0
0
0
-4.5721
0
0
0
0
0
0
0
0
0
0
0
0
9.6295
0
0
0
0
0
0
0
0
0
0
0
0
0
0
0
0
0
0
0
0
0
0
0
0
0
0
0
0
-5.0574
0
0
0
0
0
0
0
0
0
0
0
0
0
0
0
0
0
0
0
0
0
0
0
0
0
0
0
0
0
0
0
0
0
0
0
0
0
0
0
0
0
0
0
0
0
0
0
0
0
0
0
0
0
0
0
0
0
0
0
0
0
-0.3678
-0.62013
0
0
0
0
-0.15328
0
0
14.7411
-0.26125
-0.38791
0
-0.45811
-0.10208
-1.4437
0
-0.73163
-0.10244
0
-0.16751
0
0
0
0
0
-0.46517
-0.13007
0
-0.59081
0
-0.84197
-0.32305
0
-0.13086
0
0
0
-0.19791
-0.10363
0
0
-0.41676
0
0
0
0
-0.12126
0
0
0
0
0
0
0
0
0
0
0
0
-0.37368
-0.25696
-0.10165
0
0
0
0
0
-0.10409
0
-0.10167
0
0
0
0
-1.4557
0
0
-0.10066
-0.57194
0
0
0
-0.76589
-0.12442
-0.63938
-0.40257
-0.10921
-0.43436
-0.64379
0
-0.30701
-0.1308
0
0
0
0
0
0
-0.39095
-0.5393
0
0
0
0
-0.37803
0
0
-0.26125
11.8722
0
0
-0.45995
-0.34398
0
0
0
-0.25263
0
0
0
0
0
0
0
-0.38974
0
0
-0.55539
0
0
-0.38352
0
-0.4293
0
0
0
-0.38381
-0.34272
0
0
-0.39839
0
0
0
0
-0.55562
0
0
0
0
0
0
0
0
0
0
0
0
-0.29844
-0.25607
-0.33845
0
0
0
0
0
-0.54284
0
-0.34044
0
0
0
0
0
0
0
-0.23869
-0.48402
0
0
0
0
-0.66206
-0.56423
0
-0.37071
-0.52882
-0.3804
0
-0.42493
-0.37754
0
0
0
0
0
0
0
0
0
0
0
0
-0.10127
0
0
-0.38791
0
12.2987
0
0
-0.10826
0
0
0
-0.60743
0
0
0
0
0
0
0
-0.4141
0
0
0
0
0
-0.34703
0
-0.41894
0
0
0
-0.34621
-0.29116
0
0
-0.36266
0
0
-1.5963
0
-0.56109
0
0
0
0
0
0
0
0
0
0
0
0
-0.10166
0
-0.72854
0
0
0
0
0
-0.9232
0
-0.74812
0
0
0
0
0
0
0
-0.2283
-0.4438
0
0
0
0
-0.11578
-0.56284
0
-0.42499
-0.48468
-1.4303
0
-0.4629
-0.10125
0
0
0
0
0
0
0
0
0
0
0
0
0
0
0
0
0
0
7.504
0
0
0
0
0
0
0
0
0
0
0
0
0
0
0
-7.504
0
0
0
0
0
0
0
0
0
0
0
0
0
0
0
0
0
0
0
0
0
0
0
0
0
0
0
0
0
0
0
0
0
0
0
0
0
0
0
0
0
0
0
0
0
0
0
0
0
0
0
0
0
0
0
0
0
0
0
0
0
0
0
0
0
0
0
0
0
0
-0.3713
-0.17431
0
0
0
0
-0.35045
0
0
-0.45811
-0.45995
0
0
12.3572
-0.54711
0
0
0
-0.47627
0
-0.66342
0
0
0
0
0
-0.38466
0
0
-0.34768
0
0
-0.37023
0
-0.42197
0
0
0
-0.38445
-0.33687
0
0
-0.39111
0
0
0
0
-0.54523
0
0
0
0
0
0
0
0
0
0
0
0
-0.30099
-0.45733
-0.23189
0
0
0
0
0
-0.12756
0
-0.23397
0
0
0
0
0
0
0
-0.2321
-0.47767
0
0
0
0
-0.46557
-0.55707
-0.82989
-0.36249
-0.52553
-0.12131
0
-0.41972
-0.33098
0
-0.57569
0
0
0
0
-0.10292
-0.18216
0
0
0
0
-0.10073
0
0
-0.10208
-0.34398
-0.10826
0
-0.54711
14.5289
-1.4319
0
-0.57779
-0.10216
0
-0.46001
0
0
0
0
0
-0.28148
-0.43488
0
-0.104
0
-0.46607
-0.10067
0
-0.10056
0
0
0
-0.1015
-0.10033
0
0
-0.10134
0
0
0
0
-0.10187
0
0
0
0
-3.0904
0
0
-0.99048
0
0
0
0
-0.1022
-0.34466
-0.10158
0
0
0
0
0
-0.10168
0
-0.10162
0
0
0
0
-0.40341
0
0
-0.10027
-0.22964
0
0
0
-0.6195
-0.15245
-0.47999
-0.16776
-0.10048
-0.3016
-0.10586
0
-0.40706
-0.10072
0
0
0
0
0
0
0
0
0
0
0
0
-0.62798
0
0
-1.4437
0
0
0
0
-1.4319
11.5567
0
0
-0.99688
0
0
0
0
0
0
0
0
0
0
0
0
0
0
0
-0.72198
0
0
0
0
-0.74613
0
0
0
0
0
0
0
-0.97255
0
0
0
0
0
0
0
0
0
0
0
0
0
0
-0.7987
0
0
0
0
0
-1.1796
0
-0.79932
0
0
0
0
0
0
0
-0.54488
0
0
0
0
0
0
0
0
-0.61428
0
0
0
0
-0.67883
0
0
-4.6083
0
0
0
0
0
0
0
0
0
0
0
0
0
0
0
0
0
0
0
21.8686
0
0
0
0
0
0
0
0
0
-4.8897
0
0
0
0
0
0
0
0
0
0
0
0
0
0
-7.27
0
0
0
0
0
0
0
0
0
0
0
0
0
0
0
0
0
0
0
0
0
0
0
0
0
0
0
0
0
0
0
0
0
0
0
0
0
0
0
-5.1005
0
0
0
0
0
0
0
0
0
0
0
0
0
0
0
0
-6.8079
0
0
0
0
0
0
-0.57629
0
0
-0.73163
0
0
0
0
-0.57779
0
0
19.5597
-0.64259
0
0
0
0
0
0
0
0
0
0
0
0
0
0
0
-0.92332
0
0
0
-0.63753
-0.52232
0
0
-0.63153
0
0
0
0
-1.3058
0
0
0
0
0
0
0
0
0
0
0
0
0
0
-0.67249
0
0
0
0
0
-0.70267
0
-0.67199
0
0
0
0
0
0
0
-0.77287
0
0
0
0
0
-0.6675
0
0
-0.87433
-0.52706
-0.73856
0
0
-0.57547
0
-0.75071
0
0
0
0
-0.29193
-0.54977
0
0
-1.6085
0
-0.10079
0
0
-0.10244
-0.25263
-0.60743
0
-0.47627
-0.10216
-0.99688
0
-0.64259
15.3072
0
-0.21019
0
0
0
0
0
-0.3653
-0.35321
0
-0.31131
0
-0.6368
-0.18566
0
-0.10036
0
0
0
-0.20615
-0.10032
0
0
-0.12509
0
0
0
0
-0.10258
0
0
0
0
0
0
0
-1.0098
0
0
0
0
-0.12742
-0.25129
-0.10209
0
0
0
0
0
-0.10743
0
-0.10219
0
0
0
0
-0.92479
0
0
-0.10024
-0.35712
0
0
0
-0.70963
-0.53963
-0.48164
-0.35613
-0.10037
-0.35242
-0.10634
0
-0.2989
-0.10078
0
0
0
0
0
0
0
0
0
0
0
0
0
0
0
0
0
0
0
0
0
0
0
0
0
7.8433
0
0
0
0
0
0
0
0
0
0
0
0
0
0
0
0
0
0
0
0
0
0
0
0
0
0
0
0
0
0
0
0
0
0
0
0
0
0
0
0
0
0
0
0
0
0
0
0
0
0
0
0
0
0
0
0
0
0
0
0
0
0
0
-7.8433
0
0
0
0
0
0
0
0
0
0
0
0
0
0
0
-0.39855
-0.82827
0
0
0
0
-0.39444
0
0
-0.16751
0
0
0
-0.66342
-0.46001
0
0
0
-0.21019
0
11.7028
0
0
0
0
0
-0.39123
0
0
0
0
0
-0.39316
0
-0.431
0
0
0
-0.38323
-0.34338
0
0
-0.39949
0
0
0
0
-0.55898
0
0
0
0
0
0
0
0
0
0
0
0
-0.2965
0
-0.32065
0
0
0
0
0
-0.60727
0
-0.3191
0
0
0
0
0
0
0
-0.23891
-0.4875
0
0
0
0
-0.68432
-0.56779
0
-0.37161
-0.53153
-0.47039
0
-0.42671
-0.35767
0
0
0
0
0
0
0
0
0
0
0
0
0
0
0
0
0
0
0
0
0
0
0
0
0
0
0
9.1352
0
0
0
0
0
0
0
0
0
0
0
0
0
0
0
0
0
0
0
0
0
0
0
0
0
-9.1352
0
0
0
0
0
0
0
0
0
0
0
0
0
0
0
0
0
0
0
0
0
0
0
0
0
0
0
0
0
0
0
0
0
0
0
0
0
0
0
0
0
0
0
0
0
0
0
0
0
0
0
0
0
0
0
0
0
0
0
0
0
0
0
0
0
0
0
0
0
0
0
0
0
7.3771
0
0
0
0
0
0
0
0
0
0
0
0
0
0
-7.3771
0
0
0
0
0
0
0
0
0
0
0
0
0
0
0
0
0
0
0
0
0
0
0
0
0
0
0
0
0
0
0
0
0
0
0
0
0
0
0
0
0
0
0
0
0
0
0
0
0
0
0
0
0
0
0
0
0
0
0
0
0
0
0
0
0
0
0
0
0
0
0
0
0
0
0
0
0
0
0
0
0
0
0
0
8.8029
0
0
0
0
0
0
0
0
0
0
0
0
0
0
0
0
0
0
0
0
0
0
0
0
0
0
0
0
0
0
0
0
0
0
0
0
0
0
0
0
0
0
0
0
0
0
0
0
0
0
0
0
0
0
0
0
0
0
0
0
0
0
0
0
-8.8029
0
0
0
0
0
0
-4.7527
0
0
0
0
0
0
0
0
0
0
0
0
0
0
0
0
0
0
0
0
0
0
0
0
0
0
0
10.7751
0
0
0
0
0
0
0
0
0
0
0
0
0
0
-6.0224
0
0
0
0
0
0
0
0
0
0
0
0
0
0
0
0
0
0
0
0
0
0
0
0
0
0
0
0
0
0
0
0
0
0
0
0
0
0
0
0
0
0
0
0
0
0
0
0
0
0
0
0
0
0
0
0
0
0
0
0
0
0
0
0
0
0
0
0
0
0
0
0
0
0
0
0
0
0
0
0
0
0
0
0
8.8029
0
0
0
0
0
0
0
0
0
0
0
0
0
0
0
0
0
0
0
0
0
0
0
0
0
0
0
0
0
0
0
0
0
0
0
0
0
0
0
0
0
0
0
0
0
0
0
0
0
0
0
0
0
0
0
0
0
0
0
0
0
0
-8.8029
0
0
0
0
0
0
0
0
0
0
-0.30109
-0.38784
0
0
0
0
-0.29095
0
0
-0.46517
-0.38974
-0.4141
0
-0.38466
-0.28148
0
-4.8897
0
-0.3653
0
-0.39123
0
0
0
0
0
30.7219
0
0
-0.29404
0
0
-0.10038
0
-1.0018
0
0
0
-0.14916
-0.10034
0
0
-0.1999
0
0
0
0
-1.0307
0
0
0
0
0
0
0
0
0
0
0
0
-0.50559
-0.38976
-0.39169
0
0
0
0
0
-0.42816
0
-0.39212
0
0
0
0
0
0
0
-0.82474
-1.1654
-9.9929
0
0
0
-0.40624
-1.2158
-0.39263
-0.79535
-1.2244
-0.3996
0
-0.47323
-0.28664
0
0
0
0
0
0
0
0
0
0
0
0
-0.58618
0
0
-0.13007
0
0
0
0
-0.43488
0
0
0
-0.35321
0
0
0
0
0
0
0
0
11.682
0
0
0
0
0
0
-0.52178
0
0
0
-0.479
-0.53094
0
0
-0.53102
0
0
0
0
-0.70715
0
0
0
0
0
0
0
0
0
0
0
0
0
0
-0.54858
0
0
0
0
0
-0.52123
0
-0.55514
0
0
0
0
0
0
0
-0.38916
0
0
0
0
0
-1.8106
0
0
-0.45096
-0.71333
-1.3122
0
-0.56632
-0.54031
0
0
0
0
0
0
0
0
0
0
0
0
0
0
0
0
0
0
-7.504
0
0
0
0
0
0
0
0
0
0
0
0
0
0
0
17.9725
0
0
0
0
0
0
0
0
0
0
0
0
0
0
0
0
0
0
0
0
0
0
0
0
0
0
0
0
0
0
0
0
0
0
0
0
0
0
0
0
0
0
0
0
0
0
0
0
0
-5.2508
-5.2177
0
0
0
0
0
0
0
0
0
0
0
0
0
0
0
0
0
0
0
-0.20119
-0.34196
0
0
0
0
-0.17019
0
0
-0.59081
-0.55539
0
0
-0.34768
-0.104
0
0
0
-0.31131
0
0
0
0
0
0
0
-0.29404
0
0
10.9991
0
0
-0.11486
0
-0.32819
0
0
0
-0.24113
-0.13004
0
0
-0.24791
0
0
0
0
-0.44874
0
0
0
0
0
0
0
0
0
0
0
0
-0.17582
-0.55525
-0.26574
0
0
0
0
0
-0.30728
0
-0.26426
0
-2.553
0
0
0
0
0
-0.10749
-0.31921
0
0
0
0
-0.12833
-0.49048
0
-0.27074
-0.43885
-0.23011
0
-0.32362
-0.14153
0
0
0
0
0
0
0
0
0
0
0
0
0
0
0
0
0
0
0
0
0
0
0
0
0
0
0
0
0
0
0
0
0
0
0
0
6.2894
0
0
0
0
0
0
0
0
0
0
0
0
0
0
0
0
0
0
0
0
0
-6.2894
0
0
0
0
0
0
0
0
0
0
0
0
0
0
0
0
0
0
0
0
0
0
0
0
0
0
0
0
0
0
0
0
0
0
0
0
0
0
0
0
0
0
0
0
0
0
0
0
0
0
0
0
-0.63392
0
0
-0.84197
0
0
0
0
-0.46607
0
0
0
-0.6368
0
0
0
0
0
0
0
0
0
0
0
0
17.2969
0
0
-0.93833
0
0
0
0
-0.36472
0
0
0
0
0
0
0
-1.1058
0
0
0
0
0
0
0
0
0
-3.053
0
0
0
0
-0.69187
0
0
0
0
0
-0.66585
0
-0.69095
0
0
0
0
0
0
0
-0.99302
0
0
-4.7805
0
0
0
0
0
-0.80616
0
0
0
0
-0.62797
0
0
-3.5924
0
0
0
-0.17471
-0.38678
0
0
0
0
-0.10155
0
0
-0.32305
-0.38352
-0.34703
0
-0.37023
-0.10067
0
0
0
-0.18566
0
-0.39316
0
0
0
0
0
-0.10038
0
0
-0.11486
0
0
19.6202
0
-0.10079
0
0
-3.1253
-0.38809
-0.10014
0
0
-0.19275
0
0
0
0
-0.10442
0
0
0
0
0
0
0
0
0
0
-5.1643
0
-0.58324
-0.38347
-0.23968
0
0
0
0
0
-0.27733
0
-0.239
0
0
0
0
0
0
0
-0.1023
-0.34692
0
0
0
0
-0.23851
-0.15474
-0.40522
-0.10075
-0.23233
-0.36453
0
-0.10088
-0.10149
0
0
0
0
0
0
0
0
0
0
0
0
0
0
0
0
0
0
0
0
0
0
0
0
0
0
0
0
0
0
0
0
0
0
0
0
0
0
0
8.5295
0
0
0
0
0
0
0
0
0
0
0
0
0
0
0
0
0
0
0
0
0
0
0
0
0
0
0
0
0
0
0
0
0
0
0
0
0
0
0
0
0
0
0
0
0
-8.5295
0
0
0
0
0
0
0
0
0
0
0
0
0
0
-1.0341
0
0
0
0
-0.39849
-0.42583
0
0
-2.2763
0
-0.10032
0
0
-0.13086
-0.4293
-0.41894
0
-0.42197
-0.10056
-0.72198
0
-0.92332
-0.10036
0
-0.431
0
0
0
0
0
-1.0018
-0.52178
0
-0.32819
0
-0.93833
-0.10079
0
29.0011
0
0
0
-0.14396
-0.10022
0
0
-0.26935
0
0
0
0
-0.65874
0
0
0
0
0
0
0
-1.6838
0
0
0
0
-0.13793
-0.42945
-0.10081
0
0
0
0
0
-0.1041
0
-0.10081
0
0
0
-9.5816
-0.62131
0
0
-0.10041
-0.38029
0
0
0
-1.1706
-0.22864
-0.79951
-0.43243
-0.20988
-0.10737
-0.28647
0
-0.44881
-0.10032
0
0
0
0
0
0
0
0
0
0
0
0
0
0
0
0
0
0
0
0
0
0
0
0
0
0
0
0
0
0
0
0
0
0
0
0
0
0
0
0
0
10.0695
-5.2952
0
0
0
0
0
0
0
0
0
0
0
0
0
0
0
0
0
0
0
0
0
0
0
0
0
0
0
0
0
0
0
0
0
0
0
0
0
0
0
0
0
0
0
0
0
0
0
0
0
0
0
0
0
0
-4.7743
0
0
0
0
0
0
0
0
0
0
0
0
0
0
0
0
0
0
0
0
0
0
0
0
0
0
0
0
0
0
0
0
0
0
0
0
0
0
0
0
0
0
-5.2952
12.2769
0
0
0
0
0
0
0
0
0
0
0
0
0
0
0
0
0
0
0
0
0
0
-6.9817
0
0
0
0
0
0
0
0
0
0
0
0
0
0
0
0
0
0
0
0
0
0
0
0
0
0
0
0
0
0
0
0
0
0
0
0
0
0
0
0
0
0
0
0
0
0
0
-5.0574
0
0
0
0
0
0
0
0
0
0
0
0
0
-7.3771
0
0
0
0
0
0
0
0
0
-3.1253
0
0
0
0
21.4306
0
0
0
0
0
0
0
0
0
0
0
-5.8708
0
0
0
0
0
0
0
0
0
0
0
0
0
0
0
0
0
0
0
0
0
0
0
0
0
0
0
0
0
0
0
0
0
0
0
0
0
0
0
0
0
0
0
0
0
0
0
0
0
-0.3619
-0.39514
0
0
0
0
-0.20306
0
0
-0.19791
-0.38381
-0.34621
0
-0.38445
-0.1015
0
0
-0.63753
-0.20615
0
-0.38323
0
0
0
0
0
-0.14916
-0.479
0
-0.24113
0
0
-0.38809
0
-0.14396
0
0
0
18.7088
-0.10043
0
0
-0.10057
0
-4.8653
0
0
-0.14791
0
0
0
0
0
0
0
0
0
0
0
0
-0.17104
-0.3837
-0.2784
0
0
0
0
0
-0.26483
0
-0.27822
0
0
0
0
0
-3.966
0
-0.10207
-0.39152
0
0
0
-0.58152
-0.20221
-0.44958
-0.39305
-0.10213
-0.23828
-0.27555
0
-0.21816
-0.19605
0
-0.52771
0
0
-9.0419
0
-0.1004
-0.34184
0
0
-1.7247
0
-0.10018
0
0
-0.10363
-0.34272
-0.29116
0
-0.33687
-0.10033
-0.74613
0
-0.52232
-0.10032
0
-0.34338
0
0
0
-6.0224
0
-0.10034
-0.53094
0
-0.13004
0
-0.36472
-0.10014
0
-0.10022
0
0
0
-0.10043
39.2126
0
0
-0.10053
0
0
0
0
-0.1007
0
0
0
0
0
0
0
-0.91725
0
0
0
0
-0.10074
-0.34271
-0.10061
0
0
0
-9.0419
0
-0.10164
0
-0.10061
0
0
0
0
-0.60527
0
0
-0.10048
-0.32571
0
0
0
-0.6873
-0.11596
-0.27021
-0.34666
-0.10018
-0.73504
-0.21832
-2.3318
-0.19594
-0.10018
0
0
0
0
0
0
0
0
0
0
0
0
0
0
0
0
0
0
0
0
0
0
0
0
0
0
0
0
0
0
0
0
0
0
0
0
0
0
0
0
0
0
0
0
0
0
6.6604
0
0
0
0
0
0
0
0
0
0
0
0
0
0
-6.6604
0
0
0
0
0
0
0
0
0
0
0
0
0
0
0
0
0
0
0
0
0
0
0
0
0
0
0
0
0
0
0
0
0
0
0
0
0
0
0
0
0
0
0
0
0
0
0
0
0
0
0
0
0
0
0
0
0
0
0
-7.27
0
0
0
0
0
0
0
0
0
0
0
0
0
0
0
0
0
0
0
0
0
0
0
0
7.27
0
0
0
0
0
0
0
0
0
0
0
0
0
0
0
0
0
0
0
0
0
0
0
0
0
0
0
0
0
0
0
0
0
0
0
0
0
0
0
0
0
0
0
0
0
0
0
0
0
0
0
0
0
0
0
0
0
-0.34257
-0.39463
0
0
0
0
-0.10668
0
0
-0.41676
-0.39839
-0.36266
0
-0.39111
-0.10134
0
0
-0.63153
-0.12509
0
-0.39949
0
0
0
0
0
-0.1999
-0.53102
0
-0.24791
0
0
-0.19275
0
-0.26935
0
0
0
-0.10057
-0.10053
0
0
17.5983
0
0
0
0
-0.19824
0
0
0
0
0
-4.5627
0
0
0
-2.7562
0
0
-0.37662
-0.39857
-0.1198
0
0
0
0
0
-0.21935
0
-0.12057
0
0
0
0
0
0
0
-0.12361
-0.5876
0
0
0
-0.66908
-0.202
-0.48402
-0.39958
-0.21518
-0.22166
-0.33837
0
-0.18688
-0.10596
0
0
0
0
0
0
0
0
0
0
0
0
0
0
0
0
0
0
0
0
0
0
0
0
0
0
0
0
0
0
0
0
0
0
0
0
0
0
0
0
0
0
0
0
0
0
0
0
0
0.60018
0
0
0
0
0
0
0
0
0
0
0
0
0
0
0
0
0
0
0
0
0
0
0
-0.60018
0
0
0
0
0
0
0
0
0
0
0
0
0
0
0
0
0
0
0
0
0
0
0
0
0
0
0
0
0
0
0
0
0
0
-5.3717
0
0
0
0
0
0
0
0
0
0
0
0
0
0
0
0
0
0
0
0
0
0
0
0
0
0
0
0
0
0
0
0
0
0
-4.8653
0
0
0
0
0
10.237
0
0
0
0
0
0
0
0
0
0
0
0
0
0
0
0
0
0
0
0
0
0
0
0
0
0
0
0
0
0
0
0
0
0
0
0
0
0
0
0
0
0
0
0
0
0
0
0
0
0
0
0
0
0
0
0
0
-4.3868
0
0
0
0
0
0
0
-1.5963
0
0
0
0
0
0
0
0
0
0
0
0
0
0
0
0
0
0
0
0
0
0
0
0
0
0
0
0
0
0
0
0
0
21.3114
-5.1495
0
-3.6987
0
0
0
0
0
0
0
0
0
0
0
0
0
0
0
0
-4.7672
0
0
0
0
0
0
0
0
0
0
0
0
0
0
0
0
0
0
-1.713
0
0
0
0
0
0
0
0
0
0
0
0
0
0
0
0
0
0
0
0
0
0
0
0
0
0
0
0
0
0
0
0
0
0
0
0
0
0
0
0
0
0
0
0
0
0
0
0
0
0
0
0
0
0
0
0
0
0
0
-5.1495
10.1577
0
0
0
0
0
0
0
0
0
0
0
0
0
0
0
0
0
0
0
0
0
0
0
0
0
0
0
0
0
0
0
0
0
0
0
0
0
0
0
0
0
0
0
-5.0083
0
0
0
0
0
0
0
0
-0.54198
-0.55024
0
0
0
0
-0.1016
0
0
-0.12126
-0.55562
-0.56109
0
-0.54523
-0.10187
-0.97255
0
-1.3058
-0.10258
0
-0.55898
-9.1352
0
0
0
0
-1.0307
-0.70715
0
-0.44874
0
-1.1058
-0.10442
0
-0.65874
0
0
0
-0.14791
-0.1007
0
0
-0.19824
0
0
0
0
27.2836
0
0
0
0
0
0
0
0
0
0
0
0
-0.56418
-0.55561
-0.11144
0
0
0
0
0
-0.12181
0
-0.11111
0
0
0
0
-0.84637
0
0
-0.1182
-0.49877
0
0
0
-1.416
-0.26455
-0.56008
-0.55996
-0.71749
-0.10484
-0.31747
0
-0.65779
-0.10157
0
0
0
0
0
0
0
0
0
0
0
0
0
0
0
0
0
0
0
0
0
0
0
0
0
0
0
0
0
0
0
0
0
0
0
0
0
0
0
0
0
0
0
0
0
0
0
0
0
0
0
-3.6987
0
0
12.5257
0
0
0
0
0
0
0
0
-4.2191
0
0
0
0
0
0
0
0
0
0
0
0
0
0
0
0
0
0
-4.6079
0
0
0
0
0
0
0
0
0
0
0
0
0
0
0
0
0
0
0
0
0
0
0
0
0
-5.601
0
0
0
-8.1449
0
0
0
0
0
0
0
0
0
0
0
0
0
0
0
0
0
0
0
0
0
0
0
0
0
0
0
0
0
-5.8708
0
0
0
0
0
0
0
0
0
0
0
27.9261
0
-5.2987
0
0
0
0
0
0
0
0
0
0
0
0
0
0
0
0
0
0
0
0
0
0
0
-1.6371
0
0
0
-1.3736
0
0
0
0
0
0
0
0
0
0
0
0
0
0
0
0
0
0
0
0
0
0
0
0
0
0
0
0
0
0
0
0
0
0
0
0
0
0
0
0
0
0
0
0
0
0
0
0
0
0
0
0
0
0
0
0
0
0
0
0
0
0
0
0
0
0
0
0
0
7.4744
0
0
0
0
0
0
0
0
0
0
0
0
0
0
0
0
0
0
0
0
0
0
0
0
0
-7.4744
0
0
0
0
0
0
0
0
0
0
0
0
0
0
0
0
0
0
0
0
0
0
-4.5933
0
0
0
0
0
0
0
0
0
0
0
0
0
0
0
0
0
0
0
0
0
0
0
0
0
0
0
0
0
0
0
0
0
0
0
0
0
0
0
0
0
0
0
0
0
0
0
0
-5.2987
0
9.892
0
0
0
0
0
0
0
0
0
0
0
0
0
0
0
0
0
0
0
0
0
0
0
0
0
0
0
0
0
0
0
0
0
0
0
0
0
0
0
0
0
0
0
0
0
0
0
0
0
0
0
0
0
0
0
0
0
0
0
0
0
-3.0904
0
0
0
0
0
0
0
0
0
0
0
0
0
0
0
-6.2894
0
0
0
0
0
0
0
0
0
0
0
0
0
0
0
0
0
0
0
0
0
9.869
0
0
0
0
0
0
0
0
0
0
0
0
0
0
0
0
0
0
0
0
0
0
0
0
0
0
0
0
0
0
0
0
0
0
0
0
0
0
-0.48923
0
0
0
0
0
0
0
0
0
0
0
0
0
0
0
0
0
0
0
0
0
0
0
0
0
0
0
0
0
0
0
0
0
0
0
0
0
0
0
0
0
0
0
0
0
0
0
0
0
-4.5627
0
0
0
0
0
0
0
0
0
0
9.8259
0
0
0
0
0
0
0
0
0
0
0
0
0
0
0
0
0
0
0
0
0
0
-5.2631
0
0
0
0
0
0
0
0
0
0
0
0
0
0
0
0
0
0
0
0
0
0
0
0
0
0
0
0
0
0
0
0
0
0
0
0
0
0
0
0
0
0
0
0
0
0
0
0
0
0
0
0
0
0
0
0
0
0
0
0
0
0
0
0
0
0
0
0
0
0
0
0
0
0
0
0
7.4286
0
0
0
0
-7.4286
0
0
0
0
0
0
0
0
0
0
0
0
0
0
0
0
0
0
0
0
0
0
0
0
0
0
0
0
0
0
0
0
0
0
0
0
0
0
0
0
0
0
0
0
0
-0.96353
0
0
0
0
0
0
0
-0.99048
0
0
0
-1.0098
0
0
0
0
0
0
0
0
0
0
0
0
0
0
0
-1.6838
0
0
0
0
-0.91725
-6.6604
0
0
0
0
0
0
0
0
0
0
0
0
0
0
18.4676
0
0
0
0
0
0
-1.1421
0
0
0
0
0
0
0
-1.1418
0
0
0
0
0
0
0
-1.4041
0
0
0
0
0
0
0
0
-1.5949
0
0
0
0
-0.9595
0
0
0
0
0
0
0
0
0
0
0
0
0
0
0
0
0
0
0
0
0
0
0
0
0
0
0
0
0
0
0
0
0
0
0
0
0
0
0
0
0
0
0
0
0
0
0
0
0
0
0
0
0
0
0
0
0
0
0
0
0
0
9.8359
0
0
0
0
0
0
0
0
0
0
0
0
0
0
0
0
0
0
0
0
0
0
0
0
0
0
0
0
0
0
-9.8359
0
0
0
0
0
0
0
0
-4.6794
0
0
0
0
0
0
0
0
0
0
0
0
0
0
0
0
0
0
0
0
0
0
0
0
0
0
0
0
0
0
0
0
0
-3.053
0
0
0
0
0
0
0
0
0
0
-2.7562
0
0
0
0
0
-4.2191
0
0
0
0
0
0
0
0
14.7077
0
0
0
0
0
0
0
0
0
0
0
0
0
0
0
0
0
0
0
0
0
0
0
0
0
0
0
0
0
0
0
0
0
0
0
0
0
0
0
0
0
0
0
0
0
0
-5.4577
0
0
0
0
0
0
0
0
0
0
0
0
0
0
0
0
0
0
0
0
0
0
0
0
0
0
-5.1643
0
0
0
0
0
0
0
0
0
0
0
0
0
0
0
0
0
0
0
0
0
0
0
0
0
10.622
0
0
0
0
0
0
0
0
0
0
0
0
0
0
0
0
0
0
0
0
0
0
0
0
0
0
0
0
0
0
0
0
0
0
0
-1.3773
0
0
0
0
0
0
0
0
0
0
0
0
0
0
0
0
0
0
0
0
0
0
0
0
0
0
0
0
0
0
0
0
0
0
0
0
0
0
0
0
-6.9817
0
0
0
0
0
0
0
0
0
0
0
0
0
0
0
0
0
-7.4286
0
0
0
0
19.1821
0
0
0
0
0
0
0
0
0
0
0
0
0
0
0
0
0
0
0
0
0
0
0
0
0
0
0
0
0
0
-3.3945
0
0
0
-0.99507
0
0
0
0
-0.10005
-0.30107
0
0
0
0
-0.14827
0
0
-0.37368
-0.29844
-0.10166
0
-0.30099
-0.1022
0
0
0
-0.12742
0
-0.2965
0
0
0
0
0
-0.50559
0
0
-0.17582
0
0
-0.58324
0
-0.13793
0
0
0
-0.17104
-0.10074
0
0
-0.37662
0
0
0
0
-0.56418
0
0
0
0
0
0
0
0
0
0
0
0
23.3269
-0.29853
-0.22319
0
0
-5.0764
0
-4.5421
-0.2609
0
-0.22289
-4.5686
0
0
0
0
0
0
-0.10009
-0.10089
0
0
0
0
-0.10096
-0.50474
-0.29617
-0.51196
-0.1804
-0.28255
0
-0.15485
-0.14113
0
0
0
0
0
0
-0.39099
-0.54096
0
0
0
0
-0.3793
0
0
-0.25696
-0.25607
0
0
-0.45733
-0.34466
0
0
0
-0.25129
0
0
0
0
0
0
0
-0.38976
0
0
-0.55525
0
0
-0.38347
0
-0.42945
0
0
0
-0.3837
-0.34271
0
0
-0.39857
0
0
0
0
-0.55561
0
0
0
0
0
0
0
0
0
0
0
0
-0.29853
11.8722
-0.33922
0
0
0
0
0
-0.54735
0
-0.34101
0
0
0
0
0
0
0
-0.23863
-0.484
0
0
0
0
-0.66103
-0.5642
0
-0.37071
-0.52876
-0.3817
0
-0.425
-0.37595
0
-0.80863
0
0
0
0
-0.33829
-0.31166
0
0
0
0
-0.1012
0
0
-0.10165
-0.33845
-0.72854
0
-0.23189
-0.10158
-0.7987
0
-0.67249
-0.10209
0
-0.32065
0
0
0
0
0
-0.39169
-0.54858
0
-0.26574
0
-0.69187
-0.23968
0
-0.10081
0
0
0
-0.2784
-0.10061
0
0
-0.1198
0
0
0
0
-0.11144
0
0
0
0
0
0
0
-1.1421
0
0
0
0
-0.22319
-0.33922
13.9678
0
0
0
0
0
-0.10159
0
-0.1011
0
0
0
0
-0.94933
0
0
-0.10038
-0.45623
0
0
0
-0.7142
-0.13349
-0.55148
-0.36151
-0.10072
-0.37182
-0.10217
0
-0.31362
-0.10117
0
0
0
0
0
0
0
0
0
0
0
0
0
0
0
0
0
0
0
0
0
0
0
0
0
0
0
0
0
0
0
0
0
0
0
0
0
0
0
0
0
0
0
0
0
0
0
0
0
0
0
0
0
0
0
0
0
0
0
0
0
0
0
0
0
0
0
0
0
6.8172
0
0
0
0
0
0
0
0
-6.8172
0
0
0
0
0
0
0
0
0
0
0
0
0
0
0
0
0
0
0
0
0
0
0
0
0
0
0
0
0
0
0
0
0
0
0
0
0
0
0
0
0
0
0
0
0
0
0
0
0
0
0
0
0
0
0
0
0
0
0
0
0
0
0
0
0
0
0
0
0
0
0
0
0
0
0
0
0
0
0
0
0
0
0
0
0
0
0
0
0
0
9.9072
0
0
0
0
0
0
0
0
0
0
0
0
0
-9.9072
0
0
0
0
0
0
0
0
0
0
0
0
0
0
0
0
0
0
0
0
0
0
0
0
0
0
0
0
0
0
0
0
0
0
0
0
0
0
0
0
0
0
0
0
0
0
0
0
0
0
0
0
0
0
0
0
0
0
0
0
0
0
0
0
0
-4.7672
0
0
0
0
0
0
0
0
0
0
0
0
0
0
-5.0764
0
0
0
0
9.8436
0
0
0
0
0
0
0
0
0
0
0
0
0
0
0
0
0
0
0
0
0
0
0
0
0
0
0
0
0
0
0
0
0
0
0
0
0
0
0
0
0
0
0
0
0
0
0
0
0
0
0
0
0
0
0
0
0
0
0
0
0
0
0
0
0
0
0
0
0
0
0
0
-9.0419
0
0
0
0
0
0
0
0
0
0
0
0
0
0
0
0
0
0
0
0
0
0
0
0
0
0
9.0419
0
0
0
0
0
0
0
0
0
0
0
0
0
0
0
0
0
0
0
0
0
0
0
0
0
0
0
0
0
0
0
0
-4.8243
0
0
0
0
0
0
0
0
0
0
0
0
0
0
0
0
0
0
0
0
0
0
0
0
0
0
0
0
0
0
0
0
0
0
0
0
0
0
0
0
0
0
-0.60018
0
0
0
0
0
0
0
0
0
0
0
0
0
0
0
0
-4.5421
0
0
0
0
0
0
9.9666
0
0
0
0
0
0
0
0
0
0
0
0
0
0
0
0
0
0
0
0
0
0
0
0
0
0
-0.8599
0
0
0
0
-0.37533
-0.14615
0
0
0
0
-0.10503
0
0
-0.10409
-0.54284
-0.9232
0
-0.12756
-0.10168
-1.1796
0
-0.70267
-0.10743
0
-0.60727
0
0
0
0
0
-0.42816
-0.52123
0
-0.30728
0
-0.66585
-0.27733
0
-0.1041
0
0
0
-0.26483
-0.10164
0
0
-0.21935
0
0
0
0
-0.12181
0
0
0
0
0
0
0
0
0
0
0
0
-0.2609
-0.54735
-0.10159
0
0
0
0
0
14.7349
0
-0.10165
0
0
0
0
-1.2325
0
0
-0.10058
-0.53162
0
0
0
-0.75607
-0.11316
-0.6129
-0.47319
-0.10219
-0.38043
-0.10291
0
-0.31912
-0.10447
0
0
0
0
0
0
-5.5597
0
0
0
0
-5.9863
0
0
0
0
0
0
0
0
0
0
0
0
0
0
0
0
0
0
0
0
0
0
0
0
0
0
0
0
0
0
0
0
0
0
0
0
0
0
0
0
0
0
0
0
0
0
0
0
0
0
0
0
0
0
0
0
0
0
0
0
0
0
0
11.546
0
0
0
0
0
0
0
0
0
0
0
0
0
0
0
0
0
0
0
0
0
0
0
0
-0.80983
0
0
0
0
-0.33873
-0.31299
0
0
0
0
-0.10123
0
0
-0.10167
-0.34044
-0.74812
0
-0.23397
-0.10162
-0.79932
0
-0.67199
-0.10219
0
-0.3191
0
0
0
0
0
-0.39212
-0.55514
0
-0.26426
0
-0.69095
-0.239
0
-0.10081
0
0
0
-0.27822
-0.10061
0
0
-0.12057
0
0
0
0
-0.11111
0
0
0
0
0
0
0
-1.1418
0
0
0
0
-0.22289
-0.34101
-0.1011
0
0
0
0
0
-0.10165
0
14.0031
0
0
0
0
-0.95423
0
0
-0.10038
-0.45661
0
0
0
-0.71488
-0.12663
-0.55194
-0.36543
-0.10072
-0.37185
-0.10213
0
-0.31461
-0.1012
0
0
0
0
0
0
0
0
0
0
0
0
0
0
0
0
0
0
0
0
0
0
0
0
0
0
0
0
0
0
0
0
0
0
0
0
0
0
0
0
0
0
0
0
0
0
0
0
0
0
0
0
0
0
0
0
0
0
0
0
0
0
0
0
0
0
-4.5686
0
0
0
0
0
0
0
0
0
0
17.5213
0
-7.449
0
0
0
0
-5.5037
0
0
0
0
0
0
0
0
0
0
0
0
0
0
0
0
0
0
0
0
0
0
0
0
0
0
0
0
0
0
0
0
0
0
0
0
0
0
0
0
0
0
0
0
0
0
0
0
0
-2.553
0
0
0
0
0
0
0
0
0
0
0
0
0
0
0
0
0
0
0
0
0
0
0
0
0
0
0
0
0
0
0
0
0
-6.8172
0
0
0
0
0
0
0
0
9.4703
0
0
0
0
0
0
0
0
0
0
0
0
0
0
0
0
0
0
0
-0.10017
0
0
0
0
0
0
0
0
0
0
0
0
0
0
0
0
0
0
0
0
0
0
0
0
0
0
0
0
0
0
0
0
0
0
0
0
0
0
0
0
0
0
0
0
0
0
0
0
0
0
0
0
0
0
0
0
0
0
0
0
0
0
0
0
0
0
0
0
0
0
0
0
0
0
0
0
0
-7.449
0
7.449
0
0
0
0
0
0
0
0
0
0
0
0
0
0
0
0
0
0
0
0
0
0
0
0
0
0
0
0
0
0
0
0
0
0
0
0
0
0
0
0
0
0
0
0
0
0
0
0
0
0
0
0
0
0
0
0
0
0
0
-9.5816
0
0
0
0
0
0
0
0
0
0
0
0
0
0
0
0
0
0
0
0
0
0
0
0
0
0
0
0
0
0
0
0
0
0
0
0
0
0
0
9.5816
0
0
0
0
0
0
0
0
0
0
0
0
0
0
0
0
0
0
0
0
0
0
0
0
0
0
0
0
0
0
-0.59066
0
0
-1.4557
0
0
0
0
-0.40341
0
0
0
-0.92479
0
0
0
0
0
0
0
0
0
0
0
0
0
0
0
-0.62131
0
0
0
0
-0.60527
0
0
0
0
0
0
0
-0.84637
0
-1.6371
0
0
0
0
0
0
0
0
0
0
0
0
-0.94933
0
0
0
0
0
-1.2325
0
-0.95423
0
0
0
0
11.6932
0
0
-0.39434
0
0
0
0
0
0
0
0
-0.5193
0
0
0
0
-0.55892
0
0
0
0
0
0
0
0
0
0
0
0
0
0
0
0
0
0
0
0
0
0
0
0
0
0
0
0
0
0
0
0
0
0
0
0
0
0
0
0
0
0
0
0
-3.966
0
0
0
0
0
0
0
0
0
-4.6079
0
-7.4744
0
0
-5.2631
0
0
0
0
0
0
0
0
0
0
0
0
0
0
0
0
0
0
0
0
0
0
21.3114
0
0
0
0
0
0
0
0
0
0
0
0
0
0
0
0
0
0
0
0
0
0
0
0
0
0
-7.5833
0
0
0
0
0
0
0
0
0
0
0
0
0
0
0
0
0
0
0
0
0
0
0
0
0
0
0
0
0
0
0
0
0
0
0
0
0
0
0
0
0
0
0
0
0
0
0
0
0
0
0
0
0
0
0
0
0
0
0
0
0
0
0
0
0
0
0
0
0
0
0
0
7.5833
0
0
0
0
0
0
0
0
0
0
0
0
0
0
0
0
-0.6152
0
0
0
0
-0.15171
-0.23642
0
0
-2.12
0
-0.10022
0
0
-0.10066
-0.23869
-0.2283
0
-0.2321
-0.10027
-0.54488
0
-0.77287
-0.10024
0
-0.23891
0
0
0
0
0
-0.82474
-0.38916
-5.2508
-0.10749
0
-0.99302
-0.1023
0
-0.10041
0
0
0
-0.10207
-0.10048
0
0
-0.12361
0
0
0
0
-0.1182
0
0
0
0
0
0
0
-1.4041
0
0
0
0
-0.10009
-0.23863
-0.10038
0
-9.9072
0
0
0
-0.10058
0
-0.10038
-5.5037
0
0
0
-0.39434
0
0
34.4876
-0.1001
0
0
0
-0.6031
-0.10255
-0.60279
-0.24103
-0.1003
-0.57649
-0.11204
0
-0.10679
-0.10022
0
0
0
0
0
0
-0.10707
-0.48174
-8.5295
0
0
0
-0.23414
0
0
-0.57194
-0.48402
-0.4438
0
-0.47767
-0.22964
0
0
0
-0.35712
0
-0.4875
0
0
0
0
0
-1.1654
0
-5.2177
-0.31921
0
0
-0.34692
-8.5295
-0.38029
0
0
0
-0.39152
-0.32571
0
0
-0.5876
0
0
0
0
-0.49877
0
-1.3736
0
0
0
0
0
0
0
0
0
0
-0.10089
-0.484
-0.45623
0
0
0
0
0
-0.53162
0
-0.45661
0
0
0
0
0
0
0
-0.1001
36.3869
0
0
0
0
-0.45603
-0.2738
-0.48884
-0.41159
-0.17455
-0.52546
0
-0.15842
-0.22824
0
0
0
0
0
0
0
0
0
0
0
0
0
0
0
0
0
0
0
0
0
0
0
0
0
0
0
0
0
0
0
0
-9.9929
0
0
0
0
0
0
0
0
0
0
0
0
0
0
0
0
0
0
0
0
0
0
0
0
0
0
0
0
0
0
0
0
0
0
0
0
0
0
0
0
0
0
0
0
0
0
0
0
0
0
0
0
0
9.9929
0
0
0
0
0
0
0
0
0
0
0
0
0
0
0
0
0
0
0
0
0
0
0
0
0
0
0
0
0
0
0
0
0
0
-5.1005
0
0
0
0
0
0
0
0
0
0
0
0
0
0
-4.7805
0
0
0
0
0
0
0
0
0
0
0
0
0
0
0
0
0
0
0
0
0
0
0
0
0
0
0
0
0
0
0
0
0
0
0
0
0
0
0
0
0
0
0
0
0
0
0
0
0
9.881
0
0
0
0
0
0
0
0
0
0
0
0
0
0
0
0
0
0
0
0
0
0
0
0
0
0
0
0
0
0
0
0
0
0
0
0
0
0
0
0
0
0
0
0
0
0
0
0
0
0
0
0
0
0
0
0
0
0
0
0
0
0
0
0
0
0
0
0
0
0
0
0
0
0
0
0
0
0
0
0
0
0
0
0
0
0
0
0
0
0
0
0
0
0
0
0
0
0
0
9.0924
0
0
-9.0924
0
0
0
0
0
0
0
0
0
0
0
0
0
0
0
0
0
0
0
-0.67126
0
0
-0.76589
0
0
0
0
-0.6195
0
0
0
-0.70963
-7.8433
0
0
0
0
0
0
0
0
0
0
0
0
0
0
-1.1706
0
0
0
-0.58152
-0.6873
0
0
-0.66908
0
0
0
0
-1.416
0
0
0
0
0
0
0
0
0
0
0
0
0
0
-0.7142
0
0
0
0
0
-0.75607
0
-0.71488
0
0
0
0
0
0
0
-0.6031
0
0
0
0
22.8211
-0.76185
0
0
-1.2419
-1.4896
-0.73765
0
0
-0.66779
0
0
0
0
0
0
-0.39284
-0.59317
0
0
0
0
-0.10064
0
0
-0.12442
-0.66206
-0.11578
0
-0.46557
-0.15245
0
0
-0.6675
-0.53963
0
-0.68432
0
0
0
0
0
-0.40624
-1.8106
0
-0.12833
0
0
-0.23851
0
-0.22864
0
0
0
-0.20221
-0.11596
0
0
-0.202
0
0
-1.713
0
-0.26455
0
0
0
0
0
0
0
0
0
0
0
0
-0.10096
-0.66103
-0.13349
0
0
0
0
0
-0.11316
0
-0.12663
0
0
0
0
0
0
0
-0.10255
-0.45603
0
0
0
-0.76185
14.6057
-0.53317
-0.74817
-0.24551
-0.24767
-0.10099
0
-0.36544
-0.10063
0
0
0
0
0
0
-0.80636
-0.56129
0
0
0
0
-0.38647
0
0
-0.63938
-0.56423
-0.56284
0
-0.55707
-0.47999
0
0
0
-0.48164
0
-0.56779
0
0
0
0
0
-1.2158
0
0
-0.49048
0
0
-0.15474
0
-0.79951
0
0
0
-0.44958
-0.27021
0
0
-0.48402
0
0
0
0
-0.56008
0
0
0
0
0
0
0
0
0
0
0
0
-0.50474
-0.5642
-0.55148
0
0
0
0
0
-0.6129
0
-0.55194
0
0
0
0
0
0
0
-0.60279
-0.2738
0
0
-9.0924
0
-0.53317
26.5986
-0.56929
-0.8076
-0.31779
-0.56644
0
-0.63512
-0.38341
0
0
0
0
0
0
-0.40498
0
0
0
0
0
-0.37628
0
0
-0.40257
0
0
0
-0.82989
-0.16776
0
0
0
-0.35613
0
0
0
0
0
0
0
-0.39263
0
0
0
0
0
-0.40522
0
-0.43243
0
0
0
-0.39305
-0.34666
0
0
-0.39958
0
0
0
0
-0.55996
0
0
0
0
0
0
0
0
0
0
0
0
-0.29617
0
-0.36151
0
0
0
0
0
-0.47319
0
-0.36543
0
0
0
0
0
0
0
-0.24103
-0.48884
0
0
0
0
-0.74817
-0.56929
11.1096
-0.37478
-0.53284
-0.38182
0
-0.43684
-0.37255
0
-0.83886
0
0
0
0
-0.36449
-0.36771
0
0
-2.2406
0
-0.10019
0
0
-0.10921
-0.37071
-0.42499
0
-0.36249
-0.10048
-0.61428
0
-0.87433
-0.10037
0
-0.37161
0
0
0
0
0
-0.79535
-0.45096
0
-0.27074
0
-0.80616
-0.10075
0
-0.20988
0
0
0
-0.10213
-0.10018
0
0
-0.21518
0
0
0
0
-0.71749
0
0
0
0
0
0
0
-1.5949
-9.8359
0
0
0
-0.51196
-0.37071
-0.10072
0
0
0
0
0
-0.10219
0
-0.10072
0
0
0
0
-0.5193
0
0
-0.1003
-0.41159
0
0
0
-1.2419
-0.24551
-0.8076
-0.37478
30.0175
-0.10413
-0.25784
-1.7785
-0.44956
-0.10019
0
0
0
0
0
0
-0.33037
-0.52833
0
0
0
0
-0.24776
0
0
-0.43436
-0.52882
-0.48468
0
-0.52553
-0.3016
0
0
-0.52706
-0.35242
0
-0.53153
0
0
-8.8029
0
-8.8029
-1.2244
-0.71333
0
-0.43885
0
0
-0.23233
0
-0.10737
0
0
0
-0.23828
-0.73504
0
0
-0.22166
0
0
0
0
-0.10484
0
0
0
0
0
0
0
0
0
0
0
0
-0.1804
-0.52876
-0.37182
0
0
0
0
0
-0.38043
0
-0.37185
0
0
0
0
0
0
0
-0.57649
-0.17455
0
0
0
-1.4896
-0.24767
-0.31779
-0.53284
-0.10413
32.6441
-0.33789
0
-0.3692
-0.24639
0
0
0
0
0
0
-0.45083
-0.13428
0
0
0
0
-0.19846
0
0
-0.64379
-0.3804
-1.4303
0
-0.12131
-0.10586
0
0
-0.73856
-0.10634
0
-0.47039
0
0
0
0
0
-0.3996
-1.3122
0
-0.23011
0
0
-0.36453
0
-0.28647
0
0
0
-0.27555
-0.21832
0
0
-0.33837
0
0
0
0
-0.31747
0
0
0
0
0
0
0
0
0
0
0
0
-0.28255
-0.3817
-0.10217
0
0
0
0
0
-0.10291
0
-0.10213
0
0
0
0
0
0
0
-0.11204
-0.52546
0
0
0
-0.73765
-0.10099
-0.56644
-0.38182
-0.25784
-0.33789
13.1891
0
-0.38227
-0.2921
0
0
0
0
0
0
0
0
0
0
0
0
-1.7574
0
0
0
0
0
0
0
0
0
0
0
0
0
0
0
0
0
0
0
0
0
0
0
0
0
0
0
0
0
0
0
0
-2.3318
0
0
0
0
0
0
-5.0083
0
0
0
0
0
0
0
0
0
0
0
0
-3.3945
0
0
0
0
0
0
0
0
0
0
0
0
0
0
0
0
0
0
0
0
0
0
0
0
0
0
0
-1.7785
0
0
16.0169
0
-1.7464
0
0
0
0
0
0
-0.17281
-0.43353
0
0
0
0
-0.32468
0
0
-0.30701
-0.42493
-0.4629
0
-0.41972
-0.40706
0
0
0
-0.2989
0
-0.42671
0
0
0
0
0
-0.47323
-0.56632
0
-0.32362
0
0
-0.10088
0
-0.44881
-4.7743
0
0
-0.21816
-0.19594
0
0
-0.18688
0
0
0
0
-0.65779
0
0
0
0
-0.48923
0
0
0
0
0
0
0
-0.15485
-0.425
-0.31362
0
0
0
0
0
-0.31912
0
-0.31461
0
0
0
0
0
0
0
-0.10679
-0.15842
0
0
0
0
-0.36544
-0.63512
-0.43684
-0.44956
-0.3692
-0.38227
0
16.8609
-0.31665
0
-0.74811
0
0
0
0
-0.26145
-0.37684
0
0
-1.534
0
-0.98033
0
0
-0.1308
-0.37754
-0.10125
0
-0.33098
-0.10072
-0.67883
0
-0.57547
-0.10078
0
-0.35767
0
0
0
0
0
-0.28664
-0.54031
0
-0.14153
0
-0.62797
-0.10149
0
-0.10032
0
0
0
-0.19605
-0.10018
0
0
-0.10596
0
0
0
0
-0.10157
0
0
0
0
0
0
0
-0.9595
0
0
0
0
-0.14113
-0.37595
-0.10117
0
0
0
0
0
-0.10447
0
-0.1012
0
-0.10017
0
0
-0.55892
0
0
-0.10022
-0.22824
0
0
0
-0.66779
-0.10063
-0.38341
-0.37255
-0.10019
-0.24639
-0.2921
-1.7464
-0.31665
15.9539
