11.9678
41.2873
33.602
35.3967
79.2827
33.0692
41.901
58.8101
33.4754
33.9561
53.0687
14.1723
30.5605
33.0877
21.8669
21.5574
31.4223
15.2855
59.1214
37.6943
32.0634
36.9711
29.8173
43.4698
45.3653
21.7103
40.8848
41.7105
28.2771
46.2782
39.2728
33.9108
30.8524
26.8403
64.0675
24.3102
34.7765
48.0519
43.5724
20.069
18.6414
26.3216
17.6209
20.9163
20.3784
24.7206
11.8541
12.1596
29.5908
26.7669
46.8497
61.8876
33.0695
29.2501
40.5695
68.3599
26.4993
41.2124
33.1176
23.7004
18.4803
20.4287
26.1079
33.8981
49.3659
21.852
17.5202
14.6263
23.2751
28.9613
30.5351
56.1167
20.6453
36.9057
42.7667
12.6165
17.6221
35.4267
15.2114
24.9565
20.6868
16.4795
46.3345
30.6841
32.1153
37.847
27.0904
17.659
13.1389
41.0622
13.847
46.3605
27.4613
15.3106
38.1338
40.8793
57.868
18.902
22.4416
40.1935
26.3287
17.4687
32.6368
37.4613
36.9847
34.4269
17.4137
15.1523
51.1947
66.014
32.1223
24.1355
38.8283
47.3805
41.9481
23.5616
45.4118
30.0532
18.2758
38.2392
21.5404
19.6513
28.0473
22.485
34.2853
39.4477
26.1455
28.0698
34.999
21.7708
36.7525
61.8428
18.9234
52.2209
28.0614
18.7836
22.2204
14.1167
40.8669
24.3664
27.8739
32.3552
41.6788
17.963
28.484
13.216
17.919
38.2056
23.0887
49.7875
21.1814
30.0439
30.032
43.0827
23.0708
39.5558
61.6421
13.4049
28.0795
33.9333
28.2457
53.2533
14.0309
35.7058
59.059
15.3002
26.7682
33.8899
35.7271
17.0251
35.097
33.109
69.5254
27.1932
13.6209
17.3921
43.0125
16.5979
26.6346
27.7108
35.2262
31.5567
34.9825
19.6991
20.6452
23.7263
40.4718
13.2487
17.1152
65.3013
17.5785
31.8445
54.3498
26.6814
25.0413
48.076
26.2656
18.2478
29.8099
27.0273
57.1553
29.7076
34.9821
31.0186
17.568
21.0952
34.2997
40.0591
37.3983
45.3724
65.3728
26.9515
41.454
25.1734
21.4219
17.4183
34.6159
24.9214
32.6287
26.0727
16.3824
36.0726
9.1106
39.6571
45.0715
21.8992
44.2501
13.9704
22.6561
18.783
39.5076
22.0643
33.4768
39.2743
31.4179
23.3819
29.7175
22.0869
25.1926
47.6636
22.2407
22.6561
32.6363
45.6748
36.2969
26.5312
38.0969
45.2978
48.6137
69.346
12.6197
24.3769
23.9554
19.43
38.6422
20.2533
30.2051
25.9471
15.5636
44.3531
33.3993
31.7961
19.107
24.5565
17.3126
19.9538
27.4633
48.7597
18.6811
31.5814
26.3039
13.4547
19.8111
63.8275
21.0337
28.4406
18.518
28.2484
43.7772
38.8467
20.348
34.4642
29.5709
29.5572
35.9975
16.9314
34.3949
16.4779
31.885
19.8261
23.3837
36.836
20.8109
29.4889
18.8438
34.2968
20.671
32.8209
29.3144
20.3721
30.5338
49.7933
19.7829
67.2448
33.5933
42.0641
44.2928
37.6885
41.4255
21.8681
17.5563
25.2866
32.5624
55.9232
16.4401
21.6952
19.1579
38.2565
44.5105
46.9138
16.339
27.1343
25.9104
33.8815
19.1349
25.4781
40.7557
24.6276
41.0872
49.6004
33.9007
22.0554
24.7149
28.1862
29.1012
31.9875
38.5352
49.0594
12.5007
55.0928
18.8714
25.7555
51.7439
32.8281
43.996
17.9293
22.9716
40.6147
22.9569
29.608
17.4757
37.8353
29.587
29.9495
33.9286
19.2102
33.1928
65.402
21.3328
28.58
30.0376
28.2484
16.8208
20.4867
35.5815
24.2518
24.3772
15.1128
24.4438
46.2519
17.6401
27.6068
28.9942
36.3339
27.4597
29.8028
29.9331
25.9295
24.1176
23.1182
12.2605
34.9976
20.7438
44.2628
49.1527
23.1848
21.5824
38.4911
15.8125
16.5817
32.312
30.041
20.8846
17.6682
32.4189
15.0964
28.1111
41.254
19.5261
51.4403
11.2363
33.6675
18.2587
13.8434
11.2257
52.1503
39.2999
28.7176
37.2971
25.6546
29.3294
14.295
26.6345
20.6717
16.9867
53.7347
22.5464
21.759
26.2554
30.2215
34.7002
44.4893
39.0129
20.8423
32.2202
34.8994
16.8468
44.7545
52.6918
35.6819
30.2749
38.4625
32.4081
15.6481
19.121
15.1295
13.9397
57.4443
14.6208
100.0016
21.1961
34.3881
53.8297
15.0946
27.875
29.3111
26.2249
21.7391
60.419
37.7083
51.7826
21.0145
34.0371
37.0695
38.5619
23.978
21.9668
55.2477
20.4422
52.4337
17.3006
39.9852
26.8892
18.7084
30.5337
24.7387
40.9191
49.6036
20.0367
46.8577
23.9633
13.5588
18.4216
17.7856
42.6015
27.0251
42.2823
11.6754
29.5411
13.982
29.804
22.4633
22.0942
57.1032
15.6305
39.4295
14.3613
83.8711
23.3514
18.4479
20.4394
25.2097
41.6068
35.2044
25.5432
41.5887
27.5108
23.6046
27.2819
20.3022
15.4606
23.5103
33.9872
39.4396
45.1814
35.6081
31.6169
18.3741
26.6326
17.3766
19.6393
33.1906
57.7774
31.4584
20.9905
25.678
33.6766
22.0692
41.1578
46.7416
9.5996
15.8045
15.7871
18.251
31.8536
28.7949
22.2514
57.3633
14.4355
25.8065
17.3748
13.4587
23.5083
14.2181
42.4464
19.5505
25.3974
20.7279
46.5155
43.3037
23.5138
11.363
21.9159
49.4891
9.4665
15.4131
50.3372
45.8503
41.9835
29.4485
49.1249
19.1147
75.12
15.8842
19.7741
35.824
30.894
62.9628
56.7089
55.8046
10.6326
22.3865
25.2909
23.1929
30.423
23.4675
21.7036
27.7321
38.3569
25.0297
28.8603
31.3329
29.6393
27.1648
49.8712
20.932
31.7189
49.6798
35.6882
17.9492
17.4472
30.2315
29.2604
64.4783
15.3654
31.9201
11.6607
25.3261
32.2903
23.4203
22.741
39.8237
20.958
42.1489
51.6106
32.3495
31.3914
27.3085
28.7827
40.3155
37.8287
28.9316
22.8881
23.1733
29.9524
15.3401
40.2725
22.9025
20.5096
44.234
47.1389
18.1822
34.1682
22.4483
14.964
16.3394
46.1884
16.5468
45.1928
34.887
70.0083
32.7272
34.3848
29.5828
38.0946
16.8375
58.8956
46.0631
20.7742
39.8402
46.8073
41.7968
26.2119
27.003
22.1797
41.1582
31.7371
23.1244
59.0708
28.7496
18.6081
44.1016
26.3956
57.8461
18.0142
40.875
60.8513
27.3462
23.378
45.9395
44.2015
21.9379
19.4109
46.3828
30.9705
16.7489
21.7572
44.5391
12.8568
22.4852
55.685
48.8765
35.1584
53.1466
41.8306
25.9178
40.0345
28.8565
28.8277
12.2089
70.3378
18.4069
14.8049
43.3929
20.2699
39.4657
43.8261
56.6243
21.0667
24.2876
13.0701
50.383
17.3971
25.1174
28.9203
43.3553
22.3887
13.3117
30.6613
17.2403
43.9388
36.9881
32.0253
13.4523
17.4275
33.8065
16.529
30.8964
18.3572
25.5284
14.1424
29.6146
27.9316
31.5201
19.0327
14.9666
23.9496
42.3663
18.6727
27.3073
19.6559
31.4537
25.7049
39.4525
21.801
26.3531
19.3021
43.1821
29.2582
24.6045
21.7842
30.8709
51.3146
49.4238
18.1809
30.7518
42.2884
14.5077
21.4342
20.7886
13.8701
28.5214
45.7128
24.9543
27.4501
22.0094
31.1961
35.3912
18.542
26.381
58.2121
74.2316
40.2677
23.8574
50.8912
28.3928
14.3945
34.1654
9.4153
33.0115
43.0559
29.9011
16.1795
18.6784
16.3311
29.2737
19.1658
16.7001
39.5158
25.3376
21.1468
36.4485
36.2623
65.3797
28.1823
24.6516
26.9839
26.6806
35.5518
57.9679
53.7662
35.7709
47.5614
36.6074
26.9903
15.513
24.3158
36.4976
23.6238
42.2487
29.3996
31.902
41.5443
40.4043
15.4362
33.0803
35.1765
39.4298
48.1794
58.6353
14.2307
20.715
33.0777
37.7604
20.1483
29.8063
60.2322
22.08
28.3042
29.5108
25.161
59.5744
24.4168
57.595
28.128
28.1341
37.3662
48.4703
20.6983
33.5327
19.2758
24.3184
44.5197
13.3541
72.2639
16.6846
54.4673
28.64
18.2934
32.1195
21.1059
23.7068
21.4866
22.2684
31.8155
26.2431
31.0685
30.3906
21.5796
42.8535
26.1509
38.9631
32.5505
29.7131
20.7601
35.3552
16.5719
22.1439
31.933
11.1409
29.6219
26.6469
41.0735
41.0072
10.7003
63.9431
64.599
35.8728
27.985
34.9485
25.9446
25.5395
55.5577
35.5814
30.6417
33.9614
18.7098
33.78
25.0069
19.2686
58.6682
45.9054
28.5633
42.3071
13.4207
29.1478
41.5201
86.0199
58.058
27.8066
31.0139
18.9351
21.8654
15.0958
36.2213
42.1962
17.59
24.602
21.3133
30.2169
40.4003
21.3078
29.1364
22.2366
31.2805
18.0591
49.6958
28.0374
25.9422
26.071
28.6506
56.6398
52.4001
37.8641
35.6157
26.3108
29.0257
45.0302
40.49
17.0402
35.1539
40.0668
51.2837
33.0237
28.6804
20.6714
12.9265
23.9924
32.0607
23.7645
27.6434
37.1093
24.4246
17.4426
65.1071
37.9262
21.2961
16.1372
50.4983
34.1531
22.2993
24.5328
26.3427
15.1641
41.1822
21.6209
21.0747
26.2564
21.7569
33.7428
38.22
23.1262
33.4744
15.3453
33.0442
13.7821
26.7214
14.1969
40.2163
19.5603
22.2397
19.2988
26.3291
25.7815
35.0753
23.5182
21.7096
14.9881
19.9914
35.2792
24.6234
17.6566
23.9873
27.5394
38.6878
37.2072
20.4001
33.8919
42.1889
43.7015
39.5843
30.5239
23.8198
40.0685
45.5246
50.3614
29.5315
21.0869
25.0112
17.3645
58.1627
22.1674
28.8727
30.6021
47.9525
18.1534
38.7693
39.8614
11.3542
20.3005
24.2441
22.385
15.0576
48.2662
16.2708
23.2797
16.1894
20.1022
40.98
40.7299
30.0974
29.5691
21.5589
70.185
17.1513
39.8732
28.6911
18.1644
36.1535
42.8459
