25.6308
31.273
31.1734
23.6302
22.5631
32.7894
29.4716
36.8829
22.6732
54.7038
40.9877
43.4142
24.9589
17.1984
17.0344
35.7545
12.3125
14.512
13.4685
41.4603
15.61
21.753
28.4057
21.3678
23.6909
23.5967
15.508
14.2991
9.332
26.1858
17.3399
41.1783
40.4481
39.9016
22.6116
20.8842
14.3905
32.5625
80.2703
48.8547
21.883
36.3778
19.9918
27.74
30.8344
79.8151
32.7484
22.8803
52.413
31.4148
21.3556
33.1216
25.7706
17.502
25.7141
25.0889
17.1449
29.4784
42.3361
48.9986
27.1837
24.5852
28.7744
61.6755
41.7489
24.0266
24.0363
13.4016
23.1575
17.8697
20.0239
21.0257
31.7444
18.1197
16.4243
22.1988
43.4692
37.0059
17.752
28.8147
30.257
37.7657
80.7985
32.9065
15.0482
33.8481
41.9612
14.283
29.0133
19.2821
19.7986
21.8121
56.9774
31.4214
14.3993
24.6252
27.0652
18.4845
21.7759
22.7419
21.4827
24.2166
19.7088
11.9771
14.3983
11.3305
42.6478
10.5119
13.8957
21.0856
51.2253
14.808
15.8641
15.2881
32.939
11.833
26.1454
25.3756
22.2085
23.5082
39.4949
21.9736
11.8632
27.9939
44.8398
40.1776
22.7958
19.0033
14.4977
21.1714
12.8447
10.5026
13.8655
17.5439
25.3142
13.4492
22.6604
35.234
30.9797
13.8937
39.9376
18.6122
36.0416
25.8512
15.0527
28.4663
20.2365
19.1614
28.822
23.158
49.899
15.7303
39.1711
25.0486
28.3527
16.684
23.6227
23.2507
20.6338
17.2803
23.755
32.1702
30.4653
22.7107
23.9949
28.4174
17.7837
13.3407
19.3983
38.2336
35.5897
18.9703
13.7192
16.5316
17.2296
20.4156
71.4676
20.7527
24.4176
33.5065
36.3061
68.7083
11.912
27.3625
25.8109
23.6708
36.1078
10.667
44.1703
11.5842
20.0488
26.8706
21.8699
53.5104
21.3853
46.3883
22.1701
14.6025
39.5673
11.3772
22.5124
16.6214
20.2667
13.4637
46.8104
14.5966
35.7872
22.6635
28.3838
16.0265
23.1011
10.6086
17.2504
25.7863
13.2105
17.4224
8.9508
23.7426
11.9964
21.2302
34.3753
28.4985
18.6602
25.5087
37.3663
23.118
59.3862
15.3419
16.6603
20.6243
21.739
21.195
26.4838
20.733
36.6956
28.7564
14.1069
14.4963
21.6204
33.2748
14.4337
17.2928
25.1422
13.1751
23.4269
11.7524
23.1232
23.2553
19.7223
21.3762
19.9026
9.045
43.4406
12.1517
27.6165
27.4777
21.426
34.0072
20.7493
39.1323
12.4852
23.9825
37.8305
28.7695
34.1029
19.5908
60.7014
20.2362
17.1741
27.9258
42.1997
18.5767
34.0472
44.2543
13.7093
32.1998
13.5636
22.0104
31.7805
24.7692
31.1545
15.6138
16.5923
39.3775
17.1548
33.6285
9.5202
23.9078
47.465
28.5122
23.7294
39.2578
11.2149
40.0131
23.7447
14.3914
23.216
31.3036
22.6791
16.756
17.7294
11.2011
20.7888
17.0791
32.1591
39.8844
20.7642
21.101
26.2794
18.1982
32.3769
15.8905
17.3068
37.7834
40.6643
35.0656
49.5684
12.8357
19.5863
24.5637
29.5545
16.0054
34.2704
23.5726
10.2238
24.8207
14.9172
25.3438
24.6933
13.4668
15.1848
27.5402
21.8695
23.7514
33.782
18.7072
20.3646
45.6109
16.0108
21.747
13.9532
11.3329
17.2073
26.7716
20.0759
50.9618
11.5051
14.0039
20.2006
23.5614
21.4232
26.4082
16.6568
22.7419
16.6619
44.3885
24.9201
28.5381
9.6486
13.8467
13.6111
17.6216
24.3201
27.0624
14.3092
20.8991
11.6111
22.6135
14.6143
46.1516
15.5969
25.3035
36.9149
21.9109
32.3886
26.3456
24.2161
36.43
16.8694
34.2508
11.4282
32.3746
22.8655
27.8089
51.316
42.5693
14.4402
19.7621
29.7341
27.5509
28.2345
27.7027
37.5051
62.2446
23.2674
12.6878
17.7119
29.7782
36.8053
28.0977
31.2356
26.2838
30.9831
23.0245
8.7887
17.444
32.4655
39.0547
19.6951
37.2771
23.7065
46.3735
53.3242
65.8112
35.5832
15.37
18.144
25.556
19.2129
40.2658
42.9587
27.3824
45.9018
17.6318
19.787
33.056
24.9983
40.1148
13.315
21.6496
31.6221
16.5367
38.9952
19.1038
12.0039
14.2022
17.4891
14.5958
25.0436
44.3454
62.9343
13.5348
59.7802
21.0965
17.4005
19.841
21.702
27.8348
27.184
58.5307
46.6536
15.5392
39.7919
33.8553
23.8738
15.5365
32.4532
26.3307
21.4743
15.5914
20.3643
22.8465
28.9905
47.099
36.3088
12.1253
45.93
20.4131
23.9138
29.4404
13.223
20.8447
16.1912
32.4382
20.2209
27.7828
22.9538
23.9184
17.4289
24.5638
17.9547
21.6879
71.2919
27.6306
39.7699
19.1451
46.2162
14.1038
20.4781
36.5901
29.4837
29.7565
15.0114
35.5608
26.4708
14.7958
16.4799
30.9312
70.7286
23.5524
15.968
17.5099
14.6425
18.86
18.0823
17.3798
29.1729
37.9612
14.4046
23.2094
53.825
13.1774
13.0729
43.8948
9.9671
51.9033
21.536
13.8218
17.6569
32.951
28.7875
18.3913
17.5983
13.5018
62.8411
12.2346
12.6914
36.7877
16.8713
26.5389
52.8889
11.2442
19.1338
27.8311
26.386
16.9788
34.0059
22.4065
18.3835
81.0146
27.2763
29.6
22.9824
18.6078
26.1528
20.393
16.4353
15.6683
35.8679
13.7179
21.7632
17.0869
57.6261
48.3499
14.1145
39.1493
26.3009
22.729
23.7646
15.7649
9.9518
60.0124
28.3197
16.6144
17.0866
16.3579
16.9637
18.1817
43.274
15.4211
17.4544
25.3936
22.86
28.1647
16.5808
32.4948
35.4417
38.5714
15.4063
50.5812
12.5125
18.4132
32.7096
18.2114
24.2208
21.7088
10.814
15.7449
14.6602
27.299
18.5113
19.2696
20.3987
14.1699
30.302
43.4887
34.2217
49.0032
11.8191
18.845
58.7643
16.4544
22.6411
21.5393
12.1519
64.8857
11.6685
10.7427
18.4809
32.3224
29.1723
40.2309
11.1647
17.2876
10.4474
29.9213
28.5878
24.7834
21.4339
41.6679
22.8247
34.4471
17.1728
12.0232
21.9521
15.2241
30.2371
18.9164
16.8121
45.3211
25.2565
65.9217
45.2556
19.1674
22.2644
27.2036
28.8809
14.8821
13.7859
51.4339
55.9419
21.7386
26.5153
19.1556
13.2827
47.2419
16.6767
16.1912
16.0339
22.0881
13.7555
12.5385
16.8893
20.6671
11.1089
21.7161
19.9837
34.9508
19.0205
21.229
25.336
21.7207
37.7686
14.3872
15.1426
36.6522
15.4757
15.5149
18.9051
15.0888
13.3129
24.5915
16.7113
15.5024
26.4242
14.7893
32.0923
31.0417
18.2197
42.6653
53.7361
14.3747
34.0886
17.9767
13.9639
14.5749
17.5497
21.9423
35.125
10.7659
15.7306
57.3851
27.7548
19.0074
62.7146
14.376
26.0705
25.5994
22.432
16.0987
18.2247
17.8889
21.5402
15.9942
14.11
49.58
17.9278
36.8377
11.9279
34.9939
16.9988
23.1419
13.1076
20.5274
21.8682
36.1421
13.9618
39.8263
16.5754
39.5544
16.7092
16.9994
15.7652
18.4755
14.7817
28.8033
9.6093
20.6734
28.955
20.2871
31.3952
15.183
18.7165
20.7196
10.9639
33.4651
73.5332
23.9869
29.2196
20.4375
20.7625
23.0902
19.3199
32.0089
16.4658
26.6954
22.8253
28.2524
41.6683
25.5508
32.5019
30.8323
37.1302
48.2107
22.3348
30.3902
16.2645
17.6845
16.5997
45.7011
20.3972
18.1533
11.8898
35.2033
49.2627
34.9576
9.8703
25.3157
21.8648
14.7078
9.7231
10.428
24.4784
24.8153
83.6657
15.642
20.3529
13.3282
15.2455
25.2583
11.9741
15.9903
20.1147
31.3628
15.0609
10.3931
37.8028
18.4401
18.1111
35.2236
29.1934
26.0045
16.0588
32.3562
17.8318
12.1563
37.5984
18.2644
10.5777
20.3064
27.4664
43.5528
49.6594
32.6996
24.0613
11.4725
25.4341
19.0585
38.2077
26.9204
26.1239
23.5953
41.4471
43.3688
16.7843
29.6526
16.6248
16.2354
9.8818
20.255
15.2573
14.1283
60.1233
18.877
37.3315
47.5676
30.0536
17.5362
14.8979
18.0614
17.4946
12.009
26.5555
26.526
22.8536
22.3275
48.4029
36.834
34.4473
19.5875
19.0403
33.913
21.0835
21.6578
20.6025
14.4838
22.0091
59.691
10.2143
14.8913
15.6506
20.1975
22.4995
40.5725
37.6413
8.5955
16.1226
22.7009
11.331
31.4516
64.4294
12.0064
23.4975
22.6566
17.8486
13.7006
30.5046
17.416
12.8555
12.966
16.9025
24.5276
13.5369
12.6214
23.9654
16.1718
16.7184
72.4478
43.3877
51.4188
19.5236
21.5548
26.9961
21.6937
28.0604
19.7992
16.9488
19.9138
25.8633
26.7709
25.9503
19.1832
49.7143
20.2075
36.7302
35.7988
16.7595
13.2347
21.1796
39.6192
45.0118
14.2516
27.5611
12.6958
25.6812
28.2938
11.3157
20.9437
40.2881
20.1066
36.3351
20.8025
32.1105
29.118
29.4178
32.2418
17.5847
36.9467
34.4663
16.964
24.1847
13.5225
58.7147
36.6363
21.404
18.6486
14.9113
22.9688
32.2153
33.5099
62.3468
35.5647
19.78
10.7426
18.5319
15.413
19.4715
14.4654
19.3449
15.8139
23.1738
30.6685
33.2931
18.6563
25.8305
12.6181
27.1685
39.8907
29.4705
12.8872
22.2276
23.7394
17.9024
19.7268
13.9203
38.3743
30.7266
13.8212
24.5869
9.5286
26.4168
51.0951
25.0718
20.405
44.4767
12.8871
38.8286
53.9635
10.335
29.5417
13.1456
20.038
28.9053
11.9107
14.5488
23.3252
25.0622
11.117
18.5605
25.8175
14.6037
17.2867
38.2064
29.9975
30.0167
43.516
26.0728
49.8244
18.0216
34.3695
17.6559
56.1861
26.5411
18.0773
39.6138
8.9819
16.8329
25.6349
14.5626
30.5446
