50.723
33.3674
50.5954
41.7653
72.0837
54.9071
63.3592
57.3537
54.9269
66.0838
58.2372
72.4836
61.6294
38.3214
41.6493
66.3828
84.8617
54.9494
70.3426
56.1695
85.9214
38.7132
62.2225
71.1473
62.5057
85.7493
70.2817
54.7553
39.1636
59.742
30.4817
57.2786
41.9153
50.6525
83.6842
84.7455
63.4148
67.1721
55.3476
54.6952
89.1096
84.4647
65.4442
68.2531
41.5346
75.7709
61.2147
43.3615
45.7777
67.478
73.4438
60.411
41.77
69.0366
32.5001
58.6874
61.1976
45.8084
42.9195
35.9526
82.6476
58.7983
64.7079
82.0864
42.9546
48.8668
68.0426
70.5598
61.4012
65.7111
74.6576
67.3247
75.5934
88.3263
48.135
51.6003
71.2021
53.7977
68.922
28.6291
24.3215
50.4105
78.5006
41.1032
48.3361
73.8031
58.207
70.6587
88.9311
40.7943
63.1651
41.9893
45.4748
57.0796
62.5558
80.6276
57.5066
83.8902
36.6652
39.2496
80.4934
81.8943
74.905
54.0259
59.1479
53.4352
21.1642
35.2415
58.469
37.7321
95.0439
76.2118
63.7732
51.6144
54.1834
56.2444
77.7614
66.719
60.2361
52.2881
59.6344
80.6448
66.1004
64.2557
78.6156
52.4288
57.7245
70.283
82.0655
83.1598
78.916
79.9871
66.6334
55.7598
53.8195
43.3982
77.507
81.9459
58.3768
81.6037
46.2788
63.1246
67.7685
69.5352
66.6962
93.5603
62.1579
64.7311
54.6294
80.9056
78.0547
56.9657
66.8023
69.1839
48.3989
65.1748
70.0823
32.4688
35.4722
73.4201
35.9306
94.0999
60.7567
79.9163
52.2878
64.6573
42.0389
24.9649
27.7306
55.1789
70.8745
46.9479
56.0909
48.628
53.3147
43.149
75.1706
49.7547
71.3326
73.8521
107.8575
81.2043
65.1637
63.4033
81.9171
74.7571
43.6051
71.0643
80.5965
38.4898
74.0197
54.4761
47.2101
52.805
53.0935
70.6986
87.4368
46.8921
78.137
66.983
97.8238
31.7182
61.901
46.3661
54.9476
74.4566
69.5575
76.6002
79.8817
79.4281
51.8127
61.1291
47.8422
46.5474
61.0335
54.0186
63.7475
72.5915
68.558
77.9456
74.2869
68.6539
46.3258
76.8773
33.3323
48.7816
39.2704
70.4849
56.9942
70.3187
35.7823
77.0045
79.88
46.7821
62.2001
48.9092
57.8983
43.5294
70.4582
38.8096
58.8291
50.115
71.3563
82.6135
54.041
79.9512
40.3689
38.0843
48.7676
65.3871
79.0076
96.3602
59.3759
61.7455
75.5675
79.1662
70.6465
81.0383
51.7723
39.4646
71.5496
77.9325
65.6121
65.0281
91.729
60.2727
69.0984
70.9042
69.6338
62.2606
55.3619
61.5178
59.5684
65.5813
74.6691
35.8181
63.7208
65.5444
34.3983
68.2345
59.1053
50.3432
71.1333
86.7188
37.8969
65.4627
39.0982
70.1285
68.3706
54.3934
36.2823
62.5062
56.7973
66.5319
25.4172
60.518
52.8343
66.9912
55.8932
72.8431
71.4568
70.6119
50.7199
54.6479
53.5678
83.5335
53.4628
90.6881
47.4781
79.4671
66.1819
106.0857
55.7
76.4744
64.0784
48.9655
76.4582
55.4529
75.8914
68.1403
40.9912
89.0374
57.3162
73.6319
78.6194
75.419
71.0371
61.0686
61.654
80.6884
92.0947
56.8597
66.2857
58.9908
72.0581
61.0658
67.4626
61.2984
75.0284
69.6883
64.5402
64.7008
81.8181
65.0228
64.1868
47.3914
65.4935
88.2902
43.0924
52.4273
56.4214
57.7478
59.5301
47.0391
32.5515
41.7016
88.4939
73.9302
58.7224
37.5669
43.4718
60.5463
70.526
50.9649
74.7357
51.8994
47.2792
65.0749
57.9288
70.7026
41.928
33.6697
45.5676
42.6455
91.424
82.6899
57.86
66.2898
71.9159
71.7853
91.3044
67.2138
65.7101
83.9998
37.305
40.1168
59.8196
79.4478
87.7286
33.7112
48.998
51.1102
69.7498
51.2749
53.3907
64.409
55.5784
52.4841
44.8444
89.4675
49.7864
82.1395
83.1479
68.9347
86.207
78.1917
89.2824
69.1439
64.9928
93.6753
41.1983
62.1611
22.0957
55.275
88.8823
58.2902
69.3276
53.1409
79.027
55.1687
77.5151
45.8619
55.5659
54.8356
66.8856
65.7916
65.4227
35.896
73.8664
86.3242
88.4405
76.2921
82.9431
70.3185
45.2226
63.688
86.0181
62.9747
63.8895
57.549
76.4786
47.5657
42.2048
87.2805
75.7579
60.237
88.6109
44.7891
48.1409
71.4014
81.9777
58.6006
75.2489
79.5324
79.6665
67.7746
78.9218
58.4152
59.3558
58.2508
73.2899
66.7761
91.5217
33.6526
46.8157
56.143
43.1584
69.9087
102.7033
79.5585
43.9407
62.5543
74.0093
91.1018
75.2575
45.9383
45.3081
61.6268
58.1608
74.0403
62.9951
74.9193
64.1975
55.1511
75.2125
83.6904
71.7882
73.6596
75.9779
73.0601
61.6996
73.404
74.6348
48.2529
60.3313
92.7016
79.0106
45.5685
86.1938
50.7364
44.596
70.4675
79.9567
63.3786
43.8799
87.7663
74.5957
65.3781
59.1464
72.3217
50.3737
49.1862
45.1752
70.0286
69.5634
85.0174
73.1584
97.8171
73.1083
28.0641
53.9689
62.5162
57.7668
60.2569
63.2168
60.6463
36.8753
96.3718
81.3933
44.7569
72.5056
59.975
83.0833
72.2509
85.5062
68.9478
63.5625
95.5277
66.7695
77.5588
75.4324
73.8255
85.5397
40.5272
37.6322
62.6504
61.8198
66.4398
47.488
66.3895
58.9569
52.5415
70.8174
69.5982
53.7321
48.7084
88.5063
33.4868
92.1373
51.3654
81.9728
74.022
78.7
42.4527
72.7562
84.6888
65.0138
62.6983
63.1867
57.3592
63.6946
106.0669
114.0052
66.3511
54.0342
59.1347
49.1356
73.7319
47.9404
43.2987
59.1484
55.0018
54.6263
54.4217
82.1524
26.2487
26.2532
53.1139
59.8972
63.79
75.1073
63.1705
56.3247
61.6481
80.7421
66.3243
68.1253
71.8006
46.2256
48.1271
39.5818
61.511
60.2588
62.2611
62.2492
38.8905
92.4035
46.2105
80.204
50.1344
66.316
71.1511
82.1201
54.7682
49.4707
61.3867
39.6292
61.3336
21.266
28.6806
65.3373
42.9231
76.0437
64.811
69.0208
53.1604
47.9729
65.8446
93.6343
69.3279
50.7276
59.0353
63.8611
47.597
65.2348
75.0762
50.2981
64.2203
46.2159
63.8697
49.8814
56.4832
49.0098
85.847
56.83
63.1806
82.5354
83.9604
42.1175
67.791
68.0539
50.6532
74.7262
58.3415
59.4917
98.9408
58.2406
56.0575
40.6734
33.6859
97.6008
105.7249
45.6486
69.5398
41.1307
85.0052
40.9167
42.5531
83.4722
30.3997
76.8325
53.0956
71.4126
65.2569
68.3107
54.2182
36.752
35.2252
54.2831
75.9016
52.7501
70.0794
53.3764
77.696
76.994
74.6643
77.6107
51.7971
71.4
99.8202
90.4018
67.8364
63.8278
71.2483
72.5806
59.9412
62.6859
84.8167
73.967
51.8351
74.0968
38.3684
59.7177
70.1036
71.3588
52.6108
61.0682
52.2479
81.6571
50.1501
67.9775
42.4773
59.9355
37.9431
71.1389
74.2876
29.3538
56.3952
74.9648
76.1449
43.7257
44.2447
55.4182
60.6356
62.3216
48.9307
50.7587
71.4524
82.3959
60.0222
78.6938
66.3016
60.9201
58.8258
79.0304
84.3422
55.4199
95.5586
64.9699
62.834
47.8279
45.5125
71.0041
77.3147
78.7884
85.2374
42.5044
69.8775
59.0434
30.6954
93.2528
69.7336
70.2628
48.4072
62.7975
55.4453
82.5718
62.6406
68.4885
50.364
64.467
41.8241
43.0537
83.6929
73.3502
74.8315
79.218
103.6536
72.5609
51.1346
77.1619
58.9148
69.1296
49.8397
58.5222
49.7966
73.9265
55.4276
89.825
48.9976
45.9077
91.3608
62.7467
71.699
52.5991
71.109
60.3369
66.9373
64.5224
69.4761
69.9809
90.1272
61.5233
38.8517
69.2845
83.018
85.3197
53.9791
58.4456
37.0226
49.6048
58.3287
41.0876
67.4169
40.2832
51.8989
53.6705
52.7694
46.3993
60.3511
45.5202
38.6035
75.4191
76.6662
48.3946
69.628
64.2176
63.2299
64.0539
73.1806
52.983
81.2284
89.5349
42.4973
60.4478
30.9074
83.0963
54.9331
49.506
52.6235
58.1322
69.7351
59.9738
83.6539
92.3389
41.04
47.2728
46.7114
40.0385
55.3996
77.1494
83.9139
46.5688
94.971
71.3017
57.4795
49.7398
79.2975
72.7066
85.0511
68.7462
31.2342
76.5115
59.0299
45.8134
42.7542
67.0127
63.8807
41.2147
71.3489
69.4699
83.3222
83.2497
69.7735
59.4023
61.7158
62.1835
62.0327
59.1121
89.0349
55.9258
74.0311
48.2322
86.2257
65.0556
48.5178
80.1104
38.6922
56.3976
57.8554
56.0435
61.1187
82.8927
101.6685
37.2466
61.1507
63.9447
52.2122
52.763
91.7198
62.1056
98.0443
56.9146
61.227
56.0324
69.6023
75.4777
72.6072
61.1911
57.9328
27.5636
52.8479
47.987
48.9634
43.7292
68.7074
47.7406
72.811
48.5224
72.1683
72.6868
46.7565
78.6893
71.6719
39.97
54.5765
55.7988
61.1868
68.8337
67.8474
46.3619
68.99
42.3958
51.43
85.8402
48.7402
79.8798
52.3397
70.487
95.6366
49.8776
49.7272
83.787
42.8849
71.0605
50.1717
55.9059
78.1393
31.8378
33.8132
58.1761
73.6605
84.7309
57.2855
62.2053
73.2551
59.3354
71.9193
56.1686
68.3164
59.4515
36.6488
58.5656
65.9782
63.8648
108.5466
65.1523
76.2013
52.4991
48.2189
54.5575
78.5222
82.2908
42.6305
82.6081
50.207
85.0474
52.9828
46.5159
52.1099
76.6265
81.9619
61.8287
77.0443
89.8164
69.587
56.8795
56.4686
54.8375
80.8075
60.7265
69.1881
74.487
71.0549
78.007
58.2141
82.1864
56.4475
52.5937
71.0476
73.165
55.1419
38.6136
69.1688
86.7934
61.7419
37.913
61.1873
81.6366
68.2478
