31.4271
51.7159
38.3341
54.0885
48.6101
37.6048
34.4225
42.3344
39.447
63.9512
60.1731
29.1361
28.957
23.0846
58.7672
19.1314
49.7512
16.4361
23.0393
37.0728
25.8146
56.0802
19.6097
47.2495
56.6253
31.5156
25.356
25.162
89.169
51.0344
67.4793
45.9552
54.2979
27.8101
52.0966
77.3507
29.5979
24.0495
36.8218
24.4524
38.0848
22.9229
17.6038
33.9472
19.4711
25.488
19.662
34.3932
55.5937
29.9135
19.5806
57.0875
23.1785
36.6279
24.4315
25.581
24.0028
32.0979
17.9694
43.9607
15.7014
34.9141
36.0903
62.4737
15.0999
27.5962
34.3684
21.016
29.5568
26.6715
85.6196
21.3251
16.2695
40.7046
26.6547
40.0646
29.1849
49.869
22.5517
36.2543
36.8216
52.6768
28.4671
14.8754
22.1831
25.0675
22.545
23.3044
39.9358
34.7239
51.3246
40.7547
22.863
26.0546
35.1702
22.2936
29.7303
45.1992
56.7801
41.1487
35.4434
63.0696
34.2347
36.2471
30.0597
45.6672
50.5313
36.2735
19.3784
49.2592
27.4369
32.8601
38.7816
41.642
22.3412
49.1456
10.3115
32.1609
37.2384
39.7237
43.5228
58.9629
61.256
25.7178
46.2454
45.3982
25.0849
23.4081
65.5982
12.8845
24.8382
21.0846
59.2255
34.9246
37.941
22.7102
42.9268
49.1412
26.9437
51.4303
27.0857
30.984
24.6979
58.0983
31.9655
32.2175
62.7371
13.1485
27.6753
56.3786
27.9654
31.5181
20.2079
19.9976
15.952
13.6975
21.6309
23.7607
50.1219
32.0183
43.5271
41.4944
54.0853
39.9166
16.8473
34.5237
46.4208
24.4376
35.9402
32.0631
29.7932
21.8906
53.7702
76.0786
56.4743
20.6541
37.2973
38.3364
29.3508
43.8486
63.0548
33.1237
30.0638
42.2273
32.0973
37.6123
44.8241
24.4475
32.3982
13.3374
46.2474
23.1232
46.828
25.234
36.0054
11.2698
37.538
69.5515
44.3053
42.7953
12.7829
49.8027
17.4876
28.2587
30.3584
64.2481
43.3675
33.2106
29.5778
50.5972
61.1506
21.4552
17.2022
28.2104
35.9521
43.0174
50.1717
22.4477
12.4641
30.4816
36.7737
36.5906
23.7239
31.005
28.8257
25.7581
22.5707
21.9066
37.4441
22.5377
34.2244
57.1879
40.0161
36.803
26.0511
77.1531
35.04
54.1751
42.0496
32.0908
39.0453
55.0186
33.6468
35.1493
52.8552
35.2907
29.187
51.9005
60.6172
34.1489
28.6091
29.2391
44.1843
34.7903
46.5987
22.0025
68.4304
72.2971
30.4557
72.6076
44.7289
27.6171
13.9946
26.903
45.9535
14.289
38.1347
23.0557
28.9546
17.0783
25.4132
42.0716
32.2696
16.3843
44.0555
61.0691
63.6291
26.4793
33.9816
23.7652
31.852
28.7017
25.9362
39.0175
22.7383
30.8603
23.2954
46.6361
47.8126
13.2413
24.5488
37.8156
33.6994
58.0944
21.7409
31.0743
26.8954
25.3118
44.9098
42.0012
25.8132
94.3093
73.6417
31.5799
26.811
24.1809
22.7865
23.0778
24.0556
52.8542
28.2643
20.89
29.6961
14.3442
10.3672
69.4884
24.705
26.6072
47.828
42.3993
51.8069
93.7215
31.8748
21.5472
14.9688
33.7771
43.7717
35.4606
64.3107
34.1356
18.2456
47.0904
22.1272
24.7483
22.9473
26.5106
39.1096
30.8219
23.5702
39.6882
40.6392
21.9197
111.3414
20.8536
35.7125
21.0601
65.7139
39.6218
21.1481
72.863
42.333
19.9444
38.6002
30.1259
23.8243
26.6715
34.8829
25.2769
25.7364
12.9946
51.126
46.8136
45.2421
39.9871
22.8656
89.34
50.0724
28.244
42.4615
51.4273
40.8277
40.0916
35.5577
34.4276
32.7709
53.0941
38.933
23.8936
89.2817
50.0192
20.9071
38.9207
22.3891
50.1969
38.0269
37.5117
26.4297
28.1821
30.7768
35.047
28.1123
28.9057
15.9228
24.3987
26.0804
56.7833
35.8548
19.6202
14.6512
38.712
68.2157
48.3686
19.6972
56.7901
68.5107
36.1989
27.2874
22.2319
18.4418
38.3695
30.5934
48.9787
62.6314
21.6433
53.1422
77.0838
70.5993
83.239
23.4133
82.0629
67.4268
13.8704
32.7475
37.9835
25.7057
34.3749
65.3428
38.8662
40.4174
25.1074
27.1537
34.5983
35.6997
45.7912
37.1434
38.4167
41.5467
38.5854
34.2104
43.0677
22.6449
71.6708
49.8215
36.1226
22.5659
39.4829
38.7927
42.4844
32.7875
29.0503
50.764
48.8392
45.022
26.1322
46.5998
59.2028
21.4052
79.3707
82.8489
63.0673
19.4384
23.7284
38.4864
17.6383
35.9264
44.053
63.6928
42.6077
64.1618
37.5193
29.4879
27.9409
22.8888
66.1055
17.5111
46.7235
20.3875
39.1905
46.9559
45.4629
30.5576
28.6612
32.7186
27.5042
45.5595
35.2909
69.4508
52.203
44.5085
60.9746
38.2355
45.5847
24.0898
26.876
29.5463
108.6689
23.3744
32.0899
26.8956
88.8996
18.444
32.7502
14.2778
27.6232
16.8012
44.0377
26.1929
45.4189
10.7362
17.734
29.2868
25.7853
27.2563
40.2593
36.5647
21.5407
47.4856
47.5544
45.397
17.585
53.6277
29.1419
25.6939
30.4064
22.3039
67.5707
16.95
59.5293
44.4065
27.8344
58.2308
24.768
47.0745
81.6661
48.4781
30.3399
28.024
45.7462
38.399
68.1958
29.9411
28.0494
60.9051
22.3766
30.0497
27.0829
46.9631
22.6304
19.8163
75.8734
25.5196
56.2545
23.486
17.5862
62.8804
39.3208
34.3696
22.9295
21.8491
37.3957
21.0388
35.1529
38.0406
22.7948
37.979
43.9224
47.166
54.1145
38.2726
30.2267
39.1126
23.5312
37.3024
39.0351
28.7759
34.7655
38.0829
31.0603
29.6365
75.7847
61.4665
46.3481
46.289
26.8341
50.8903
71.1154
13.4897
33.3217
31.9196
52.3375
42.3471
23.8872
50.6206
17.6524
56.2481
41.4987
27.9976
32.7289
46.1785
23.106
43.5868
29.3561
40.8755
36.8435
19.1498
33.7126
31.0964
49.4334
31.2566
44.365
28.8568
28.1944
61.2859
35.3827
43.9663
41.8151
45.8765
76.8549
32.5198
21.0129
63.5757
21.2439
35.8042
40.5555
72.7113
30.807
24.0132
63.6222
28.4557
49.0269
19.8109
27.8907
45.889
44.4861
32.9789
55.9744
16.686
27.5709
11.8316
32.5672
57.7002
49.6999
36.5466
27.6329
45.6625
29.1586
21.0079
35.1905
31.57
43.904
57.7615
27.6777
28.4499
29.4245
38.3159
42.9013
15.0431
26.5688
29.2701
20.4531
27.2587
33.3808
30.6756
17.7088
59.6882
28.9036
34.8547
64.4975
61.0317
74.0226
21.7971
37.7712
40.3725
27.0779
12.2895
51.9784
27.1893
39.5182
21.8051
33.6264
25.9382
43.252
40.5727
19.3992
33.8752
26.7645
59.2732
38.2581
29.2302
21.8304
36.7786
29.4314
31.5809
24.1658
31.26
44.9572
23.3239
17.5878
39.0798
64.2972
20.3996
64.5021
83.889
22.2222
31.5273
24.9699
56.6162
29.7152
48.8124
34.0237
40.8411
25.2192
33.4201
70.1288
36.3131
40.9456
61.0519
31.3483
32.6866
32.7008
32.3628
32.5782
62.0283
25.6316
51.6001
28.9525
42.4111
19.1139
21.316
50.0922
41.6733
19.1156
39.0943
23.4927
33.9596
41.6019
39.557
30.2154
36.7937
28.2314
12.984
35.6752
40.8609
25.6149
66.7738
21.7106
36.3501
35.0269
38.7497
21.3502
32.1535
68.2406
27.6899
33.9388
37.6667
44.1719
50.2347
47.9578
62.5472
28.7665
19.1209
48.6991
24.4432
56.3246
35.0186
42.2713
52.4814
40.3287
33.0612
50.6955
19.2824
24.778
66.9323
38.0486
76.8915
30.2444
26.1458
34.2736
19.8725
33.6752
53.6767
37.303
49.0522
24.6074
31.5748
28.7448
41.3951
26.8067
27.1594
32.0733
34.5989
36.51
20.7404
18.125
83.0205
51.4875
21.7046
29.3944
41.1411
16.8509
27.1858
33.3113
67.3141
52.3314
30.9057
29.1947
38.4929
46.3485
35.712
24.6868
36.1358
49.8716
49.5235
63.2914
31.1137
21.4395
34.9212
62.1852
31.8413
57.4951
23.2946
30.3494
38.7584
21.9747
60.1642
96.3514
23.4131
39.7967
33.4934
22.1777
43.4059
15.0442
50.4838
31.959
51.2171
38.1538
48.3251
35.7221
54.6243
52.3397
32.9487
18.7711
31.8677
33.0447
54.5492
34.5744
92.3747
24.9615
47.1965
14.8273
48.6713
29.9541
49.0221
23.7503
27.032
31.8438
42.4867
68.2623
56.5993
40.2698
20.7262
24.6876
22.3172
25.1025
17.2267
28.8311
29.1835
34.8165
39.2729
19.8844
20.5677
27.5323
37.7306
36.5289
27.2579
35.5161
29.6292
12.1648
18.4554
53.8922
41.2228
41.2406
33.9347
37.3689
37.2362
38.1607
28.8847
51.9183
40.3777
24.9441
34.2359
39.5484
67.2797
16.4966
53.6401
30.5044
41.0333
31.4831
34.5819
20.439
54.771
23.7275
35.2496
29.894
24.205
32.0646
23.4083
24.4113
39.7656
41.725
55.3411
38.9299
50.9203
30.2333
31.0592
35.5019
30.9979
42.4318
15.4902
17.4272
11.1657
25.0577
21.756
61.5665
40.3483
24.6825
15.3033
28.148
41.3179
27.6471
52.8641
36.7218
49.3084
57.5496
25.0107
52.7121
23.6682
22.4827
46.7775
18.9598
35.9148
58.4194
26.135
50.1658
19.9434
26.1841
64.4756
38.8216
71.7812
43.773
46.394
17.5625
64.4451
39.7611
23.4026
46.0524
35.8667
37.1288
69.398
80.225
37.6025
41.9468
36.2874
27.2089
48.8296
22.9107
41.4267
32.6526
35.9329
61.2745
39.5025
59.9718
17.1437
46.7584
47.4029
40.5898
57.1617
52.2744
60.2941
32.2262
43.895
13.6194
44.7537
30.6839
43.2789
19.0869
12.3741
35.1222
34.1254
61.2406
70.7891
20.8449
36.0479
73.4519
30.3417
27.9344
37.1811
36.8288
31.4077
24.7285
