7.1139
7.2595
7.3892
6.0252
7.4293
7.9018
6.4535
6.0491
8.9686
7.565
6.3752
6.5876
7.1139
6.3906
7.7788
7.7721
7.5558
7.0225
7.8636
7.3185
6.5191
8.0965
7.6778
6.9352
6.7336
6.3301
7.4031
6.6959
6.553
6.7336
7.2677
7.0907
6.8028
7.0225
6.7917
6.486
6.3301
6.2863
7.1001
7.5558
6.111
6.8723
6.9246
7.5729
6.8027
6.486
6.3301
6.8723
6.9352
8.2045
6.7528
7.1613
6.4217
7.3183
8.2013
7.9292
7.7743
7.2536
6.2863
8.5132
6.893
6.4697
7.3907
8.4512
7.9643
7.6818
6.3906
6.914
6.406
7.1854
6.0735
6.7336
7.1854
8.3227
8.4055
7.0821
7.5633
10.1433
7.0907
6.553
7.709
6.2579
7.775
8.2208
7.4269
7.0003
7.8398
7.0776
6.3154
6.7336
9.4467
6.659
6.5025
6.9238
6.3008
6.3154
6.0859
6.6409
7.3892
7.9018
6.5191
6.6959
7.0907
7.0225
6.745
6.486
7.7728
6.8627
6.8723
6.8518
6.8316
6.6409
7.3022
6.486
6.3752
6.23
7.9031
6.8115
6.2026
6.4535
6.5191
7.0677
6.659
7.4881
7.0544
6.659
7.4023
6.659
6.7146
7.2848
7.3516
6.8518
6.6773
6.0491
9.6361
7.194
6.6959
6.23
6.893
7.644
7.2595
6.9567
6.8424
6.2439
6.0491
8.3262
6.5876
7.4779
6.9666
6.6709
7.8057
6.8518
7.2345
7.0225
6.8115
7.01
6.7336
6.893
6.7075
7.4433
7.1139
6.406
6.553
6.345
8.2566
7.0907
6.7336
6.4217
7.4161
6.9037
6.9034
7.4791
8.256
6.0735
7.4433
7.1385
6.3752
7.7728
6.4697
7.9698
7.5372
6.914
9.4655
7.8535
6.893
6.9567
6.5025
6.6773
6.36
7.5848
6.8723
7.0101
7.2959
6.8637
6.6773
6.5702
6.2163
9.25
7.0548
7.5623
6.8723
6.2579
7.1592
6.2026
6.0252
7.2595
6.4697
6.7917
7.3276
7.194
7.2726
7.8087
6.4697
6.8423
8.0976
7.045
6.8832
6.6229
6.7336
6.6051
7.767
6.3154
6.9567
7.2951
7.0907
6.7528
6.486
7.8054
8.58
6.553
7.9671
6.7833
7.1596
7.5623
6.36
6.7721
6.8316
7.8712
10.6782
7.7421
8.5205
7.2186
7.1854
7.1704
7.4886
6.5876
6.0735
6.3906
6.8316
7.0557
7.8044
7.3497
6.553
6.4375
6.6409
6.536
7.2292
6.36
6.2163
7.0101
7.6859
6.8518
6.4217
8.331
7.5382
7.6236
6.2863
6.3301
7.0104
6.2026
6.5191
6.6229
7.7723
7.0547
6.4697
6.1758
7.2848
6.96
8.3551
6.6773
7.938
7.3475
7.3997
7.7449
6.1758
6.6051
6.6409
6.2439
7.2423
6.0735
7.2098
7.9636
8.127
6.6409
7.7121
6.5702
7.8084
6.3301
6.7721
7.1854
6.406
6.7528
6.659
8.2911
7.0907
6.8231
6.9567
6.7721
7.2188
6.486
6.7528
8.9419
8.9807
6.9567
8.0303
6.4375
6.2579
7.5428
6.5025
6.3301
6.5702
8.3483
6.2026
6.23
6.406
6.7336
6.3008
6.2579
6.7336
7.1854
6.9459
6.1365
7.4018
6.8723
6.6409
6.6773
6.7146
7.9283
6.9454
7.3892
7.1375
7.6597
8.0021
7.0549
6.659
7.2538
6.6409
6.9145
6.4217
6.9783
6.659
6.5191
6.6709
6.4217
7.5558
7.1465
6.6229
6.3008
7.4783
6.2439
7.0225
7.0003
6.6709
9.3527
6.4217
6.5191
6.6229
7.4235
7.2676
6.7336
7.6818
6.9783
6.9666
7.0555
7.3703
6.6891
6.4375
6.4375
7.0003
6.9453
7.1719
6.5876
6.4697
6.3154
7.5558
7.406
6.4535
6.6959
6.8115
7.7741
6.2863
7.6803
6.7146
6.486
6.8518
6.7341
6.5702
8.28
6.406
6.6418
6.5191
7.7391
6.553
7.0003
6.5876
10.897
6.9453
8.5344
6.6409
7.0329
7.194
6.9869
7.245
6.8518
7.7424
6.6773
7.1375
6.5025
7.045
8.5562
6.7721
6.6959
6.3008
6.7261
6.7146
6.23
6.536
6.4375
21.4741
7.1942
6.6409
7.2436
8.1411
7.7421
7.6841
8.98
6.4375
7.2098
7.0003
7.244
7.1833
8.0692
7.1613
7.7126
6.4535
8.0341
7.1854
7.7988
7.045
6.5025
7.3626
6.406
6.9783
7.2848
7.5848
7.1139
6.784
7.3104
6.2863
6.3008
7.682
7.3985
6.6051
7.3969
6.9362
6.1495
6.5191
8.3596
6.9888
8.2011
6.553
6.6229
6.5025
8.3986
7.1463
6.9035
7.1613
7.6811
7.4958
6.536
6.36
6.0984
6.536
7.0104
8.4345
6.9783
6.8225
7.0544
6.4535
6.9243
6.1758
6.4217
6.4217
6.4697
6.2163
6.9717
7.1713
6.7146
6.4535
7.2676
6.3154
6.536
6.36
7.2098
6.7528
9.4749
8.4566
6.4375
6.6709
6.1365
6.7721
6.7451
6.8224
6.5025
7.6239
6.23
6.7528
6.1758
6.9035
6.8115
6.8316
7.6202
7.6801
7.0225
6.36
6.536
8.995
6.8224
6.6229
7.2941
6.345
6.406
7.5061
7.4765
10.4201
6.0984
6.3008
6.4375
6.9352
8.2485
6.6051
6.3008
6.9352
6.3906
7.7416
7.2345
6.8518
6.0252
6.536
8.4736
21.4741
6.406
7.0107
6.3008
7.4766
7.1613
6.7528
7.6513
6.8518
6.9567
7.1854
6.2163
7.3264
6.5025
6.7451
6.1237
7.0907
6.1495
7.2098
6.4535
6.3008
7.2098
7.5936
6.536
6.345
7.6475
6.914
6.0252
6.5025
6.7917
9.092
7.3444
6.7336
6.345
7.2281
6.5876
7.8303
6.7146
6.9248
7.208
6.6051
6.8115
6.111
6.6773
6.3906
6.8829
6.4535
8.8472
8.6916
7.4562
7.8042
9.6006
6.5191
7.8967
6.659
7.3363
6.659
6.2721
7.3981
6.2163
6.2439
6.345
7.5376
8.1863
8.7515
6.7647
7.5638
7.8278
8.3554
6.6959
6.553
6.8828
7.644
6.9899
7.2005
7.3776
6.0371
6.893
6.8248
6.345
7.1819
6.1365
7.194
7.1375
7.8982
6.6229
6.9352
7.4303
7.3626
6.893
6.4697
6.553
6.6773
7.5558
6.5191
7.1291
6.745
6.4375
6.5702
7.0116
9.3213
6.36
7.4255
7.1456
6.4535
6.0613
6.659
7.8361
6.7528
7.9091
6.486
7.4026
8.345
6.8518
7.3268
8.6196
7.9653
6.8829
6.4697
7.0328
6.5876
8.0969
6.659
6.2026
6.4375
7.2944
8.3338
6.7336
7.2595
7.9277
7.425
7.8705
6.8316
6.4375
6.1626
7.5661
6.9567
6.7336
6.6051
6.5025
6.3906
6.2439
6.6051
9.1615
7.5645
6.9567
8.6037
6.536
6.6773
6.6773
7.3104
7.41
8.2568
8.0003
6.8763
7.1577
6.6051
6.764
7.5182
7.9628
6.9673
6.1758
6.8115
8.3973
6.111
6.8316
6.2439
6.4535
7.2595
7.8983
7.0225
6.0735
6.9899
6.553
8.7285
6.659
7.6997
7.3728
6.406
6.536
6.9677
6.5876
6.345
6.2439
6.2863
7.1375
6.8352
6.5191
6.7917
6.8635
6.4697
6.745
6.23
6.4535
6.6891
6.6409
7.106
7.2754
7.5648
6.8518
6.4697
6.5702
8.0703
6.4217
6.486
6.1237
7.3968
6.6229
7.1854
6.8837
7.0781
8.9002
6.406
6.5876
7.4988
6.6773
6.6959
7.0225
6.553
6.9246
6.6409
6.4217
6.5191
6.2721
7.7428
6.9352
8.0597
6.6893
6.7643
6.5025
7.8964
6.6959
7.3197
6.406
7.0677
7.4304
7.0554
7.2808
6.5702
7.5951
7.6215
6.4697
6.6229
7.868
7.6227
12.0681
6.9567
6.8316
7.3184
6.536
7.2098
6.9567
7.1375
6.2863
7.9036
6.6891
6.9352
6.9783
6.536
6.5876
6.7262
6.486
6.9459
8.1827
6.7146
7.2769
6.1626
7.0998
7.0786
7.1247
6.7528
9.1669
7.1233
7.3497
6.7917
7.2868
6.893
6.6959
7.1139
7.0329
6.7721
8.7469
7.0225
7.1533
6.2163
7.1465
7.1139
6.5702
6.5191
6.406
6.9783
6.4697
7.5228
7.3967
6.6229
6.9145
6.7271
9.061
8.9326
6.2721
6.3301
6.4535
8.3091
6.5876
7.536
7.1572
6.7146
6.3301
6.6727
7.6741
6.1365
7.4235
7.353
6.6887
6.36
6.4217
6.4697
7.1375
7.124
7.8728
6.536
7.1854
6.536
7.0225
8.2313
6.3008
6.345
6.345
7.1613
8.3733
7.0907
7.1701
7.7132
6.4375
7.1946
7.621
6.486
6.4375
8.0646
6.553
6.7917
6.8316
7.1139
6.9667
7.8102
6.3008
7.6204
6.23
7.3183
7.6142
6.6773
7.8723
6.8423
7.7355
7.9321
6.36
7.8075
10.5547
6.486
6.914
8.2903
7.1139
7.077
6.4697
7.2255
8.9313
6.5191
6.4217
6.9783
8.2641
6.914
6.6773
7.3626
6.3008
6.8518
7.1613
7.4852
6.4217
6.3154
9.427
6.5191
6.9783
6.6709
6.9783
6.36
7.0003
6.7336
6.486
7.5414
7.1229
6.8723
6.7146
7.6741
7.1464
6.9882
6.36
6.2721
6.9043
6.5702
8.0155
6.4375
7.1594
7.1139
7.1088
7.4274
7.4328
6.4217
6.406
6.9034
9.2069
6.6773
6.783
8.0734
7.5558
7.3104
8.7291
7.9434
9.0477
8.5984
6.4375
6.9352
7.3516
7.5097
6.9669
7.1139
6.8518
7.3363
7.2188
7.2542
7.17
6.553
6.9555
6.9453
7.292
6.553
6.7917
6.5025
6.4217
6.659
6.4217
6.23
7.4233
7.4779
7.0003
6.4375
7.8084
7.1613
6.8316
6.3906
7.6209
