75.3222
77.0723
99.1413
71.2813
78.6486
84.4768
80.3568
67.9788
81.9883
65.6418
87.5065
87.5225
68.9081
86.6936
79.0493
95.2287
82.4723
70.9265
85.0639
74.1491
80.015
68.3563
90.3741
83.1628
73.5816
92.3313
85.2981
78.5307
86.5602
85.6087
74.7331
83.8449
81.0815
75.3114
73.4072
90.4155
82.4997
73.916
92.499
88.3706
82.6056
87.8499
90.7637
82.0613
68.7422
70.1598
91.5059
90.314
61.4678
69.0079
67.0644
96.3646
77.3695
87.6324
98.896
85.6561
86.2835
54.3567
80.9014
96.88
84.7081
84.5118
87.4849
84.879
88.6389
91.076
68.8879
81.7952
84.5666
79.6093
88.757
84.4733
83.9805
88.5253
92.1487
77.8318
66.6548
89.9585
81.9434
83.3629
81.1063
88.138
83.7782
83.8438
74.034
85.1782
73.5357
90.3611
86.0366
60.6792
75.4453
74.6727
81.0436
77.305
75.3163
70.6044
87.0498
83.1358
94.5605
86.8818
73.8646
80.7564
92.2282
92.3814
64.5147
85.5483
55.9848
90.5474
78.1606
60.5621
80.6397
91.7966
69.3847
78.2736
81.0412
70.3219
78.2496
82.9518
70.7028
77.5122
73.3265
86.6816
83.9824
73.4494
72.2309
87.5961
74.7971
80.2001
90.7639
81.2899
86.9181
79.9468
88.2615
83.7836
57.0372
99.3174
87.9599
91.0709
69.678
72.7952
54.3933
70.0219
81.4958
52.2553
78.8016
62.4469
75.1218
62.6851
73.4604
85.957
85.609
73.7213
80.9064
77.4809
87.7511
75.756
88.8077
101.0758
68.0211
59.3008
98.8847
88.7909
86.713
77.208
95.5423
84.3417
78.5775
58.2537
89.1973
61.7035
73.6163
69.5528
79.7748
69.0746
73.9177
71.6784
77.3689
93.0546
77.9641
80.4681
70.6543
84.1498
79.2031
64.2291
83.7365
82.2005
89.5513
85.9719
91.5772
92.0528
85.1719
88.2103
71.366
68.241
87.7829
82.1368
82.8292
94.8535
84.7843
90.7754
84.0593
77.3438
84.3412
96.5858
89.7863
97.1274
75.8793
76.6797
78.8064
79.8911
72.3739
77.6105
90.4716
83.873
84.8504
70.171
82.2016
84.4389
84.5306
96.3742
80.8694
92.5368
50.6714
86.2324
63.8255
81.9732
73.3369
90.6909
85.5869
70.9554
61.0506
83.7339
89.3577
92.6735
76.5602
61.1678
60.4919
89.0214
92.5952
58.4729
76.7307
70.427
75.4546
90.6458
66.8306
108.8657
79.8928
80.8413
88.5432
72.7751
82.5978
71.7084
78.3413
84.7243
70.9249
74.6147
84.183
96.8556
91.5861
80.028
82.5759
80.2325
92.4076
90.6738
74.2086
87.9095
103.1138
78.9105
94.245
82.6465
86.5309
69.5012
76.7765
67.6263
81.2911
93.3238
81.4351
81.0209
59.4558
60.9546
102.1041
81.8275
84.8121
95.4372
37.9991
84.7159
101.6176
73.6216
89.5092
64.7213
87.6724
85.4071
72.2607
80.9158
104.7935
79.2832
78.6917
86.2777
86.2835
80.5435
98.7421
98.0737
80.8212
93.2854
87.9169
105.9016
86.908
74.5223
88.3252
74.6965
81.0547
63.9403
77.7486
81.5787
76.7209
83.9859
81.8719
69.9364
80.4859
47.6475
86.1521
80.3055
92.9943
75.903
74.2007
68.8823
87.776
77.5451
62.4553
84.3288
75.1641
89.8303
65.604
84.8594
92.3617
91.2334
73.6981
74.6931
55.6986
77.507
96.0585
83.385
92.4303
64.8991
98.1592
86.0961
79.5224
73.1617
76.915
81.7311
69.3402
63.0254
62.4779
77.3245
103.3209
72.2136
81.6915
88.4229
86.4491
88.5318
83.3352
95.1961
97.7459
59.975
80.6857
77.1223
61.13
73.3973
75.136
68.6275
53.4561
88.5124
65.9029
74.8294
76.9671
74.9655
85.1355
93.3213
60.3697
100.7855
89.9233
85.0351
86.4454
76.2444
86.1071
66.1112
83.1121
79.1023
68.9805
88.9421
75.9417
73.9449
80.373
88.016
68.1173
82.5328
66.7744
85.0904
69.545
97.1448
75.1546
60.0227
59.7166
76.5974
97.9515
80.5645
70.3043
78.6599
95.657
83.2303
85.2365
82.2879
79.9011
92.2124
67.439
96.8773
93.1128
69.7384
87.0875
70.896
79.6678
89.2348
72.2615
92.3709
89.4301
88.6027
76.7412
90.6295
89.3804
85.3214
75.8053
51.5754
81.0981
83.9751
91.1811
86.1581
59.9946
85.4745
69.3407
83.092
88.8288
75.7241
75.4153
67.1309
104.8219
76.5257
82.1648
75.8499
89.1046
72.7135
73.9473
70.9354
86.9286
80.7764
67.5462
97.2582
51.2297
73.5873
75.654
91.7593
74.7854
63.0643
82.2303
88.2337
89.1895
68.8134
76.8863
60.8635
88.6756
81.232
89.9134
86.7109
93.4281
87.4909
58.7996
64.7667
73.0884
74.9767
78.7936
74.7653
80.8471
95.8741
79.4485
71.8472
73.0202
77.8022
86.0727
88.1734
72.4624
102.3437
81.215
79.6165
77.4
92.5732
78.6543
79.8886
89.3192
89.3023
96.6192
48.392
77.7658
46.1658
75.7198
45.8062
89.333
93.8559
61.0176
87.5083
72.0639
95.08
83.3053
94.5817
89.453
83.6814
85.0626
79.805
94.6057
105.0797
67.3201
62.5958
92.4255
97.5319
82.5318
83.1068
68.9632
64.8371
80.5406
90.7092
99.5467
86.4699
88.3602
69.2846
92.7389
93.6034
65.5223
73.7124
95.3072
77.2467
86.805
68.195
80.7098
75.9962
89.8235
97.7868
83.0016
93.4957
79.7107
81.3451
90.8318
89.2234
96.6337
93.0736
88.4557
70.9981
84.6417
62.5984
96.424
78.4323
61.6935
56.1198
71.5171
66.417
92.4016
90.9155
76.0901
57.9418
91.0637
74.6844
91.0458
78.2101
62.246
76.2236
80.0649
64.024
51.7434
62.8971
77.8907
71.0737
65.6133
60.6699
64.8988
76.8771
80.0512
78.2206
99.4523
95.7021
79.7006
93.3624
71.8396
93.301
91.947
83.5517
95.1821
92.039
87.5076
71.7775
98.5246
70.0724
75.5737
78.5844
91.7135
68.7616
99.5499
76.8962
83.7841
69.3387
72.5538
84.2894
80.0576
85.6607
94.9805
82.9918
77.239
84.6889
101.4774
57.91
84.9577
77.0297
61.2928
69.3059
72.7312
77.7241
76.2647
67.9404
73.7513
91.5139
82.5687
67.6128
83.8809
76.0328
75.5376
68.4853
99.2965
76.5662
70.3909
84.5577
75.053
89.7597
67.8947
81.7472
81.7818
79.5946
67.8712
94.9787
91.6962
81.7662
65.0355
80.3923
85.7817
83.7437
71.6185
71.281
76.1133
84.083
81.5018
72.3449
71.848
71.785
83.4503
79.0535
88.0948
81.7492
66.2411
74.2061
72.6481
63.0375
77.6168
90.3555
80.4702
84.448
67.2531
77.1544
86.3912
95.7658
76.7611
101.4206
77.5653
88.9391
83.5562
92.0125
92.9808
91.4444
87.5884
80.4038
80.8127
69.0374
78.6487
89.8013
83.1736
74.0509
86.1078
81.1514
73.9381
89.1042
93.0345
63.0613
84.8271
88.4608
90.3016
97.8263
83.8707
78.2834
79.5538
62.1837
94.388
84.5534
71.7868
79.5146
79.6474
81.7253
67.7584
86.2117
63.9741
96.3035
80.9703
65.9721
78.484
77.1011
59.2276
87.3695
75.1329
84.954
61.1111
74.4886
74.7228
80.9071
82.5473
90.6572
80.8523
95.1981
82.5435
74.561
75.711
77.6727
73.1628
87.951
69.0408
88.6027
70.0446
94.2614
83.8919
80.3705
82.6818
73.7951
81.2585
82.6705
95.5958
70.1906
76.8605
67.8447
64.6851
74.2659
76.5705
74.1509
81.4666
56.0137
80.751
84.6024
67.0352
89.5331
83.429
95.5892
87.7721
72.6
84.6652
94.8523
68.2247
86.7561
72.8301
80.2306
47.9554
64.4983
87.2248
91.3879
96.4163
77.1067
76.8479
82.6191
103.8312
84.3596
80.207
71.6289
75.7234
93.714
83.4055
73.1604
91.6742
78.2954
91.6442
84.8668
74.0711
74.3433
72.4919
59.477
82.7022
66.1899
92.2854
81.7807
79.0609
90.2362
79.4203
86.575
73.607
71.3211
88.4555
70.6714
90.1077
90.283
83.8485
81.4818
79.6065
66.3889
88.5118
67.7867
92.028
71.2603
66.7947
83.2288
60.0094
92.0887
93.2597
76.3489
72.4027
74.437
88.0483
89.177
83.3223
88.6771
62.2492
63.6241
73.9989
72.6872
93.2205
91.532
63.5011
90.8284
82.1575
77.7705
95.5472
80.5323
58.0293
86.4467
58.3157
97.4237
83.6316
67.4428
91.7139
70.6563
100.1671
85.3662
92.8144
69.7377
84.6489
82.7773
53.4485
89.39
96.2878
59.3538
67.5942
83.6729
79.6396
76.4298
87.0317
106.3908
71.2772
83.9062
77.7911
70.7339
81.0287
67.3238
78.4272
87.7532
77.9328
87.3875
66.5501
78.9254
89.1916
94.4835
78.9536
71.7931
92.9031
84.5133
79.2073
75.4103
89.58
91.8517
78.9814
95.2983
86.469
77.1305
93.5801
78.6653
81.5823
84.0666
75.7279
87.6302
82.395
92.4598
86.2106
82.0312
87.9751
73.431
65.4798
48.9138
88.4792
86.0737
92.9675
93.1275
83.6711
87.8532
101.7117
87.6791
89.0058
92.2569
90.9185
76.9216
83.1974
78.3861
81.8693
100.6247
86.5024
72.1468
80.1107
90.1346
89.7556
104.6448
72.7907
97.3549
82.1383
89.2712
78.2781
66.3417
77.9587
58.3823
83.0876
78.8149
62.8883
99.0119
76.2411
88.6099
72.8063
100.1888
80.6252
74.5203
83.8874
87.807
85.0728
97.0376
57.5646
98.5979
88.7252
95.5225
65.4463
82.3508
81.406
78.1657
98.1834
87.6156
77.3959
92.8387
83.7472
102.6773
77.0665
82.3275
65.8433
71.6443
83.6764
79.5801
69.4264
62.7237
82.1763
85.0068
81.3632
87.0899
88.6623
82.3047
83.8246
89.7762
89.9019
94.5923
91.3816
62.3791
82.2134
87.8229
60.1179
75.652
71.6741
60.2579
85.6625
97.4017
64.2852
87.9355
83.0831
56.2554
82.1029
71.1874
84.7737
79.2603
92.4542
68.1657
