10.7372
13.8751
13.0721
10.0954
13.1307
13.0631
8.3792
9.7519
9.4515
8.7892
8.4583
9.218
9.9881
10.6675
9.5241
10.4829
8.5855
10.8198
12.7325
19.0339
11.3649
12.5695
9.5897
10.3945
16.423
17.324
10.5876
13.4459
10.9719
9.6839
7.8632
8.3687
11.6594
9.3922
8.1224
8.4457
13.0149
9.7966
11.6786
8.8335
8.2955
8.1056
9.8208
10.0889
21.8315
7.776
9.625
7.6187
8.5599
8.5813
11.3091
9.6296
7.3704
7.5215
12.8144
8.3758
7.9905
6.914
8.8889
14.1871
16.0648
11.0975
8.6787
9.6281
9.7846
20.4959
9.477
7.1375
7.4255
9.993
9.3094
10.4145
9.0235
6.8723
10.6626
12.5605
12.7159
11.3282
8.3955
12.894
10.1104
7.8775
8.4779
9.1662
8.2189
7.194
14.9675
10.8386
9.1917
8.4925
10.1274
7.1375
16.4575
9.7711
7.4023
7.2187
9.2833
8.5561
8.9826
13.1173
8.92
8.7286
11.8251
19.1659
13.2182
15.1201
8.064
8.043
7.9986
12.9469
10.6753
8.5797
8.8032
11.0599
9.251
8.5636
9.0449
9.3754
9.4642
7.971
8.583
8.4117
9.7488
9.9466
11.3806
7.6504
9.7725
6.8115
8.4602
10.6677
9.7415
9.6043
7.7835
12.3777
7.6238
24.5646
8.95
8.7294
12.2314
16.5242
6.7146
7.7726
6.2721
10.1732
12.4064
10.7712
10.9806
10.5304
11.3062
8.8457
9.1587
10.2594
7.5996
11.3791
8.427
13.0255
8.1513
12.0955
9.7228
7.4565
9.016
10.2045
9.1432
6.7833
7.927
9.6541
7.011
12.4419
14.8284
7.3104
7.4317
6.6773
8.6682
10.5314
7.5913
8.1299
7.1466
12.8081
8.039
10.4455
9.8232
12.543
7.5367
8.2321
12.2076
10.4745
10.3409
8.0975
11.1077
8.4562
11.3564
11.3715
10.2361
11.7203
8.135
9.0674
8.3878
8.4527
7.6741
8.4146
8.8688
12.6261
11.305
7.2098
16.5449
10.9624
9.2521
9.7718
6.536
8.4169
9.2628
9.3854
12.502
7.8635
8.1264
7.5911
16.8123
9.7621
7.4574
13.7543
15.3353
13.4885
7.0771
10.2284
7.7484
9.7491
11.1878
8.7582
15.4173
8.2523
9.0704
12.3788
9.9308
8.3491
8.7193
7.8957
8.5748
12.3449
7.8649
11.7013
8.096
10.5155
8.1087
9.5507
8.6209
8.5141
8.0819
8.5554
11.4355
10.4165
15.855
7.045
11.9878
17.1967
9.6501
12.0133
9.2523
7.7109
15.6286
7.7101
9.7935
10.0445
8.8169
7.831
10.7313
9.3085
10.2153
6.6959
10.1577
9.3055
8.5906
8.7039
9.0008
26.4865
9.5389
9.9464
8.2053
9.7267
9.1101
8.0419
10.6209
8.3558
11.3304
7.7732
11.0678
7.4161
6.9567
7.5448
8.7458
9.8074
8.834
7.0558
10.4234
11.5025
9.2057
9.0769
9.6241
8.5686
9.4544
15.8572
7.8427
7.7988
8.0301
11.9504
9.6401
7.6528
9.7571
6.7917
9.2334
20.0112
6.9666
12.2949
10.6768
9.1862
9.8008
7.8807
7.68
8.8775
7.1952
13.905
13.6143
14.87
16.8988
8.5413
10.1592
9.9513
7.6804
11.0394
10.6444
8.178
13.0833
16.1904
8.2225
12.2822
8.829
9.6678
8.9932
9.3942
10.8269
6.9886
8.8062
10.3301
8.8542
14.2101
8.5973
8.1094
7.0677
11.3891
15.4819
10.4529
7.1828
15.8787
10.1102
9.0351
23.1551
9.7461
9.5931
9.455
8.2154
10.1115
8.2917
9.1363
12.2546
9.0139
10.6536
16.1024
7.4575
8.4595
15.8757
8.2566
10.57
8.2054
8.555
9.3724
15.2763
8.7947
9.9603
9.6672
9.8948
9.1269
12.5246
14.4589
13.9994
9.2661
10.1121
12.4084
11.7002
11.414
8.9996
6.9671
9.8923
8.0099
7.8079
7.5392
10.365
7.2677
6.817
8.5377
10.8769
11.5298
8.6554
8.506
8.0378
8.3832
8.4512
8.0969
8.9058
14.4926
7.6803
8.3902
10.0639
13.9766
34.8573
8.4924
11.8007
10.6787
7.6212
9.4672
7.0907
13.9888
15.5914
7.045
8.5595
9.4277
8.4604
9.4107
8.4387
10.534
13.5405
8.0952
8.4555
14.4121
9.3332
9.9967
10.4333
26.6174
8.5885
9.2687
10.3874
17.41
9.8285
9.3543
8.3455
7.2561
7.9608
9.352
7.9615
10.9848
7.8632
8.6242
10.8569
16.3905
10.38
7.1476
9.1503
7.9986
7.3978
19.7112
7.4245
9.5459
8.2676
8.2699
9.1797
8.6613
8.1134
8.7288
9.8876
6.7528
9.5938
16.0344
8.6227
12.2826
9.0586
7.9694
8.1033
8.9012
12.8203
9.6568
13.6528
7.622
9.2984
13.8673
8.5603
15.7261
7.6716
12.0414
7.2098
8.9358
11.3971
9.0829
13.7265
10.2349
8.1314
11.3757
7.4798
8.0798
8.498
9.3076
12.1669
12.1269
10.5467
11.7588
8.4075
7.5558
14.0522
10.4495
10.3479
8.132
8.661
8.289
7.3025
8.225
6.7721
16.9752
8.6736
9.2228
12.0643
9.1681
10.1154
9.2461
9.1504
17.2125
17.4579
11.6864
10.0813
12.2164
7.7202
7.8326
9.2463
9.3141
10.9861
10.4298
11.5044
14.5413
13.0436
11.7144
9.06
9.5708
7.7356
12.0846
11.6857
9.2005
10.2811
9.2493
8.9207
9.1205
8.9346
7.175
8.7707
7.8534
9.4632
6.9783
7.3626
9.0956
11.9957
8.6823
9.3042
7.8041
8.2435
10.1709
9.0904
12.363
10.4739
7.8315
11.9883
8.1216
9.5954
11.0877
13.2502
6.914
10.0298
13.5424
27.6689
6.893
13.5903
7.3705
8.6202
13.2846
9.7942
9.5751
7.7988
8.8353
9.2029
8.456
12.5292
9.0291
9.7664
7.2281
21.4097
10.3379
9.2061
14.7796
10.5608
14.4911
9.1937
7.8636
9.9413
12.6442
11.3858
21.0456
15.0456
8.6681
6.4535
10.3784
11.075
8.7552
8.318
7.3185
6.9666
7.7241
8.0689
8.0389
14.4741
17.0665
9.0366
14.6071
10.7117
14.2474
10.9483
7.0331
10.6984
10.8748
14.4461
9.3521
8.2648
8.2599
8.4106
8.406
7.3206
9.5967
7.9375
9.5247
12.026
10.2688
10.2657
11.8321
12.4419
12.2728
9.1096
16.0362
7.929
9.5269
7.2184
12.1721
8.4711
8.3932
7.6142
10.7262
7.1719
8.4463
10.1816
7.9986
7.7438
6.7336
8.662
10.1934
7.5365
8.4073
11.2615
12.3777
9.2746
10.9842
10.3148
13.8816
8.518
9.8712
7.1613
8.8565
8.1162
7.682
8.8555
8.6201
13.4542
6.8518
7.9029
8.221
7.4852
8.625
9.3722
10.2904
8.3994
8.705
14.7364
9.1583
9.2693
14.2127
8.2353
11.7196
10.6891
9.9678
8.3581
8.547
9.2104
8.5795
18.9364
8.0763
11.9164
8.7393
9.0191
7.8745
13.9369
10.8448
12.306
8.4608
7.7998
11.8965
7.897
10.869
10.6211
16.8148
11.5371
8.7186
9.4629
9.3624
8.5617
8.6497
9.8327
12.1423
11.3526
9.3129
10.1321
7.0003
8.7083
10.2711
22.1361
12.8969
8.0969
7.2595
8.8008
7.3976
13.0232
7.3363
8.3009
11.9274
9.4038
14.3993
9.4862
7.9292
8.3176
10.0701
11.375
7.6798
8.4364
14.963
10.2989
9.0597
19.7149
9.5451
10.569
10.4737
8.3538
7.3441
9.2007
12.7258
8.223
12.2449
10.2343
10.8211
8.246
14.0604
10.0348
13.0259
7.7974
7.3363
10.2596
11.7432
8.2436
9.5722
11.3153
7.1375
16.2625
6.5702
7.4161
15.0166
9.0981
10.8755
9.318
8.7035
7.2098
10.809
7.3703
8.4132
15.8969
7.8917
9.579
9.2596
8.3608
8.4591
6.8233
9.4213
9.0499
7.4709
9.142
9.2103
10.0715
8.4105
10.3107
7.5349
8.1448
7.8088
10.9534
11.6065
8.1892
10.2897
9.2085
12.9658
12.7661
8.6485
9.5971
7.644
14.0594
7.7709
10.0083
7.8052
8.3847
9.7693
12.5446
8.3572
9.7574
7.5848
11.1894
7.7779
6.9035
10.9051
10.1618
9.9699
9.0147
12.1505
8.6377
8.3871
12.8589
8.7325
11.3809
7.0003
7.87
7.8963
10.8188
8.6189
7.403
7.3185
7.7356
10.0257
12.5568
7.403
7.3978
8.8612
7.767
8.3732
9.5715
13.8821
8.0626
7.3104
12.4454
11.0752
8.6483
7.2848
10.4868
9.0201
8.8142
7.1474
7.9309
9.2797
8.5038
8.2533
9.2605
11.1487
10.1766
9.8106
9.1183
6.6051
7.7921
8.8929
8.2737
10.5401
14.829
9.8978
8.93
21.59
7.7795
11.2438
10.7655
12.375
8.5536
7.8646
8.4105
9.2222
7.3211
7.644
7.7138
10.5625
7.01
11.3041
10.1607
8.5039
8.6814
10.1508
9.3689
10.8197
7.8051
9.3534
14.547
10.7438
8.1677
8.1397
7.4003
8.4982
8.8667
9.85
9.4407
13.0496
10.3301
9.5878
10.4155
13.3301
9.882
9.0924
10.244
10.7771
9.1551
12.6161
7.2182
7.5899
7.9277
7.9655
7.0999
9.4649
10.2519
12.6108
10.071
10.0204
12.67
13.2725
8.3118
7.567
11.3992
11.1158
8.4223
10.0418
7.7425
9.7881
13.7518
7.0844
9.6968
9.0157
7.3533
8.7034
10.5615
12.3786
8.4805
6.914
8.0332
10.5053
11.6087
8.4855
8.581
11.3107
11.3444
10.451
8.7534
8.273
8.034
7.8967
8.6271
9.2857
7.7458
14.7584
7.1375
7.2213
9.3209
7.4709
9.1636
7.2437
8.1769
12.1903
7.124
12.4105
8.4599
8.3155
8.7685
12.8305
10.0501
7.1246
8.5595
8.9652
10.1446
7.6874
12.5225
8.8402
8.8856
16.6175
10.0486
9.0775
7.6462
13.6677
10.4616
12.7591
8.1515
8.1411
7.7071
8.435
