52.7459
26.9027
28.2189
89.3457
58.8967
59.5177
80.657
48.3949
67.3243
47.2363
85.4791
41.2249
34.4995
49.4462
66.6297
46.3863
39.2265
33.7504
58.3827
67.3002
54.4189
46.9559
48.0615
85.9015
26.0908
47.2003
33.4206
51.5714
27.9212
48.5231
48.8978
38.8039
34.2111
51.8166
38.5781
28.3723
60.296
16.103
51.9418
61.6766
87.7354
45.4834
66.4033
108.3669
32.9899
27.7624
28.0393
49.2185
33.3495
43.0687
27.8043
55.3762
54.3348
49.2547
49.4934
41.4776
24.5137
47.4274
35.3705
67.0402
16.6607
42.1671
44.1672
43.3712
46.2964
56.3734
41.8003
61.9877
35.5625
46.7096
64.5049
40.4011
50.6336
19.1968
34.8448
52.1068
34.9284
35.2339
78.2004
36.7225
47.3615
32.2442
32.0446
61.0735
86.2241
39.6217
43.6706
75.4152
22.6073
55.4106
44.3661
58.8744
68.5676
42.0647
35.1964
59.5527
27.3274
20.1158
60.8667
47.8378
68.0879
27.3661
32.9306
24.2153
50.3353
37.5297
16.0143
38.3845
60.9949
38.34
43.5573
32.3414
43.5395
35.1696
58.6243
57.8393
18.8399
43.2479
72.5706
67.2721
22.0468
45.8379
62.6838
27.256
33.7901
57.0285
55.4541
51.1991
34.0235
18.7292
30.4132
62.2334
16.5347
37.9882
69.6669
21.2059
39.1029
75.007
40.0084
15.91
33.4443
66.0006
18.8094
50.5025
28.6603
39.4069
26.121
28.0354
35.9373
43.3567
53.0311
57.2805
37.147
41.1036
72.0624
34.9139
31.9998
31.9682
71.3003
38.5286
33.8566
62.8549
65.5595
30.2412
35.7278
47.4981
48.5822
49.1124
60.1416
63.7464
16.9429
35.23
46.555
33.6026
40.8611
45.288
52.1518
42.4634
31.4866
65.3393
48.8015
56.3258
27.8321
25.9244
101.0745
14.3932
30.6174
49.3458
58.7247
31.5786
41.5219
47.1495
27.5188
20.9863
48.4333
41.5764
30.3273
27.719
62.3528
80.7612
25.5222
74.7705
34.5304
64.578
37.297
57.8568
26.3064
81.0741
36.5246
25.1528
37.225
22.3916
51.4375
25.6221
70.1387
55.7744
27.7105
26.2204
28.6577
28.3949
28.3371
31.5122
28.0748
44.7328
34.8344
60.9285
36.9997
43.1584
36.4473
73.9384
22.7313
28.8632
52.5507
101.8867
57.4396
31.0185
35.889
51.6945
67.8566
31.3713
51.6645
101.5411
22.7444
41.1268
33.0187
24.7971
23.5896
34.7814
31.5546
46.5109
60.5342
27.8589
62.131
64.9636
45.5137
55.878
43.007
63.6875
63.1777
41.1699
15.9508
15.5922
57.868
85.6242
25.0788
37.0146
50.1212
53.2558
34.6002
48.8406
20.3599
84.7495
49.9761
53.8478
53.3822
36.1835
41.1608
61.7465
55.621
59.2256
48.4122
41.515
44.7478
47.3132
23.7773
40.2938
46.6254
51.268
35.1386
40.8688
22.289
48.24
37.1249
71.368
40.7424
63.1016
28.9556
54.2753
36.5395
30.6363
24.3885
49.0473
31.824
37.2446
47.4575
41.3922
32.6122
52.0302
37.2525
17.0574
29.6513
23.7564
44.8697
70.1312
81.6828
48.0152
23.4467
39.4875
39.0036
62.0619
45.4762
30.2552
51.1811
17.2903
32.0166
21.4543
59.1726
25.7793
48.2398
70.5983
19.119
30.0975
60.9807
25.9351
59.6314
41.7288
61.8973
34.6084
77.3891
43.5648
30.4925
56.8075
43.6384
43.1731
62.8857
34.0109
66.6087
32.602
65.2261
43.1121
49.6443
72.2702
45.7932
56.9798
88.066
49.682
34.9241
56.8932
58.7429
55.0281
22.7627
77.3578
27.4536
52.8639
67.7348
36.7052
35.5651
68.7865
50.5686
31.3019
46.3889
42.0809
22.8574
62.1441
70.9847
55.6918
29.9086
78.1966
47.8825
45.042
41.3462
56.0453
45.4095
23.9548
28.3028
48.4305
33.3047
27.9419
23.7825
64.5612
40.6497
24.265
47.8023
75.4354
36.9738
62.2779
74.8722
17.2798
34.1892
29.6771
31.7025
30.9242
91.3065
53.9537
38.3742
72.0833
49.2819
35.7526
40.7473
49.6359
40.2659
27.9382
43.4188
60.8707
29.074
67.6796
25.8715
37.2245
39.4763
28.6706
66.8038
48.8605
47.2053
40.5959
66.4402
56.8236
42.8936
51.0008
35.6927
30.1601
72.0556
56.2718
26.9496
48.1189
46.8542
13.2254
38.5447
47.5082
38.2169
59.1676
74.3104
39.4503
32.3368
36.1105
37.4841
66.2608
53.5072
57.5807
38.2636
62.3785
46.7908
47.0202
56.2854
35.7454
37.4287
57.4253
37.2934
28.6887
26.3567
65.0963
43.5485
49.9312
26.6852
24.7879
44.6466
31.5898
18.1804
17.4001
27.5612
26.6253
30.9414
33.7318
61.0065
54.2029
45.8622
73.9365
38.9558
51.0471
26.0893
55.0634
80.7233
33.7689
23.9903
46.5349
39.5192
76.0542
38.9053
57.2105
71.3823
51.5436
21.8681
26.9876
54.0155
65.3815
75.8734
46.4928
37.1849
73.9743
30.5518
77.5214
75.0585
45.9707
59.3563
38.9946
54.5012
23.2145
28.5627
38.5413
24.1678
42.0617
52.9046
33.7248
30.2267
49.7515
70.6724
29.0764
52.3121
56.3002
56.068
58.8765
45.3752
65.6165
44.9128
50.8623
66.6384
36.775
64.1945
47.9552
49.0134
64.7552
52.8019
42.2676
110.0053
36.8878
59.2541
23.6584
62.4082
68.8754
19.0475
24.8602
25.3365
75.2894
24.383
55.1799
38.4073
46.782
35.7734
32.149
46.2727
49.5782
30.34
45.0684
51.2367
30.1159
60.1385
20.8815
20.9915
25.4102
53.2103
33.1715
78.7389
75.1363
62.5404
25.2465
37.5283
60.8635
49.1824
40.1649
12.8063
49.9315
23.4343
55.6386
50.7652
30.7964
37.9606
48.5106
42.0943
36.6222
34.6648
39.1224
27.6357
32.6673
36.6026
37.5366
55.723
21.721
37.5144
38.8458
62.1017
37.1289
36.4418
45.5952
55.6224
25.1486
18.9356
79.8732
36.8273
58.9821
57.3024
47.2296
42.6256
68.9567
87.9569
20.2936
62.2697
23.5982
32.5765
31.5195
31.7856
42.4725
49.2604
46.6473
28.2873
74.0597
43.8334
97.8833
40.8949
67.2185
27.5945
42.4902
33.4734
50.9418
44.8325
49.0656
33.2326
29.0301
68.3487
18.2202
73.5401
60.6229
75.3394
53.7782
56.5747
36.9807
38.6701
34.1383
37.385
37.4098
50.215
46.2714
64.7531
34.3288
70.227
50.2852
60.6074
33.6031
29.1674
42.9553
28.9136
53.3203
74.7544
94.5349
95.7478
36.7164
30.189
40.6012
55.0025
25.8176
66.0018
38.1966
40.4443
23.8561
62.28
70.5075
26.4355
35.011
32.9488
29.6843
44.1322
41.8829
29.0721
20.785
31.8931
40.6825
22.7279
13.4312
52.4376
46.5272
56.9705
45.9716
32.552
25.8313
32.7501
46.2632
79.2699
44.0097
41.4556
27.3615
34.9776
38.7161
31.9998
26.1503
70.2537
36.0157
37.8494
30.743
41.2045
47.979
70.9075
43.7061
40.0893
38.5357
23.7504
63.5191
38.3864
44.8043
29.4679
40.6663
36.6503
49.1212
34.4318
35.8921
37.5515
35.9202
37.4981
38.8643
30.1138
22.7208
64.9763
27.9281
10.0008
35.5284
45.5812
28.4185
30.2788
33.4316
47.9264
45.1032
27.7712
37.0486
56.1703
96.0078
29.5238
59.2052
70.2445
37.1174
31.1287
52.7803
36.2453
64.1467
45.6096
29.1093
51.3521
41.9802
47.702
34.7143
27.7904
41.1984
42.4898
23.378
38.7202
52.9411
42.0859
24.5035
37.9738
52.2354
52.1398
44.2912
25.78
55.8665
20.0359
19.1273
49.7064
61.6324
15.5729
49.0606
60.8626
49.5041
39.5308
65.8377
26.6707
69.4378
85.3901
67.0541
23.8652
24.4373
55.9226
75.6595
26.0377
57.8139
42.6215
32.301
24.1791
30.6498
36.6014
38.1054
28.0141
38.5611
33.071
17.6476
45.3879
38.5871
41.6379
47.0913
19.1886
22.1122
33.3128
50.8882
39.0257
41.9181
37.7572
38.1438
36.6589
40.9163
58.7545
18.8899
53.532
47.6082
40.0998
30.473
36.9544
20.9086
27.2098
27.1493
69.0092
37.3495
68.6187
82.3564
69.048
57.9157
19.451
27.9697
29.1465
44.0845
74.697
40.6792
67.7412
21.9462
39.6685
33.6008
51.2238
57.6919
27.0205
57.6829
86.3554
21.1718
38.1125
30.0578
40.1042
51.1675
38.8494
47.1008
29.0581
49.6882
44.5855
25.0808
28.8853
26.4694
34.0172
25.9973
46.7539
24.9928
62.8394
48.8306
38.3657
30.1258
35.9014
34.1127
80.3667
23.0344
40.8737
45.3681
44.1855
79.8201
29.9913
24.6022
36.1121
33.4078
24.6358
67.2692
15.81
39.9348
65.8817
50.0402
27.4278
19.6715
46.4775
36.746
72.4263
68.7608
46.7883
46.6249
50.5493
30.851
40.7308
69.1929
29.447
45.7038
25.1484
69.9367
44.679
56.1965
52.6216
28.1926
52.4054
48.8403
48.9899
59.4365
22.9653
28.4801
31.98
37.8868
27.5016
43.8816
51.5069
35.757
26.3115
54.2223
30.9239
53.6712
44.1644
81.0202
36.118
29.1517
19.1159
28.0342
76.2815
56.0277
20.4375
16.5873
44.3744
38.0599
24.5437
79.0819
40.2036
23.7758
89.06
36.8681
48.5025
71.346
31.5734
31.8761
58.7094
43.7159
47.0812
37.7414
30.9755
53.5433
41.5825
30.2192
68.7801
36.6426
55.0968
46.059
14.0162
33.6062
15.603
31.5212
41.9997
47.8193
43.8893
34.0079
26.8843
40.648
28.0446
54.6871
70.2246
32.545
48.997
17.8521
54.4042
42.3536
41.273
41.4773
45.3274
44.4592
73.7971
34.6534
48.1148
56.9863
44.4014
55.1542
52.2858
51.1978
18.4237
31.1979
44.1201
40.8419
32.3934
29.9594
33.0046
35.192
52.4376
43.5592
28.478
51.9677
47.9904
62.9166
51.6165
63.4946
56.6423
35.6586
43.3701
49.3762
30.3368
17.9461
31.4221
38.1113
52.1131
37.4916
