83.1897
64.7542
75.1357
77.8364
75.4848
73.0345
93.6591
74.5522
74.9161
89.9494
78.5575
84.8149
78.1759
101.2748
78.8437
87.774
71.4984
73.5081
70.9265
90.9884
76.864
70.8664
78.7261
68.1108
60.9335
89.5098
88.4022
89.668
76.6692
78.0593
78.4175
91.3217
73.1272
85.2717
53.5056
84.371
95.0678
96.3699
95.0835
71.0594
78.2884
97.2041
99.3228
86.9052
84.805
85.5057
70.6251
79.6329
68.4637
90.8383
84.9355
73.2035
65.3563
86.0608
84.4753
75.091
87.6324
54.0986
61.172
75.4938
76.7299
92.7807
62.3491
72.7479
86.4264
93.1393
72.48
81.5911
79.1786
60.6294
91.5389
77.3677
96.7566
65.3439
66.3534
80.8161
79.9123
85.0054
95.4736
75.4568
76.8171
99.7105
95.4747
70.3821
82.4546
89.8809
93.6105
82.614
63.2791
90.2573
86.9249
55.6331
76.7299
75.519
93.702
73.5208
80.1014
75.9714
53.8697
74.2747
72.8877
72.943
70.0717
62.7715
82.7251
52.3659
86.6224
93.6412
74.5237
87.1626
86.0015
83.0339
79.3871
83.7338
71.8738
84.0016
80.4995
96.9184
90.5175
90.5812
82.2917
87.6658
91.42
95.3443
76.9706
101.6412
71.9384
86.2516
71.3091
73.8521
74.794
65.6586
51.3441
78.9647
42.7587
72.3787
68.6027
74.7175
78.3424
86.0696
88.6762
111.2074
80.7976
88.8971
82.9025
81.3431
69.1709
85.5796
87.0891
95.7173
81.8573
63.0938
80.4647
84.4812
93.9532
72.1219
86.4867
93.6683
88.6944
85.3472
95.8055
68.8438
94.1711
65.4778
80.7229
75.5819
88.2679
95.9141
94.4137
99.8309
90.6191
104.1506
59.2912
78.1061
58.3283
95.9377
75.1339
74.1698
92.9495
85.4469
94.0163
92.83
87.1752
86.6657
72.9873
77.6658
68.6937
66.4128
73.2637
80.4681
93.8443
79.6327
108.2439
77.2643
86.7513
77.2362
60.3836
77.8234
66.236
71.968
66.2304
80.0459
71.7663
73.7308
68.8771
87.925
84.5043
84.551
94.8535
77.3988
67.4628
76.9132
75.9909
91.8624
74.6308
65.7071
74.3039
77.9669
78.7975
54.6994
79.2232
79.7557
84.5903
77.5125
54.9973
72.3839
89.2087
70.171
68.5617
87.3443
50.125
77.5001
73.0105
72.9338
67.7732
83.9154
79.4466
87.4739
83.6816
84.776
93.6359
84.5316
88.5567
68.0311
80.5023
68.3344
92.6735
81.7998
80.0316
78.1426
83.6544
84.178
83.3313
102.7856
85.9032
86.1091
58.6511
78.1459
75.7517
48.9592
59.8248
74.6016
87.6173
91.2325
63.8923
72.7193
78.7331
52.7872
80.7795
83.2413
85.1849
62.6148
85.753
81.8468
97.3941
85.5909
82.9271
88.4955
85.2634
66.9861
68.7713
51.8844
58.6389
87.5294
82.6465
88.1869
69.1047
79.5758
75.2046
75.4929
66.7821
79.3688
76.4198
81.3924
93.1482
83.305
75.6913
82.4938
66.7556
70.8184
84.6714
77.1767
67.9753
73.6216
85.5337
51.5254
81.9225
79.7187
79.218
55.1392
77.1731
50.5342
97.1944
71.4142
93.1888
73.7404
65.6706
72.5168
91.3132
92.9709
82.2456
67.6602
105.9016
78.5144
65.3227
88.3718
82.8852
72.3277
80.8684
47.7345
108.1588
94.6615
93.9295
85.9983
75.1283
43.6288
79.4636
77.1992
98.5638
71.3368
81.2224
81.0671
80.8577
88.2117
79.0697
99.3547
74.8537
80.2685
74.6937
71.6305
94.5206
87.1817
92.2436
80.0256
99.2063
69.3036
58.6618
88.883
90.4855
87.4556
78.8226
81.1126
95.7779
88.9509
90.7477
80.6864
74.4636
102.0722
83.82
65.5417
115.4379
89.3317
88.8894
79.6984
64.6651
85.7805
94.5485
77.4954
78.4678
74.4875
80.6364
76.6013
81.4774
75.342
92.2635
68.6003
81.3058
102.2701
79.1512
66.1631
86.0665
65.0704
62.6416
67.338
70.3978
87.3634
81.0626
86.6998
81.8852
60.5076
80.8957
75.3728
87.5241
75.6898
93.1992
55.7119
81.8715
51.8479
80.2581
75.7541
95.5119
81.4971
83.9326
87.9423
78.2413
80.5653
70.1754
75.7387
96.3455
86.087
68.3573
88.8138
93.2943
81.8436
71.49
82.2219
63.6915
70.9161
64.5441
76.0707
71.728
75.5488
83.3629
83.2849
76.3664
64.7492
73.6395
85.0609
63.5118
82.6074
85.1421
85.127
86.1835
94.4743
83.4407
80.8377
63.4154
72.2602
94.037
68.3521
73.5839
61.1423
72.2847
84.0974
83.1335
51.5754
70.829
92.342
98.9148
98.0939
74.725
66.1383
69.4419
81.9489
96.5592
74.5928
91.0613
83.7885
90.0522
72.6459
84.3104
79.0839
68.5007
89.9641
72.7135
81.9226
104.9294
51.4214
83.1589
94.0817
102.2127
82.2639
84.8612
90.3424
92.0619
66.477
101.4519
86.3034
88.0563
75.6698
75.2639
104.6042
67.9597
60.8635
76.8966
97.7289
83.3901
62.2572
94.8391
82.9274
80.5098
73.7901
71.4128
78.0085
83.9832
70.4729
83.8857
73.1815
77.9234
82.7589
83.0493
73.7098
68.73
69.2007
90.7884
68.9784
86.4801
83.4967
68.1829
79.8333
64.323
75.1423
70.2693
100.6951
86.9969
77.9126
54.0035
62.2134
70.4506
73.3793
73.9633
45.8062
83.4554
50.9379
83.0968
69.4766
76.4319
97.3986
72.3206
61.9465
84.9793
111.0434
86.8021
89.9408
77.3593
96.6884
81.9769
63.6344
75.6481
55.3331
80.7939
70.7863
97.3048
104.9383
64.7565
65.3741
78.5166
71.5198
72.8873
80.7417
98.9721
94.0211
89.0958
81.7737
79.6308
84.2593
78.4286
87.9405
74.112
68.195
87.4099
74.966
62.9193
57.8773
98.3733
93.605
85.8351
74.0495
73.3544
80.853
75.555
81.6528
94.3929
93.6903
89.4973
80.7233
83.0342
70.8603
78.4323
63.7944
78.9962
75.9824
102.2539
82.6926
97.9423
97.7268
75.6327
67.262
68.6645
87.0843
78.8966
78.2584
96.0312
79.1539
80.1478
65.7677
84.5831
88.3996
70.134
78.1726
83.3606
74.3357
92.2896
47.9206
77.156
78.1869
90.3234
58.0577
72.2757
99.3232
81.2172
77.1821
83.0761
87.2253
89.0987
70.7835
92.039
75.6714
75.734
87.0764
92.6836
76.5844
89.0543
69.7545
75.7443
71.8674
78.2337
68.071
79.7664
72.63
89.171
68.1572
79.2063
62.484
73.9799
82.9918
86.3309
81.7022
53.854
82.9531
93.2629
70.2921
67.0077
77.3533
102.1499
86.9934
77.1628
83.9246
74.6055
74.8697
73.7662
89.2432
63.9371
82.3092
76.0328
68.6577
66.6903
83.9231
78.5603
73.0651
90.6757
64.5177
70.2913
73.0798
83.0783
88.1238
70.771
102.993
87.9595
65.953
81.2297
73.4219
88.7119
78.8751
60.2691
65.5625
76.9644
79.0681
73.7799
71.8951
67.8756
70.061
80.8752
83.2076
94.1527
83.7073
81.2062
79.9473
58.897
80.4909
82.0283
63.8638
63.0375
87.448
95.7525
82.1221
79.3237
91.8934
87.6029
70.4036
99.8195
86.6312
85.4135
75.1714
88.1644
89.4613
89.0315
67.3636
102.0615
105.6948
70.432
81.2052
77.3648
78.6091
71.2305
85.6517
89.0965
64.3647
87.3453
56.1006
79.3457
80.308
68.1766
91.622
114.4505
79.2642
83.7251
77.8578
91.0123
85.5957
77.9784
91.3885
74.1309
73.1588
105.6882
68.6838
81.4762
89.5912
58.8513
90.4559
64.4423
90.9822
62.2063
92.688
69.0807
79.1832
79.1604
65.043
72.4912
80.7982
92.8854
76.5275
55.3585
80.2826
90.8515
59.8882
79.2703
63.5975
66.1781
81.4443
86.958
82.4286
73.8247
87.0917
76.2236
66.9067
63.8891
100.7631
88.6027
60.5311
81.3368
52.8483
62.7528
87.095
81.4901
90.293
93.5524
75.7003
95.4406
105.0364
69.8304
97.9045
64.2478
87.5627
88.8203
72.4493
78.597
72.7804
66.7082
65.6113
54.641
77.3602
83.8788
68.7499
95.6315
86.1639
78.3287
79.9121
101.4694
84.1543
92.9864
81.4383
85.8735
94.9915
50.1195
47.283
91.3879
84.1008
77.0268
78.655
92.1721
62.2784
81.3476
85.0197
95.2036
76.3417
82.5249
91.6147
81.3555
75.6514
71.4497
79.9901
75.4131
69.9342
79.9142
50.5293
80.1555
69.032
84.5206
71.0756
96.6951
70.5621
87.6047
80.3719
91.9968
81.9949
80.5441
76.4511
93.8969
79.6408
80.0046
71.1888
85.7839
101.0327
81.4818
82.7772
85.7585
91.0552
58.2946
86.539
63.732
87.136
69.4987
91.9059
78.4123
85.4617
89.8613
68.2943
85.8405
47.074
85.9854
79.5477
83.5042
88.6771
98.3359
71.2986
90.5166
65.913
79.3845
55.8205
65.4933
76.4068
81.6809
72.8211
79.9252
59.2549
103.7373
77.8643
71.7024
68.7376
85.5079
71.0769
67.4428
88.2613
85.3017
77.0437
65.9731
90.5253
90.5685
92.0729
91.4296
80.2338
79.5451
91.1571
90.6183
82.7445
68.414
80.8574
75.1857
73.2492
55.4071
99.9588
85.9273
65.8826
85.3277
65.8695
90.7399
95.5202
76.2959
90.0841
78.9433
84.0322
63.2877
71.0655
64.6138
77.5441
69.7372
74.9132
77.6442
77.6547
91.4841
76.9165
78.7986
100.0415
76.6744
82.7919
73.0364
71.4065
74.3663
83.0846
72.627
84.2529
58.7715
77.9842
62.9218
64.8883
75.3971
69.9226
95.9007
87.9761
88.2493
74.5488
90.6625
64.3436
96.6628
75.3627
68.7809
76.9798
79.9874
67.529
78.976
78.2706
72.3037
75.9604
76.8661
85.7621
88.5414
86.7807
78.3861
60.0323
66.5671
67.0125
73.1595
72.5284
81.3106
80.5931
77.974
74.696
77.3425
94.6227
69.2708
77.3581
97.116
92.6258
73.8371
69.5247
82.1708
78.8149
77.3033
81.6149
69.5513
93.0276
89.6709
50.738
72.5028
94.0228
88.4418
72.4433
64.4475
80.781
