87.0478
80.1734
82.6243
89.0834
77.0378
82.8687
61.1297
81.0464
94.114
67.4927
98.4306
72.494
78.5523
88.108
88.5663
81.2395
99.2681
90.9884
74.1491
93.117
75.9553
90.3284
88.4631
91.9113
77.5456
89.1069
78.0593
85.6967
94.5776
75.8997
71.8519
93.8671
82.8392
91.5049
72.1893
81.1815
64.1065
88.3706
104.9017
69.5298
74.2693
65.7887
86.6328
54.3552
90.8383
80.1465
83.0835
92.0937
84.5176
85.1226
94.0977
70.5397
90.4131
80.3194
92.1256
93.927
96.88
64.3037
63.4825
79.8043
97.8728
80.947
60.6294
60.563
97.4147
78.2244
96.9101
81.1462
76.2573
68.0919
79.5584
81.4778
83.004
86.9173
80.9232
83.3629
78.339
77.1631
77.6206
77.7342
87.212
91.1683
73.8605
74.748
83.5475
73.6512
94.2385
79.396
73.9833
74.2747
90.2266
93.6951
77.8695
77.3101
68.773
69.8085
88.4788
90.7419
87.1626
91.4365
83.3198
86.7271
92.003
72.5098
97.9545
82.677
81.7772
99.3766
88.7749
95.0423
74.0632
78.224
89.2131
77.5122
99.176
73.9078
73.8521
90.629
98.9951
85.1791
71.8127
54.0739
80.3019
68.9065
76.0118
73.2926
73.7003
82.8385
67.3886
77.3313
88.8569
88.2905
72.7952
87.8165
95.7173
84.7495
71.5479
78.8335
60.4511
66.4135
87.3084
76.2223
70.0798
85.3472
88.3415
72.5372
77.2944
55.8837
89.0514
62.5921
81.6095
59.3008
64.6299
75.3058
93.6149
93.3465
80.1797
94.7342
54.3264
75.7788
70.7078
95.6051
86.6404
75.4253
87.4683
97.8102
85.1966
56.5796
87.7404
78.9109
80.4681
84.4606
88.1497
65.5846
71.0354
77.4281
89.56
62.5274
73.3942
71.968
78.9761
67.1727
73.5707
77.2863
88.1836
75.8157
60.2605
99.4849
77.3988
90.7754
81.9054
82.3795
76.8924
89.159
68.257
61.7209
81.1724
54.6994
84.164
91.3126
75.4992
91.3468
93.3288
66.587
102.4633
83.4556
87.3443
71.0934
96.3742
71.6494
74.1108
79.7646
78.5374
54.3841
68.1778
84.776
91.2019
73.5187
59.4711
48.0347
70.5611
80.9887
82.4686
58.8143
78.1426
86.7472
76.1961
58.4729
75.3038
93.2314
72.4652
84.3609
90.8583
87.6874
82.9445
86.5549
71.154
55.1267
76.1896
75.9238
79.4556
80.2004
83.2413
83.1362
103.0177
79.2328
80.028
76.78
64.9985
94.6094
85.5777
93.2164
68.8134
99.0555
94.4635
86.0907
88.8275
60.1094
84.4739
93.5605
75.4929
74.0581
74.2365
84.14
58.1127
60.9546
77.9003
79.0596
98.3294
70.8184
87.5034
70.372
51.9227
95.4993
75.0396
100.5543
86.5337
59.4907
55.1392
67.0467
88.1886
89.2739
70.501
77.5256
112.0962
89.2438
100.8381
94.6091
87.8013
81.4253
100.4283
68.1296
79.6989
86.6538
63.3323
73.3659
93.2635
77.2485
70.2677
67.3628
79.2211
85.7058
79.2817
77.2766
114.8073
71.3368
68.8317
69.7941
84.6901
95.9193
75.4227
75.5241
116.39
60.2055
71.6305
61.8843
88.2539
91.813
96.3442
98.5277
102.5838
94.1026
77.507
87.4556
75.9862
89.5684
92.1416
76.1032
94.834
88.7498
88.2242
87.0519
98.741
70.8476
89.5231
89.1963
85.3973
71.4035
67.0124
90.5086
59.3793
88.5318
75.4268
74.9792
83.7932
89.414
77.6593
62.2831
63.7404
93.1607
59.6988
82.6546
67.3089
85.5681
69.6739
86.3633
109.5579
62.3248
70.9497
60.5076
77.137
78.168
96.067
74.7976
88.1801
72.835
89.1472
89.8837
75.7541
83.5247
84.1234
62.2292
87.8987
74.6056
80.2878
69.0856
73.6642
86.087
76.5518
97.1448
78.0119
75.7332
98.3271
69.0303
72.0187
83.7795
76.0707
89.1721
96.8303
74.4256
61.4137
90.5445
89.7004
69.7237
84.305
56.2572
65.032
84.7164
70.896
79.8261
88.848
76.1452
85.5005
90.7797
68.3521
92.4878
71.2295
78.4579
88.9337
94.6945
80.0196
78.8459
95.9079
98.0939
84.7593
61.4245
79.9256
96.4082
77.4524
65.7031
76.2964
75.8803
72.6459
64.177
74.0125
79.6694
76.4693
70.7117
75.7217
69.6339
88.4935
94.0817
92.7111
86.6466
75.4673
87.0276
91.7593
83.2418
90.6934
55.9935
75.6698
100.4765
73.7777
78.0352
106.3255
78.2591
75.5555
88.5468
82.8276
88.3312
92.8457
98.7971
76.7508
79.2813
72.4515
74.7653
73.3252
73.993
82.7589
80.589
78.0053
98.8154
82.6683
90.8983
66.7205
79.5914
95.8716
79.8333
85.9914
85.0037
111.5953
96.1958
93.7624
97.7693
78.5663
89.0047
90.4663
89.7399
79.4907
87.5967
78.169
94.7257
77.5652
86.3243
64.8959
68.4165
62.3233
81.7707
80.4675
89.5652
72.8279
80.8669
80.4302
62.5958
55.3331
76.0095
84.7681
68.8645
67.4783
88.6851
87.2574
80.4814
74.9936
80.7417
85.5556
90.6422
74.0736
89.4415
87.9734
84.0577
67.1506
76.0856
68.195
73.5111
99.1844
81.1498
80.5002
75.1415
86.1133
77.5751
89.7069
96.7282
91.5029
99.3191
58.0158
91.2914
67.9448
68.3798
61.8025
97.5072
72.5256
95.6131
74.3113
76.6056
80.7098
79.5899
83.1433
89.4265
82.6365
87.0843
88.7153
87.7289
98.0085
89.9369
71.0887
72.5131
78.0174
87.7381
78.1726
93.1404
95.2727
96.1731
69.0703
78.5117
83.8654
54.7432
81.1921
99.3232
95.0699
55.9457
68.1432
107.0435
74.3403
69.3453
76.8524
81.1057
67.6589
85.2458
50.6477
78.5844
92.3875
77.7646
89.9404
94.5863
85.7454
72.63
83.2891
73.7148
88.4529
78.1543
87.6125
75.9067
55.0317
81.6029
84.9142
86.6481
68.0484
88.0558
69.3059
96.687
90.4943
90.5404
77.8461
74.8697
95.116
79.9275
86.6924
88.232
76.9259
89.7951
89.4261
80.8572
73.0651
70.8676
90.3772
77.4835
92.6958
81.7472
75.8071
92.4185
92.998
65.953
80.0408
72.9004
70.7731
89.9489
64.3019
77.2916
90.3988
96.1176
70.6213
84.8566
73.1241
84.0515
91.3226
88.2434
79.0535
74.302
82.9069
80.4909
76.0814
85.0688
104.9943
70.1125
86.8436
81.3493
70.4468
67.6789
94.5838
89.1996
94.4468
84.2768
75.3356
60.6427
61.5001
84.1655
86.8474
105.6948
84.6244
87.3529
71.3701
86.3343
63.6597
58.6972
85.3553
101.5346
56.1006
75.0228
90.6146
71.2363
97.2461
83.6678
97.7444
87.9444
97.8263
85.8211
49.3211
85.2394
72.7695
83.0325
87.8227
86.3595
90.5395
99.4504
63.9807
64.8892
94.7885
96.1925
66.9554
78.4636
85.9253
72.6821
82.8326
87.3695
82.0396
94.2876
51.3212
102.1241
102.0025
71.015
64.7341
80.8864
81.4443
97.7774
74.1803
84.9103
78.2449
80.07
72.0523
86.3169
88.5506
86.5732
94.2614
74.383
81.3232
87.3393
74.1966
85.78
76.3108
70.2515
105.0364
72.2154
85.5401
60.7878
75.8538
84.952
81.4795
77.0417
55.6064
86.351
94.1463
89.5331
83.4766
80.6665
62.4231
78.1599
72.4204
80.4336
93.7978
87.2601
67.9421
80.5192
72.2887
80.0978
68.9581
94.1545
92.8908
65.0938
50.5513
73.286
84.3596
80.8349
93.4605
99.2543
72.7317
81.103
75.6514
88.6048
78.2912
88.7812
70.1452
82.2756
95.9239
80.5517
93.0452
85.8927
72.2557
77.0882
89.1431
90.2362
90.9646
76.6008
66.9654
77.8469
79.6408
81.7338
89.5618
73.4696
85.8236
79.7353
89.592
69.5861
74.7473
70.4349
85.5484
62.2541
90.8049
53.7755
92.0887
75.4129
86.9342
83.2908
47.074
75.912
91.2907
81.0897
73.3029
70.6336
89.8512
80.376
60.1501
92.6532
97.5394
80.411
79.4781
79.8436
63.5486
80.5323
72.0341
63.1597
82.8674
64.1474
85.5505
72.6972
71.8779
84.9845
83.5645
79.8997
82.4247
91.2627
76.1912
79.6404
90.4105
90.4933
68.6727
83.6973
83.6729
82.1398
73.2492
78.3951
78.2243
86.6572
73.2186
62.1225
94.6557
72.0977
93.0766
86.6604
69.4724
78.0595
95.1883
97.2966
98.8624
58.424
68.4865
71.7931
58.2541
83.1982
83.5403
79.2821
75.4845
84.6195
80.655
84.5224
89.9837
83.0846
75.106
75.6838
78.3109
88.2776
85.051
83.4059
72.6737
93.1274
82.0312
89.0708
64.846
81.3043
78.212
80.7235
72.0077
76.0157
73.1934
84.0692
55.203
73.1195
88.0476
75.9332
102.6504
72.8249
59.6059
84.2955
60.0323
100.6247
83.7298
62.6713
89.1976
74.3662
61.9716
74.5603
83.8405
94.6227
79.6919
77.0125
72.9326
85.5717
104.612
74.6527
109.6651
81.7886
81.6149
68.2727
88.6099
81.7403
90.5093
83.116
87.3615
87.4946
88.2502
80.781
91.0475
89.1594
102.3326
67.0095
79.8911
83.4551
80.2223
79.3115
98.4961
79.525
87.8941
92.8387
91.9317
79.833
75.873
100.2474
99.1578
78.3057
88.7862
49.2149
62.3084
76.3447
78.1546
78.7318
72.6965
76.3834
71.1437
59.5151
75.0551
90.0743
94.5923
100.8483
68.9034
115.6562
76.877
65.0085
74.0357
82.9464
73.8457
90.051
77.0124
76.9121
84.3924
86.8117
64.5235
81.4828
56.3992
92.1954
81.3052
68.1657
67.6653
92.7247
75.1103
82.7585
97.0908
76.2049
98.0192
90.7558
80.7693
92.9833
76.2925
97.9131
91.9234
84.9696
82.2315
88.1372
72.3599
84.5229
69.9792
78.4179
88.9486
93.0388
64.0955
84.1751
90.5928
78.6557
95.4922
82.6069
81.0167
78.1298
79.3289
97.4842
81.3704
74.5057
76.7679
93.5856
83.3097
94.0615
88.913
71.3938
96.7298
89.042
82.6259
72.2914
90.874
68.9158
78.8793
75.5788
88.9637
73.6181
