74.0104
78.6909
62.9675
62.2377
82.6243
61.0845
85.8817
30.8646
43.8775
56.3578
62.4617
31.6208
70.773
100.5536
45.7356
50.5223
39.5765
90.8294
48.629
107.6193
63.8139
44.1432
39.1727
57.8385
69.4142
79.7806
88.3505
63.3516
54.8648
38.2044
49.1697
20.0311
43.2959
67.8303
46.18
36.0271
62.9754
52.9945
72.578
64.571
23.3161
64.8818
34.4486
61.7551
68.8821
67.7775
47.8926
75.4953
79.2752
66.8772
41.5952
53.906
68.3189
42.1831
59.5648
43.0131
58.79
51.8626
36.0469
50.821
69.3422
59.3414
30.7346
68.971
42.659
37.4313
30.8983
66.7194
60.1643
70.9537
51.5128
46.4713
25.0606
50.8517
47.5335
53.6214
34.1839
56.7219
27.7123
75.8246
79.6571
49.3144
59.3557
64.8011
40.4745
66.1211
52.5176
86.4547
64.6695
43.6038
31.7686
46.9645
48.1817
51.8856
52.4675
53.8364
84.3062
39.0648
36.8014
76.9536
45.692
39.8383
80.152
81.8109
56.0357
44.9254
48.5315
84.2336
64.9692
93.3813
31.3387
69.6581
93.8295
46.9748
47.9181
48.4708
32.6084
60.63
29.6709
60.0156
78.0473
48.5575
68.6632
47.4194
60.5257
52.107
36.7715
65.5355
43.3427
47.9155
86.5036
37.9875
53.0735
52.1926
69.2883
68.1333
43.4616
55.2753
51.694
62.4041
90.4769
77.5707
69.0735
70.7316
46.6586
44.2729
17.3897
54.1895
64.1062
65.646
71.2172
47.9079
44.3752
68.4785
31.9688
54.7548
47.5782
38.1695
31.819
65.7683
68.7265
67.1939
38.8842
59.8051
40.4
66.0036
84.8005
45.9287
49.1222
70.453
43.6226
51.5534
57.5187
79.8323
39.6634
46.5174
61.0196
82.9102
31.8039
53.4822
68.9993
24.9649
67.7727
51.8872
57.3065
52.9236
51.5395
77.4641
69.7722
61.3574
50.5714
34.6012
32.7577
43.9508
97.3816
68.7339
31.4954
55.3713
46.3391
38.5446
53.5131
43.9445
37.4131
51.9169
39.7684
66.7557
78.8608
74.5837
31.7302
53.6424
41.9515
68.2483
48.7274
42.1536
51.4435
63.6694
46.6036
78.1568
39.7619
61.45
36.7567
63.1547
41.2519
81.5356
64.6122
35.0587
47.5826
36.675
50.3447
70.112
38.837
75.1671
48.0418
35.7393
76.509
51.5168
73.2289
57.2295
55.0906
76.747
38.9179
45.2118
40.5769
49.6964
64.4237
53.8737
47.1913
49.1422
66.9628
47.1968
46.3934
48.3687
33.0066
27.0741
50.6013
66.7101
75.3339
25.8024
56.3619
33.5624
52.8794
57.1914
91.3409
69.4033
47.6129
74.3656
40.2174
56.7245
88.0254
30.7705
41.2597
62.4663
63.188
67.0749
85.8982
50.4579
55.7987
40.2859
83.1128
48.2737
39.973
70.5187
59.7673
49.0811
73.3082
62.4159
77.9908
60.7613
50.4653
48.2611
30.089
95.1936
48.6222
47.1113
56.8819
37.2616
61.8803
48.2785
37.4674
61.5122
73.9631
64.452
56.2526
52.0682
69.4326
31.9586
44.4243
61.5142
75.9991
56.4929
54.6187
87.9773
66.6389
40.47
87.8764
37.2092
58.7406
48.0465
54.4559
34.3443
58.0444
37.622
57.3769
47.4691
73.5772
34.9635
52.8302
44.7152
43.692
75.2294
61.1854
63.4019
48.8492
63.1036
66.8246
53.0067
66.7056
76.1599
82.1993
45.0677
78.2592
75.8205
64.5728
66.6591
71.9712
67.0508
92.9718
47.418
45.6861
57.4024
72.1325
80.7143
45.8347
72.3857
42.3884
32.072
63.5984
39.7157
41.3103
66.0584
49.8841
43.6173
45.3086
48.0902
80.2984
109.7346
35.2844
47.6401
46.4386
53.9092
96.9615
71.8648
32.6888
36.7851
65.1758
45.8543
80.2636
50.0191
76.7308
60.6295
39.0885
37.6818
32.5427
48.0422
46.4594
45.9029
35.6049
58.5087
98.048
30.5842
67.7811
30.0946
86.699
53.2421
83.451
49.5255
92.4697
49.4616
38.7315
76.5942
57.61
43.5381
23.4735
30.7664
83.0359
33.3484
87.1459
32.6649
86.9051
32.6446
48.5395
38.7161
76.2437
61.4826
68.9126
75.6119
57.4582
74.9754
69.5688
72.3464
33.9797
70.8474
28.7542
56.4832
66.6724
71.7064
58.1149
60.8838
52.8016
47.8541
75.8803
85.7518
80.1372
80.2266
74.8193
70.5947
44.7252
60.5906
55.5755
65.8135
39.032
74.6102
72.8824
54.9328
60.3581
34.5766
55.5481
65.0982
49.6664
46.8476
44.302
60.679
51.632
32.5667
60.4648
62.8966
50.0368
36.1305
41.4544
50.5174
54.3944
71.0909
69.8272
55.4359
33.6476
44.9541
88.5309
66.1273
72.5127
36.2453
79.1393
67.3386
67.5499
52.9194
63.3436
69.4181
84.116
47.3871
52.8962
61.8004
86.4192
48.8131
45.7264
61.5484
38.934
51.5138
79.3615
53.9795
52.3695
53.6513
75.2152
80.32
45.5925
67.7746
42.1227
36.5958
43.4195
31.4985
68.9621
54.5798
77.1893
34.9027
47.8393
52.4403
24.6235
40.5534
78.0877
79.2323
51.6877
72.159
44.1505
58.5036
35.5493
68.6091
62.3963
62.4624
66.9539
66.8455
44.9583
45.3817
22.6137
54.9641
84.9336
64.8299
83.2476
63.964
74.7584
33.6149
39.9023
57.4387
58.1079
47.7825
54.8749
42.3117
42.267
69.8952
77.4158
53.4498
69.7628
55.8214
71.4432
62.0575
54.4775
56.095
40.4185
57.7389
73.0916
42.0287
26.1028
47.6113
37.3529
50.8333
90.5323
56.2189
51.4256
47.477
71.6703
72.1065
74.5732
53.4101
62.5923
71.0919
66.775
71.5343
70.2749
70.0708
84.4324
69.7002
39.8059
50.8888
82.4835
71.0547
41.5346
89.0284
54.5711
81.3437
67.2769
61.8795
49.7336
41.6485
20.4328
46.3487
45.3791
88.9396
53.2863
43.3084
49.6319
55.083
52.7769
58.6628
42.02
55.5724
53.9365
51.9382
52.4714
45.4549
83.8081
41.4349
43.9785
37.8376
49.8623
77.829
82.001
55.8395
41.4572
66.5468
44.6058
61.8423
93.0258
88.9105
40.8204
45.7822
48.7732
46.3821
68.9687
55.9823
45.4534
36.9057
81.761
63.992
36.4821
62.3771
52.0363
40.6774
29.8101
59.9393
46.006
39.1438
72.7515
86.1994
34.9853
62.6094
35.4986
54.8273
21.7323
38.2686
59.8987
53.7346
51.9907
59.2396
55.08
38.199
42.165
61.5826
67.9852
54.8055
72.6339
47.9748
45.3008
77.4951
64.5847
55.5135
51.8506
59.3423
65.28
72.6281
54.4514
35.6966
64.7725
72.5244
41.1819
31.7551
58.6291
79.6949
78.1434
61.9828
45.2518
65.3868
68.1614
61.2958
97.0639
61.4639
71.5728
50.7087
37.923
56.4055
53.9198
35.8353
50.1158
50.6208
48.6718
34.0497
52.9972
76.6781
46.423
51.2883
59.4012
41.9972
68.4055
42.5705
77.0585
85.6791
84.1712
45.0936
84.0002
40.9246
70.1878
57.8284
56.5937
92.8673
74.0235
72.8701
43.8917
89.9324
37.8672
42.5219
78.7614
64.4843
30.4761
33.4126
66.2364
34.1415
70.5955
29.7689
34.5402
57.4343
63.1235
84.3227
30.7224
86.1785
75.7457
70.2002
32.0536
48.5466
65.875
50.5693
81.2658
45.0357
54.7334
38.3837
63.3406
51.0815
69.3381
64.0429
52.3958
39.8748
46.9082
45.8862
78.1444
49.2845
96.8339
27.1605
46.1523
32.6586
44.7475
36.7591
42.0406
40.7333
46.199
30.9376
57.5732
69.1194
88.1566
55.1833
42.0055
40.0191
65.5646
46.0543
68.4554
84.025
42.0205
67.2111
58.585
55.6022
58.8989
72.0648
46.8928
31.76
69.422
87.4964
66.3913
57.1599
57.4507
88.4447
73.091
47.4166
28.4698
61.4008
58.7219
69.5498
75.0926
63.0564
26.7446
40.4298
51.9568
48.1145
41.6376
34.617
35.5917
59.0463
78.1096
63.023
67.831
41.472
52.3195
29.1005
35.7852
35.0436
56.2908
40.2956
67.2523
50.392
65.7923
53.7338
74.6519
93.2605
58.8115
67.7609
69.5285
79.8083
45.8532
47.9742
37.3807
70.2034
35.0776
88.0948
60.9893
65.4022
66.4214
46.9409
71.4459
53.7438
77.3895
62.4421
89.8366
70.6689
38.0391
34.7216
85.9153
28.0311
57.2987
96.1656
74.8539
75.394
62.801
21.5729
51.6327
73.6361
53.3685
63.6443
75.9892
59.5131
19.5333
94.8222
48.9976
65.1996
52.5691
65.7012
69.7544
49.1915
32.0753
60.2249
47.9949
42.6773
53.6722
43.0757
75.727
86.9421
35.1167
58.8538
71.0772
28.3457
74.1315
41.8216
40.1971
98.2953
81.2991
66.2682
30.265
77.5574
50.4628
80.9083
84.6974
44.8688
42.2946
55.0519
74.5215
48.6686
18.7968
62.2284
67.1977
40.1321
42.7269
76.6224
37.4025
82.1815
56.4925
88.1754
63.07
75.0085
47.6727
41.1829
58.1792
45.2291
33.7486
33.943
35.1121
80.6773
73.9667
83.681
68.5028
31.7143
68.1836
60.4962
57.0602
55.7002
35.441
85.3851
68.9812
73.7214
48.4502
44.0575
58.1937
44.4901
65.8055
68.7861
69.4456
99.0836
59.265
43.3646
62.131
75.1138
32.1535
55.4582
32.2093
59.978
62.7628
24.3338
41.253
69.0859
72.4696
67.9089
49.7941
71.7694
49.6062
53.8488
52.3175
42.7442
28.1309
47.4126
57.255
41.0488
33.5919
48.4249
23.3857
52.502
60.6239
93.1663
50.0879
58.8816
57.37
48.7812
27.9556
37.9883
66.7324
83.4714
92.0739
64.2616
52.0521
56.344
55.2461
44.1901
58.5192
84.5855
46.3155
77.8164
51.5408
35.5581
65.3103
52.4008
18.7268
79.5449
74.4867
63.3123
61.2984
31.5914
49.4709
61.2968
50.7053
49.5845
72.279
68.8902
61.4422
78.5014
48.2352
80.5903
61.5372
45.5015
60.9732
51.2298
69.336
49.5907
45.9976
64.8053
57.8726
62.3226
24.1865
63.4809
39.3725
38.8572
