75.6933
49.4276
85.8293
79.4726
83.4697
56.7992
71.0402
81.7925
49.9754
83.4213
77.9259
90.3049
85.0796
82.0677
68.7736
70.3899
66.5869
75.3378
73.1714
81.2395
75.2967
51.9208
85.1904
54.3196
96.3971
97.4863
72.6871
86.0195
53.8707
63.7363
54.7344
78.2163
85.7434
92.8768
68.0268
91.3217
83.7486
68.3806
77.4794
84.655
67.1928
88.8686
75.1437
75.9111
99.0884
87.4254
73.539
63.3499
77.879
84.3968
78.5287
98.7126
84.6263
72.7267
73.0382
67.6818
90.314
79.5006
79.0161
83.1537
80.3745
71.9134
75.091
61.6162
48.5779
90.4671
83.837
69.3538
57.7452
85.2678
72.3535
64.0479
47.9446
58.1036
81.3101
81.9776
54.868
91.3281
53.6736
104.2409
77.3677
71.7816
101.269
95.385
53.9586
87.0354
72.3631
69.5844
62.3281
59.721
76.4433
65.2467
81.8515
79.8014
83.3629
82.7744
59.4622
83.7936
82.614
84.9544
65.0498
69.225
82.502
70.283
72.701
77.4993
81.1959
73.5208
85.7726
93.3873
85.8481
67.0944
79.2431
56.8106
64.9305
78.7391
67.4195
75.9759
58.5214
73.0172
75.3271
49.0919
101.6324
79.6782
91.4365
58.5601
83.9815
56.1796
74.8387
95.0255
59.1569
79.7143
69.8166
88.7575
48.4491
43.2574
86.2007
72.2949
70.3242
78.224
85.4368
71.7427
87.4589
75.454
70.7563
82.5429
90.0256
65.9175
86.5334
91.5273
84.5241
82.5547
98.4213
86.4275
58.8853
66.5312
69.7681
89.3944
63.4782
89.1945
81.5076
60.7979
75.9577
101.8438
88.2905
82.8142
93.0033
79.4722
92.6711
84.7495
79.1091
65.6442
72.3635
80.5518
75.5321
65.7534
76.0245
48.6422
71.7246
84.7876
85.895
91.9633
85.9194
62.0144
89.7735
67.4399
73.765
84.2991
81.0252
75.7897
79.8817
101.1723
63.781
54.0668
64.4102
75.816
94.4546
81.0712
82.8916
76.7725
79.8848
53.2634
85.1382
78.6319
80.299
82.8481
76.6436
97.8078
86.671
70.391
74.623
82.1253
59.2147
55.6287
74.9093
79.6327
60.44
84.7581
96.6605
88.5367
84.675
58.501
67.8639
79.7442
71.968
85.7355
65.8301
93.8639
79.451
82.9243
73.4599
75.2275
68.0331
75.7355
99.4849
58.3719
63.1382
80.2491
89.5664
75.9497
63.3494
77.9875
93.9484
85.7055
77.2036
73.3633
76.6797
76.4998
77.7048
74.5121
68.8365
77.4567
85.2051
62.2048
69.1763
62.266
100.4535
73.9627
61.2305
73.7822
73.6321
52.4845
72.4239
71.669
70.1863
60.8155
60.5388
88.2081
80.8096
80.7412
70.7455
68.7146
74.0783
87.427
63.2843
66.0661
67.2717
88.8836
81.7998
83.2271
93.0333
58.0521
71.0371
72.655
90.8748
76.3177
62.6023
52.5344
69.2609
88.8649
88.0802
86.821
66.2888
59.6464
86.5549
65.5962
69.6905
92.6633
93.7247
75.9238
70.0369
66.5366
54.411
66.1523
83.5305
72.2039
69.326
65.7539
73.493
45.2445
69.2693
93.7812
75.0075
59.9317
85.1131
75.0547
55.3598
67.3339
77.8514
69.947
62.0571
79.0481
91.8618
84.3604
55.2077
85.4697
73.3313
110.8845
67.8002
64.1018
79.8404
74.7778
99.038
80.4221
69.5614
81.0347
73.5809
94.7313
86.891
71.317
76.6156
73.6216
66.333
57.0483
100.5543
91.7122
71.5148
68.0748
94.2205
86.4162
81.9821
57.8962
73.0946
79.5085
74.0139
68.1732
72.4863
95.9471
92.2098
85.3091
81.8703
77.7458
81.0683
65.365
74.1102
92.3634
58.4176
68.7882
72.3277
64.5459
82.9884
89.5586
61.1662
81.783
65.5129
81.6343
75.8492
65.3594
82.3932
66.3356
87.3837
90.2422
71.7526
70.4595
69.7941
84.8148
81.3633
85.4169
88.5757
72.6342
82.4664
57.7904
94.52
84.5136
56.2337
68.205
71.72
63.2613
65.4241
95.8882
89.6075
81.4479
74.4473
83.1075
87.4556
72.785
64.4628
71.0756
90.391
66.14
63.4984
86.8862
70.19
102.0722
83.9262
54.2899
56.5094
52.7234
61.1594
66.9225
64.6069
85.0974
50.8879
64.458
84.0764
77.4592
86.796
79.26
83.1436
75.135
73.2275
85.165
76.158
77.6369
69.3648
81.9266
96.5182
64.8692
75.1135
82.6546
54.3083
66.8669
73.2278
69.1237
47.0015
88.9287
80.6254
66.6355
83.3125
86.9313
88.1404
74.4375
82.1209
67.5973
58.11
90.4315
61.6064
81.5907
68.1264
87.0751
61.7994
72.5056
81.7667
62.4398
63.6694
86.82
64.8787
79.5299
83.5023
90.6564
66.3788
88.9066
69.8942
83.1654
97.1448
77.0998
57.1595
70.0507
74.5377
90.9695
92.8058
66.3131
101.2229
85.5981
72.1233
64.1565
66.85
73.5138
75.3146
47.8001
71.3434
77.0191
98.0736
82.5399
85.7949
91.0243
81.5884
88.9889
85.1034
60.9633
70.9236
84.3231
90.9269
65.3558
72.2274
72.9719
73.0817
90.3167
63.0595
79.0004
91.4597
93.1758
92.1193
78.038
92.054
82.6487
75.4232
45.3262
88.4294
92.7502
75.5174
52.8383
79.5241
85.7567
75.7819
79.1346
67.8701
80.6629
73.9142
47.4162
93.0653
72.4143
58.2149
49.2829
62.1943
74.1614
86.1531
60.7107
86.161
94.0817
73.7199
72.021
77.9134
105.4052
78.8499
57.6777
90.6058
79.3944
86.3034
95.0456
66.8424
61.7053
63.3249
74.6965
76.622
82.4523
59.1543
99.9009
80.2324
106.8328
85.0562
59.5567
86.2522
76.1223
73.659
87.3217
77.3445
63.6711
86.7656
88.2309
71.2974
62.4812
79.7437
81.7946
50.7511
72.265
85.3098
87.339
85.4925
72.0649
72.6059
78.9143
53.8522
97.7101
98.7876
66.2119
57.0045
57.1334
64.3533
84.3918
58.5862
64.3071
95.7464
98.3748
91.0485
74.6697
68.331
95.7374
65.3785
77.8083
65.9637
89.1637
69.4766
50.4883
79.5962
85.9793
75.2349
90.6335
81.1342
83.4436
73.9187
100.574
79.5808
55.024
67.1652
55.1557
74.7681
84.5019
61.6337
62.1054
72.9269
71.6139
66.8984
88.489
70.8193
89.4473
70.8309
70.8289
86.561
95.1018
80.5133
77.4784
74.5904
77.2033
85.6549
77.9393
40.008
42.1018
87.9405
83.4828
62.9508
80.7785
70.549
75.7392
78.4205
95.6723
74.4236
79.3081
75.2002
51.5132
87.9887
83.3517
90.8092
83.9145
73.1872
78.4213
85.6867
77.5355
83.3682
87.3722
50.3997
99.9985
88.526
82.9896
47.5277
73.6388
61.2581
57.6993
75.8406
82.9343
94.5771
82.2065
78.4866
91.1272
87.0843
84.8592
71.3446
82.2773
86.143
71.1763
69.5797
51.9725
75.4247
66.1717
81.6602
71.3269
82.7561
61.081
91.6627
39.415
74.8046
70.8774
78.1869
70.4146
96.7448
63.4387
72.3593
91.8838
75.8911
72.6244
86.5677
79.2617
53.0922
78.4938
59.5878
47.7349
87.8932
70.7459
75.7595
85.2458
75.5415
93.3015
64.7688
82.6009
62.1254
74.054
74.8006
57.7542
81.4426
55.3253
90.3144
68.0194
67.4398
87.0956
91.2804
87.2233
69.2534
76.2881
81.7022
81.6029
69.4703
72.662
86.6147
86.7607
49.4504
49.464
70.4718
86.9934
76.5969
71.2484
96.4961
99.3478
79.108
90.6715
76.5673
89.6592
83.8174
63.2605
79.1451
64.4885
49.3929
61.2743
71.7703
56.529
62.7434
58.7243
64.0441
79.7634
63.2959
81.7472
74.9764
90.8587
92.8005
74.8036
89.7324
84.8032
82.379
75.5882
64.4825
89.9489
57.1652
67.5862
76.8883
79.0681
91.0839
87.4134
70.9072
91.4617
72.3449
71.8562
83.1155
60.3036
73.2781
73.1721
65.1854
57.8079
89.7323
85.284
65.9119
63.6126
63.2324
87.448
78.9505
71.1661
65.2841
65.2329
71.5994
79.8701
88.6236
76.5627
67.1632
55.7912
39.8265
86.4613
71.9278
65.4441
78.9562
74.7532
99.589
90.1886
87.0795
90.6206
71.9533
80.3861
57.9527
76.8109
69.3752
93.2017
48.8881
85.9367
72.2289
79.7004
46.6939
65.8277
71.2363
69.0518
61.4797
84.9983
83.6447
98.784
70.3767
68.4494
78.4378
86.4856
85.2394
88.0524
71.5564
77.466
74.2789
79.4698
67.184
85.8336
75.2525
71.5195
64.8892
74.2382
77.4783
82.8745
83.5665
66.1884
87.9933
113.4289
79.4642
72.6285
55.5821
71.7805
94.8758
95.3044
67.6849
71.956
70.4109
85.5067
56.3468
56.8589
51.6382
88.5567
69.8824
80.535
76.2848
66.9882
76.4905
79.661
52.459
73.2271
77.838
78.2337
54.4244
54.0542
76.8825
71.6647
63.1237
75.9745
80.6189
78.5103
68.0496
66.2145
67.6286
73.7711
77.1027
64.5424
75.3935
72.0797
64.907
62.7915
61.0564
77.2872
55.1773
91.2625
77.8672
87.9561
82.751
74.0302
85.3211
87.624
78.265
57.9552
70.7081
75.5884
63.9835
40.0785
60.5582
74.5065
60.2207
66.2239
87.2981
88.9587
66.5436
50.1031
75.5703
54.218
95.147
85.2841
77.7158
78.3907
61.5448
81.0679
76.7076
60.9423
68.8983
96.5005
72.4241
66.6134
77.3204
75.5884
77.9729
72.5203
93.1456
75.9774
81.6348
79.0254
83.2309
89.2007
84.1649
75.4375
68.0211
49.7054
111.0795
89.6817
59.1971
78.1269
75.9221
85.6497
62.0533
68.2968
77.8469
99.1065
59.8215
56.7965
62.0265
80.563
100.3647
93.2241
85.9133
86.9578
68.21
72.3648
79.1836
59.6098
89.1871
79.3182
78.9314
91.9059
95.1804
59.5746
69.3726
89.1646
62.2606
77.9875
82.3961
76.5189
56.6498
64.7532
79.1534
102.4848
92.6627
52.0445
74.1553
63.5401
86.127
77.2407
76.722
79.7244
80.143
84.4922
94.1963
104.7961
81.6639
52.1767
43.0324
71.2874
