79.4139
66.0424
77.8252
82.6243
80.9534
104.5597
72.6221
73.7357
76.5787
65.2228
80.6273
63.4453
50.5828
76.9056
91.7062
68.7736
43.0567
90.3624
79.0493
81.3019
82.7758
69.7705
78.9206
87.0058
70.2001
66.9148
92.6518
80.0174
62.588
75.4965
44.3959
87.3091
84.8769
62.8684
73.4347
57.4854
86.2003
50.2931
66.3933
78.8359
75.935
55.1166
73.9225
78.4408
51.2768
67.8213
67.0213
73.286
57.4574
73.5066
59.7225
69.4538
60.7338
79.1525
64.5423
71.0603
64.1296
70.6166
63.2392
74.4669
46.3695
91.37
72.8429
67.5031
88.5701
72.1371
86.588
69.7681
66.4602
55.6645
76.0896
65.3706
94.0362
64.6121
73.4169
56.5481
83.2962
55.1236
77.5905
78.4821
85.0243
74.8811
80.8369
85.7198
61.9049
72.0673
81.2427
78.2244
79.39
92.7476
62.993
63.7304
49.9629
77.2083
58.2468
79.0999
74.4385
46.9391
66.0304
57.8812
61.4177
69.6414
72.638
90.141
79.6582
98.2924
73.6318
84.9159
56.9774
41.655
83.0209
61.0513
95.2048
44.2736
61.5061
64.087
72.6515
91.3017
65.311
74.2747
76.3468
60.8735
35.9748
54.8033
65.9741
87.2499
71.7224
70.5587
58.0447
72.9241
51.3575
71.4942
98.0705
62.1883
82.5034
87.5723
75.907
56.3601
87.6473
51.4078
72.1036
61.8481
64.7764
77.4846
68.2901
70.5113
82.1474
77.5617
77.3243
68.1923
73.9725
81.1242
73.8451
49.8587
71.9074
73.8521
86.494
58.3289
75.1055
58.4519
86.2047
65.6995
92.3443
67.0544
68.9088
51.6421
76.825
73.7941
69.4593
70.09
77.2861
78.4521
76.7394
39.4433
69.9499
60.2966
90.35
60.6572
84.0414
75.6546
55.6749
79.2095
59.983
79.2915
35.8153
88.2333
74.3177
79.7939
26.7769
52.8465
65.8953
53.1833
78.0666
52.2432
46.641
86.8026
75.8387
51.5461
41.7149
54.1814
91.8225
68.3312
66.6545
46.7681
75.1452
88.1614
82.2953
60.748
88.2677
83.6016
71.3921
70.3093
70.1388
77.7177
65.4352
74.9549
88.4953
75.9204
60.5803
82.1844
83.8551
110.3902
80.1781
66.4519
82.1135
87.0354
85.6479
81.992
78.1217
72.5693
100.6954
48.136
67.789
88.2166
74.6366
72.2707
99.5324
78.2978
60.7164
71.968
50.4707
66.6477
111.7524
84.0643
77.7661
64.4087
80.1477
80.0328
63.3951
86.2767
75.8967
77.3988
58.3316
61.5948
61.1052
56.5431
100.8701
65.0495
82.7736
82.4131
89.5233
83.9031
86.0613
54.6994
83.0036
52.6644
76.1462
94.7825
66.7524
66.0828
96.533
66.7088
95.353
76.257
74.602
81.8264
67.5378
74.0579
73.883
64.399
67.3392
52.5484
72.4556
75.4084
60.9455
72.5361
60.3015
65.2961
84.7498
84.2374
87.5482
59.4711
91.199
109.4444
62.4652
84.1082
58.1196
79.891
59.3999
71.1726
62.7628
60.8013
78.08
77.2742
77.6189
73.5377
83.2179
69.7487
82.6218
71.8104
85.3582
63.9572
64.5449
87.922
67.118
71.154
33.5875
76.1115
87.4926
63.9595
88.155
63.1048
73.3432
87.4834
70.1542
98.3644
66.562
72.9227
63.0374
97.3941
56.7418
80.9675
80.9001
58.8416
92.6017
74.0183
71.1309
55.0315
69.5887
92.004
77.2377
76.9358
62.7561
66.4485
71.8536
83.1806
66.4609
75.4929
81.2519
77.9496
68.172
70.7083
78.865
81.0659
62.7955
83.938
69.4222
87.9706
52.0692
51.5344
46.7083
85.2016
83.1286
70.1938
74.456
72.6908
70.947
100.5543
90.4691
67.8124
73.5708
56.3284
84.2275
87.5203
71.1587
37.7914
55.7475
67.167
90.0477
67.6696
81.7351
58.1441
70.7788
49.8848
83.2511
83.4984
71.2653
69.5751
68.9579
82.0532
68.7531
68.7073
63.1571
65.7028
59.434
65.3876
79.5706
60.349
95.8911
53.9102
80.3746
102.6294
75.9858
44.3073
54.7974
67.8487
91.933
71.3368
77.4862
92.2442
81.6741
73.5559
68.6207
78.4783
63.2823
72.6342
69.2926
84.6242
74.4601
58.2623
81.7614
60.7147
64.1608
68.2131
53.3502
68.0178
72.8247
65.501
56.3052
64.8069
80.738
87.4556
83.2526
96.3823
76.052
57.3163
78.7783
96.736
63.944
65.0333
86.0277
72.3247
67.7175
56.8996
77.4172
82.2844
81.8609
44.3217
87.7419
50.8747
53.725
85.2257
79.2835
87.1191
73.887
65.1524
64.9369
71.002
84.6702
75.0273
94.6948
69.7609
73.5783
76.3575
88.8262
93.6888
52.2706
59.647
82.6757
59.5067
79.6545
61.6824
78.3056
62.2239
62.4439
60.8639
67.9326
88.5249
89.1369
98.4464
78.2487
62.8367
59.1996
61.6765
87.052
65.874
77.5941
72.835
84.397
80.3946
102.6351
75.7541
64.0183
83.4554
83.3889
63.6694
94.3592
57.178
93.8054
34.88
72.9994
82.1899
71.2117
86.087
71.9634
61.8418
70.0499
53.6171
89.8747
46.3753
85.12
84.5012
97.9515
88.5265
58.1197
77.1985
71.4767
80.8311
57.2546
83.0582
69.6608
55.0896
63.7647
93.878
77.0531
62.0836
79.8489
67.1239
71.2606
59.9451
78.2192
75.4255
79.1926
91.1164
106.3084
75.8068
79.3655
96.9769
64.4658
58.0759
70.7274
59.4353
67.1841
51.5649
72.145
74.0444
76.8047
66.6024
87.3371
81.5937
79.1432
60.3921
75.8348
63.1747
78.8141
97.8049
42.5065
65.1241
86.0994
78.3657
69.2038
79.8765
66.0694
49.6934
70.7719
57.8989
59.4067
71.8158
80.691
57.2011
69.4987
63.6148
73.7851
73.2517
63.2414
94.0817
65.8085
60.8478
72.819
75.4673
62.9333
92.0619
63.0139
67.759
84.9261
65.137
52.5635
97.5177
73.8253
86.831
60.2433
75.8564
75.0138
74.688
97.4127
74.869
77.9685
99.8202
59.7757
75.9005
80.9153
101.0421
72.0867
56.1784
67.1212
65.3446
57.1527
88.2309
76.4914
46.0263
77.9992
82.7805
65.6156
72.4181
68.1617
110.7704
90.4752
74.7341
71.0778
81.9911
78.9654
90.0405
77.364
71.6604
65.3159
84.1113
65.0187
65.5943
65.0534
56.6419
62.4386
71.9553
68.2777
80.9462
81.152
57.931
76.7866
108.7905
77.3301
83.6677
48.5926
80.578
76.1106
66.9197
83.9095
67.7624
73.2211
62.0097
76.6994
72.9225
94.8701
58.371
99.725
63.8587
65.6956
58.5093
65.5774
86.9409
63.2839
81.0543
67.0802
50.7986
79.4674
80.8617
67.9637
63.4656
64.8796
96.7364
63.3634
69.5481
70.5235
95.1018
61.8506
55.3226
69.0939
68.9015
70.6572
57.5017
87.4921
80.5542
65.7535
56.0079
40.4347
83.0747
53.3696
65.0868
93.7924
63.2276
93.301
75.1584
86.3202
49.515
64.5251
91.6438
77.0434
89.4843
70.7934
64.1144
96.973
81.3505
87.6089
65.1927
87.7419
89.8674
72.8064
75.7966
66.1477
79.9621
71.9421
64.6751
76.8129
79.0533
84.6957
48.3867
69.5243
74.4392
57.2463
92.2601
64.343
87.0843
84.5208
85.5415
75.2635
98.6098
49.2679
80.4386
64.7843
93.6639
57.8788
80.8574
93.1917
78.1726
74.4187
65.0284
97.8355
72.5603
89.3411
63.2575
67.9556
65.5175
74.4384
68.2856
57.1068
87.1675
80.5302
47.0294
64.9251
62.3662
56.2058
78.1269
79.8577
67.2827
59.7027
92.1808
58.2036
45.6271
77.2069
71.1307
85.2218
71.3996
83.5255
74.4111
60.8859
73.1221
86.8106
78.3022
60.0096
55.3253
64.7568
77.6756
98.2913
75.043
66.0241
92.8389
60.5901
68.2424
47.8328
71.3541
89.1984
79.3766
85.844
51.0149
68.6818
73.3858
78.2489
71.8329
71.8769
67.4009
70.5934
65.6904
79.4551
90.3839
48.9202
75.3877
64.0325
84.2808
58.7181
74.4001
85.7429
65.4116
70.6479
65.4207
58.3759
93.2886
86.0603
84.8252
86.749
70.1175
73.9083
68.6886
95.6704
67.2235
74.1864
75.5986
74.8355
88.7019
88.8677
71.7346
81.4308
74.2626
61.533
79.4078
47.8908
96.4607
67.8488
60.4306
69.6595
56.1315
69.4567
52.6445
77.1542
70.2967
79.9896
84.0424
66.4781
61.1717
61.6349
59.4101
75.2381
67.9717
28.417
72.866
76.9768
75.846
92.9053
67.6919
59.3207
66.0737
72.7627
90.1246
73.2912
35.8056
76.1842
72.9939
58.8692
54.8153
83.1264
87.3027
69.4683
77.9625
68.1108
79.274
57.1516
89.9036
49.4569
86.6068
69.2684
43.882
77.4973
71.2305
91.6854
107.4791
86.6908
65.0946
42.8166
72.906
85.8548
75.7939
56.2205
83.5273
66.0076
68.8716
90.548
43.8172
90.2777
88.8752
83.7656
67.4928
74.8585
61.8501
67.039
69.919
66.1349
87.3108
69.7813
93.4233
74.7068
91.3979
56.369
86.9452
46.8626
56.1337
76.1728
79.117
59.694
64.4964
67.1026
50.4239
75.3323
84.6665
69.1454
82.2201
65.9885
83.2024
102.768
55.9441
78.4464
73.2054
64.1484
52.2631
68.8849
64.8094
88.9213
71.3881
85.4414
65.3419
91.574
71.9029
96.6496
82.4135
73.1628
62.4617
64.9238
55.4176
65.775
57.2911
62.4641
55.4212
89.3362
70.5363
75.9998
92.4018
81.0265
55.2919
59.5977
76.5239
81.8316
59.0876
69.4113
68.644
97.7921
85.3469
65.9882
58.6846
85.2001
90.2888
81.9953
80.5529
49.9259
87.9561
44.7141
97.4027
88.6459
60.5443
42.4433
73.0193
73.2422
77.0974
65.0622
52.1516
93.2822
77.2681
66.857
83.4207
71.6987
66.5975
68.8684
50.1195
82.1763
64.3924
62.3015
67.5135
76.4047
68.6413
41.349
72.9675
75.5774
71.9679
65.8609
78.0269
59.5987
79.123
91.7236
72.3008
64.0538
84.698
81.7844
82.1013
64.7233
69.2307
