17.5547
26.1187
25.2075
13.5359
16.279
11.2488
13.5572
38.6406
19.2612
18.7811
19.1641
39.5956
17.294
25.6551
31.4686
12.2086
13.6432
16.3349
13.1042
13.8721
14.9186
20.9071
12.5571
12.7056
9.9159
14.945
28.7093
28.3927
7.898
15.8247
22.8007
21.0328
22.5165
12.4246
17.8318
19.9994
12.3675
22.7101
11.5227
24.8117
7.832
17.9969
39.2739
20.457
20.1217
19.6667
12.7755
23.5031
14.2913
10.6249
11.168
11.7139
13.1207
16.1687
11.9256
20.9575
9.0152
8.6085
30.4263
19.5085
19.206
18.1079
18.7556
11.7417
11.2744
18.5591
16.3385
17.3311
16.725
13.8348
21.5842
11.2612
11.6431
17.7502
16.1579
9.981
22.8236
16.6896
15.6251
12.3822
9.7746
19.843
16.2382
30.7723
15.5809
24.0288
22.8533
14.2677
11.0038
12.6607
36.926
9.8938
10.4887
18.8194
16.7007
9.0985
19.8979
13.6255
10.907
13.8991
14.2094
11.1522
15.3143
24.0337
10.6078
16.4333
18.7859
16.3515
19.8176
24.5718
16.3534
22.8896
11.3367
12.8347
8.4358
23.3851
9.6479
11.6569
11.719
11.9555
12.1251
8.5966
25.0319
15.3097
14.1852
12.3182
13.9017
15.211
11.942
17.3149
16.0577
18.6902
12.0865
16.3011
9.5569
16.9255
10.6776
10.3217
16.8137
16.1462
10.8179
20.8228
7.8698
17.888
50.0542
14.4847
11.2232
10.0053
12.6687
21.3
13.0189
20.4309
16.196
13.2729
31.5069
9.4029
16.5591
28.6102
14.9298
15.4849
23.5815
15.2508
15.2655
11.3583
17.9735
10.7789
12.7674
12.4194
15.0298
14.1869
18.4019
15.77
12.3477
16.6327
27.2097
31.4608
11.2957
10.0895
10.817
36.3335
11.5844
15.9848
15.3997
21.8873
15.8359
28.1131
11.9305
11.5591
17.6557
16.6686
16.5708
22.6413
16.6109
11.5879
18.4247
10.0095
13.7938
14.0057
8.4401
23.0023
13.3761
37.8298
9.662
8.2348
6.7528
13.7296
11.7172
10.7793
15.1675
14.4483
16.3734
10.8989
45.2261
6.9567
9.8917
17.8216
21.1906
23.4329
21.0927
16.8717
23.0477
14.1138
10.8264
11.2499
31.1894
9.8504
18.7547
11.6606
13.4351
14.064
14.9425
15.3634
20.2308
7.5394
12.6884
16.0795
18.7789
25.9486
11.6525
24.7212
21.6598
14.1291
14.8269
18.5131
10.5184
13.0339
16.4235
11.8996
23.4535
16.4471
10.7423
16.3252
13.9547
18.2891
10.6144
18.4348
13.2183
9.4011
15.6528
8.0922
18.5528
13.0848
12.7997
27.1993
10.0192
8.4105
10.5424
19.5925
13.4493
15.1211
17.9464
9.7069
13.6515
8.8364
16.1123
16.2232
11.7388
17.7448
10.38
10.7322
24.5741
15.9135
19.6865
32.695
12.1963
11.8051
28.1062
11.6269
21.2628
11.3212
10.2495
19.9096
11.0717
11.3413
16.5903
13.8375
9.7367
11.7026
13.1851
21.8031
9.8469
12.918
41.247
25.6604
13.1445
10.5357
30.1697
12.2704
14.3116
13.4637
12.5543
18.7683
11.7959
10.5959
22.4441
18.9713
9.5218
18.019
19.4187
13.5311
23.2158
14.1532
15.3491
19.4398
21.5046
11.2296
10.1343
9.8328
19.9761
11.0932
9.3935
12.2823
13.8925
14.4696
20.0158
16.0177
12.3318
23.2448
29.054
18.5476
18.8295
8.605
14.6206
14.6209
15.0523
15.6699
10.182
15.0979
26.6745
13.1906
16.1214
14.0326
10.753
16.7206
9.3224
19.6381
13.3211
12.6227
11.2922
38.9119
16.598
11.8203
26.5498
24.5407
20.6231
10.5074
12.7264
9.6586
14.8618
14.0611
32.2921
8.2045
31.8679
8.3076
14.3551
16.5696
9.2483
13.7707
23.5353
12.6393
21.4752
22.3234
15.6333
23.9319
12.4436
9.4885
12.4713
8.6571
25.6368
14.9571
16.4476
13.8577
10.129
8.1097
12.314
16.3615
10.8525
25.3932
11.2107
26.5176
13.0199
9.7279
12.2013
58.9065
12.0991
19.7709
16.8942
17.3963
10.8935
12.2348
16.0755
13.1153
12.6801
11.7792
15.6608
22.0348
38.3229
9.9041
12.7292
10.356
19.1371
8.7539
10.8741
8.787
35.0424
27.5969
17.5091
8.8255
11.4995
16.8792
18.2543
14.4335
18.2519
12.689
31.6457
10.6957
10.5216
9.8546
12.3338
10.6742
16.0723
11.5684
11.517
16.551
17.7998
10.6446
24.548
12.1281
11.7139
15.195
27.6634
18.6585
12.6015
10.756
7.8678
17.6239
32.2001
8.8848
14.9948
15.6953
14.9606
9.1955
13.8557
13.8485
13.1825
16.2563
11.7249
20.8984
17.6738
18.3737
13.5146
10.2765
16.4392
13.4377
13.573
16.3703
16.3475
15.8852
36.6499
11.4134
8.7282
24.7627
13.0669
43.7416
19.1683
9.0942
39.0648
17.5869
14.542
11.8685
13.5275
12.5962
15.6691
10.8191
16.219
12.7039
11.7207
10.9856
14.484
18.9393
11.8807
23.4705
13.1226
9.1654
16.6338
35.9297
9.7076
21.7266
11.4333
22.2351
11.541
18.7555
12.0996
17.9963
8.3703
9.6381
27.0763
17.7207
15.0611
10.1745
13.7929
7.7988
11.4943
9.5228
26.2216
34.3836
16.6519
21.6884
9.7923
14.4157
14.7381
14.8436
19.8762
17.3394
21.7875
19.9117
8.8619
8.8337
21.3196
14.5525
10.1286
8.4412
9.5484
24.5069
12.2488
14.3394
31.2848
12.2154
20.2693
34.8799
18.3817
19.6838
15.7816
13.7807
8.3901
31.1022
16.3205
16.225
11.033
14.1225
19.1951
11.3735
19.8334
12.052
12.5052
16.1262
7.9979
12.3603
10.5988
8.952
21.474
19.8191
13.5853
22.065
11.6947
11.048
11.2683
11.5381
9.6177
10.7406
19.1858
10.5814
37.1637
26.9554
8.7922
14.8225
23.2276
24.4459
16.5392
15.1052
15.2584
24.9497
11.8536
22.1801
11.9425
13.3023
13.1765
21.3785
12.1055
11.2704
15.2954
12.7364
12.4717
10.0094
13.6686
13.7701
15.2041
11.104
9.5365
11.0363
19.8443
14.3959
23.4578
15.675
9.2125
22.8861
11.2821
10.4112
9.6368
8.1347
15.4749
10.1467
12.3292
11.8705
11.4445
14.0556
32.9414
14.7406
21.9381
29.6883
10.1298
15.4615
28.4141
11.9058
15.2789
14.5975
11.4326
12.248
11.144
27.4794
18.7963
12.6249
9.4659
12.7745
15.383
18.2435
12.8738
7.507
12.7786
10.9533
27.38
13.0635
9.8722
26.6797
76.2992
15.7259
11.4784
19.385
14.4674
23.6087
20.137
7.9678
11.7289
9.464
12.8159
26.7234
13.0069
8.8127
20.1014
13.3046
12.1801
12.2299
17.8484
15.9329
13.5749
13.9973
18.3657
32.1298
18.5428
15.1893
14.464
9.6661
8.1745
18.5258
43.8809
23.1909
15.7576
14.3572
15.5088
15.3329
9.5703
11.3951
19.6828
50.3003
10.1329
10.0697
10.4506
40.4786
17.4411
14.2249
16.1318
14.0932
10.7981
44.3253
15.4489
13.2236
12.8709
13.0765
9.6508
44.6505
9.7964
21.7003
8.6522
14.7852
21.6095
19.46
9.691
31.6836
26.1956
24.1431
8.1397
15.3607
10.1694
18.0441
10.8039
14.2217
9.0083
18.3826
24.9218
29.9256
13.7128
18.1299
14.7924
18.359
68.8283
23.5595
19.0428
16.6228
11.3328
10.5291
11.0212
14.9525
38.3311
16.195
9.6208
8.3592
12.9359
30.752
16.2267
36.1432
15.2737
21.5307
22.6261
10.53
14.667
69.8268
13.2601
10.5499
10.1855
16.6124
14.8112
19.0767
21.3092
20.1315
11.3053
18.7378
8.8234
8.8133
14.1019
10.4717
18.0077
11.4441
14.2185
9.9828
17.8648
10.0744
11.4723
13.6419
28.4573
18.5899
20.3803
21.5741
18.5727
11.9653
10.8843
13.367
25.1635
34.2887
12.867
17.537
10.858
13.1557
13.7591
25.216
26.1153
8.7962
14.9517
11.2351
23.2123
12.7606
10.3418
14.8387
9.2507
11.9145
9.1104
19.0197
11.7021
23.2219
8.8158
16.2631
16.7637
27.562
22.4991
15.973
17.6262
12.2898
9.211
17.3902
15.8222
14.6203
18.1602
17.0982
11.1023
12.5792
12.1944
15.8452
9.3414
29.2639
12.0971
12.4915
12.4599
19.047
24.0086
9.412
9.9745
9.4236
10.5918
9.0621
8.5097
14.2594
11.1472
24.8451
18.0584
25.007
27.1492
12.4915
9.3944
13.2045
46.8437
19.1345
15.8142
18.5206
10.7828
20.5932
8.3393
21.5306
23.3526
15.7368
27.2823
17.3375
8.1695
39.2403
13.7757
16.6369
15.8963
13.1314
22.5808
30.1382
12.254
16.0612
12.5098
7.6188
13.4908
12.6142
10.8824
23.2387
16.1391
10.9547
15.0691
17.2541
8.9964
40.3543
19.305
15.1144
17.376
17.9338
11.3488
15.7962
13.2375
14.6083
10.1492
14.5415
13.6311
16.1998
13.0641
21.5464
9.4905
16.5285
36.9003
40.6127
23.4663
15.2029
9.6809
17.9329
39.794
20.2876
16.6554
18.3553
11.2469
17.0886
9.4913
16.2808
13.7839
12.4599
16.9552
12.6449
7.7104
9.2071
10.7357
17.9143
12.5526
19.0449
7.01
12.7587
18.0193
10.0566
15.1367
15.6217
10.9575
13.1972
11.7483
13.2266
17.7271
9.1589
16.1368
9.8419
21.1467
12.9379
8.2566
10.038
9.6261
11.0393
12.583
11.7936
20.4784
15.0853
10.2818
26.8307
34.4674
20.9287
11.4345
15.3036
12.5973
18.1365
11.6822
26.309
14.16
13.2219
10.0839
13.5752
7.8315
23.5907
19.5265
10.5297
8.6234
8.3267
12.372
14.653
19.1036
15.4177
12.886
28.5594
38.9344
12.8882
23.0462
22.7679
11.0622
29.773
10.9062
9.8577
13.2779
8.1047
19.8754
9.6316
11.6735
17.6595
10.5706
22.9999
21.2696
41.7629
33.5048
13.7901
14.1585
14.6059
9.8499
20.6494
11.3742
13.2803
16.7395
14.6378
