7.2595
7.478
11.6254
18.4375
10.576
12.3118
10.9427
16.5976
11.4604
27.4481
12.392
13.0478
9.6846
20.318
32.9765
25.1278
13.4799
12.1808
8.1111
9.8632
18.2791
14.1908
10.4337
9.112
12.3406
11.0208
9.5733
12.335
8.6411
10.6577
15.2982
12.1127
13.3522
11.0558
23.9748
8.6731
15.5564
13.6393
12.5302
15.8153
7.681
10.6068
21.4
14.5145
16.8318
14.4007
8.3773
12.1089
9.6278
19.0135
7.9302
11.3585
23.066
14.1905
13.8594
14.9313
14.4981
11.1834
9.9418
17.914
12.823
12.8417
12.0746
11.6433
10.1454
12.423
7.5924
10.9086
7.9025
18.2833
13.623
8.0042
22.0376
11.4637
14.6518
15.6096
10.9606
28.3024
9.3858
9.7734
9.7898
8.664
9.3052
9.7737
12.5208
9.9807
9.8348
8.4837
12.8257
9.308
15.0076
15.0492
11.7022
7.7428
8.8615
7.5058
9.9145
13.536
12.8552
9.8782
11.4282
30.5823
13.8581
14.1069
27.8548
9.8203
12.2177
13.1588
26.8873
11.1666
13.9364
20.8599
8.4378
11.5676
7.9022
12.9905
17.9828
10.2926
11.1867
8.1154
11.0259
10.9927
6.9683
10.279
11.3856
14.8602
10.102
9.5175
7.2066
15.849
11.2362
9.2936
10.2756
8.301
14.2457
8.3255
6.8723
9.98
14.0333
14.0321
8.7158
9.7574
18.6643
14.6839
13.0845
8.3016
11.1408
12.018
9.9025
10.1331
30.077
8.4746
8.4837
8.4873
14.0173
13.2157
11.9918
8.105
12.3757
11.8874
13.6184
9.175
8.46
7.4297
18.8056
14.8649
13.3644
11.6183
13.3146
15.4092
10.3546
12.5187
7.5952
13.4744
16.738
12.5725
8.726
7.9323
12.6319
14.5671
11.3437
8.7811
14.0056
10.9095
9.2693
10.2542
10.891
8.8706
7.8953
16.4788
10.35
16.4599
7.7468
14.6954
8.3458
9.1011
14.5289
10.3435
33.662
13.662
7.3211
12.1933
7.8955
10.3471
9.4787
12.4613
15.3496
22.854
12.6753
9.1661
19.2494
15.4206
9.7033
8.7706
14.8079
7.9469
12.4902
31.3725
7.5619
20.4066
8.7533
11.132
11.3403
9.3695
23.5465
13.3289
14.5294
14.9303
11.3664
18.3657
7.1999
10.7541
12.1847
13.1731
9.7581
11.4722
8.42
8.5405
15.6983
17.2143
24.1028
11.2321
9.6176
10.7562
9.2461
15.0346
8.8028
14.0636
17.9105
18.3612
8.5405
10.2149
10.5801
10.3153
7.4842
9.4938
9.4128
18.8021
10.2763
9.1584
17.1928
10.984
9.6497
25.9745
8.7259
8.8504
13.6891
16.4666
10.9654
15.1496
8.4214
10.6597
9.6127
9.0426
15.0078
9.0884
9.208
11.462
9.361
9.4408
8.1922
10.6744
9.7204
13.1106
10.942
13.7999
10.0787
10.8344
10.2729
13.3112
21.3064
7.6806
21.1109
8.333
12.8909
16.6588
8.0391
8.5864
11.4894
16.1642
10.9031
9.7214
10.9717
13.99
15.7898
16.8088
15.0758
9.8535
15.6312
10.0096
8.5155
16.7246
21.5089
36.9638
14.0524
8.4627
10.6217
11.1114
16.1672
15.8816
13.8397
10.8344
13.5652
25.8086
7.7091
7.0907
33.7636
12.0762
7.4779
21.3095
11.4957
9.818
7.3497
13.1901
18.3408
14.6306
16.5846
10.4141
23.6604
8.6013
11.9653
9.946
13.4424
20.7678
12.3152
27.4196
13.2503
9.7514
11.6234
9.9007
7.3441
7.9353
20.901
18.0207
20.0108
9.8435
9.9419
12.0354
14.7242
9.2458
12.6814
15.8816
23.2645
10.9664
15.4168
10.2523
15.8815
9.3603
12.5705
10.207
7.2689
8.9421
14.8733
18.3164
16.3473
8.8045
11.5692
9.0928
7.8423
16.7639
8.7466
9.6254
18.5368
9.956
11.1441
20.1864
11.2369
9.396
16.1974
13.3756
10.5843
15.9554
17.3856
17.5768
16.0622
8.9055
16.2495
13.6467
11.2093
10.4035
13.8937
14.9681
15.302
9.6357
15.3294
12.11
8.3745
13.3447
10.3499
8.486
7.8435
9.2115
13.1163
8.1454
9.7671
14.9257
10.0204
17.0529
9.7588
13.7811
11.367
21.7722
9.0222
10.304
15.7897
17.4129
8.845
10.9762
17.0458
10.9718
22.6154
9.2118
8.5032
9.6764
11.3063
11.6533
7.0225
10.1769
15.3438
13.5014
7.4296
8.6298
13.2305
22.6792
16.5158
6.7146
9.8426
13.8656
9.3666
29.1636
16.3001
11.7421
14.6369
27.1191
23.1779
8.0351
14.7957
10.0475
9.5413
8.1139
15.1564
25.5748
10.3581
9.2607
7.4569
10.5296
13.2011
11.9375
11.1846
15.0522
10.4542
13.3222
14.2516
10.9551
9.8324
10.4188
13.595
10.2483
13.9239
20.3781
18.7412
8.1989
16.4103
8.3287
7.8357
12.9666
15.2803
19.82
9.6957
10.3809
11.6704
12.6626
8.6282
19.0133
14.7848
20.3727
14.4282
17.5498
11.0097
17.0002
10.2788
7.3444
10.8931
12.174
42.495
11.4593
9.6222
8.867
16.4201
12.4196
15.6015
7.5917
10.5567
10.7797
10.4186
12.8293
9.5319
10.191
10.598
14.0333
18.7968
10.0477
16.3229
9.5969
9.3364
10.4645
11.9784
10.5387
10.8339
7.644
15.2988
8.2612
12.5521
11.4932
8.1066
16.5695
9.3929
8.1431
10.2273
11.1736
11.8302
11.8102
14.0201
7.8315
10.2561
7.9358
19.9106
12.8428
8.5449
8.964
10.2028
19.6053
10.9889
11.8572
11.608
9.4127
10.6031
18.8685
9.5756
11.0908
12.0752
10.2353
12.1118
8.2574
15.2016
16.5134
17.3262
11.2122
13.3453
15.5293
8.403
9.1876
8.895
9.3047
13.9678
9.7711
9.1729
11.231
7.3104
11.0986
12.6445
12.9243
10.801
8.1867
14.99
9.6781
10.4207
8.7153
9.6786
8.7159
9.4698
13.3628
9.4736
8.715
11.4673
12.3343
10.57
10.002
19.5173
9.239
16.0221
14.1159
11.6157
12.546
32.1223
9.8314
22.0846
17.0237
8.4218
13.5999
9.98
12.0495
13.0856
22.4269
9.9499
10.0218
12.0548
13.5428
17.3405
12.9759
17.6941
9.1092
19.0769
9.625
13.015
14.4054
8.8387
12.4206
12.4224
8.0678
9.3844
9.5242
7.5119
9.4546
13.358
10.4377
17.3855
9.8289
8.5467
17.277
8.8546
7.7379
12.2011
15.6087
8.1428
9.8333
29.8985
10.7699
12.0752
8.8881
13.2983
10.0661
11.9816
12.0327
8.4624
8.7888
11.0749
12.2154
16.7316
15.5671
21.0855
17.4002
8.7453
8.9647
13.6492
9.4657
7.8967
10.6399
14.4912
13.8871
17.1201
14.7527
15.1634
16.7467
10.6234
23.4435
21.5442
8.6676
11.254
14.2715
11.8758
10.1342
14.4428
10.9781
10.1473
13.6656
10.7128
11.4224
10.0804
17.6934
11.7832
9.175
8.2898
8.4417
23.0536
22.2128
9.0535
8.6037
15.3253
10.2675
10.0078
14.2147
9.1163
15.6129
10.5167
12.9037
11.7513
11.2126
10.2946
9.5807
20.9025
8.9926
9.4178
13.7142
13.2984
11.8644
13.4939
8.5977
10.0471
9.5891
16.7285
9.964
10.8737
9.7849
8.8626
7.994
13.7671
9.494
7.8693
19.4757
11.7931
14.2643
10.7812
9.5648
17.0947
7.4786
7.5271
9.3637
9.1119
19.2762
10.3718
8.7457
10.7106
11.7852
10.5007
15.5715
16.5663
14.1836
14.6895
9.5371
12.7252
12.9731
8.9427
9.2992
8.7963
9.4811
10.1585
13.0675
8.5953
9.4202
7.9292
6.914
9.0879
14.4313
13.2965
11.8916
11.3645
25.0217
16.0617
18.1706
21.5275
11.7056
17.9779
9.4128
7.6257
32.8306
9.925
8.5704
16.4348
10.4302
10.6071
11.9477
8.3534
12.9468
12.7105
10.9215
9.0622
9.6167
16.7574
13.6984
10.3189
8.5434
15.9016
8.401
14.6618
11.2066
8.8325
8.8008
12.0043
23.7341
11.8347
8.3105
11.5291
10.4271
10.2263
8.9794
27.4081
7.3187
12.7427
6.914
19.685
15.2072
11.5897
17.6886
10.2631
9.8262
17.8087
14.0092
8.7992
11.9699
7.8685
11.21
9.149
9.0013
16.3011
11.7394
16.9121
9.9399
7.8991
7.9687
10.7326
12.7181
10.5316
12.9672
7.9005
9.9767
13.5016
12.1572
11.0521
9.7764
15.2311
10.8414
9.822
23.2655
11.2932
10.6701
10.1581
9.5138
24.0456
12.6099
11.0034
13.786
13.0337
10.5271
13.6169
11.6263
11.4778
27.1425
13.2014
12.1671
18.9406
12.5926
9.0592
12.333
9.5721
10.6089
9.7132
7.6204
12.2673
8.5606
10.2859
8.2368
11.4903
8.3584
13.3878
23.9314
11.59
7.9144
9.4662
28.613
12.4575
11.4389
13.7344
12.5098
10.3879
16.6396
11.8394
9.226
15.1555
17.6486
15.8884
12.0092
14.1019
9.0891
17.6885
7.715
8.5901
20.1981
14.6838
20.0555
10.2578
19.5692
34.7011
8.881
14.3935
10.4261
12.7297
14.5746
10.254
16.5594
13.7627
8.8837
21.3398
9.2076
12.7901
16.9273
8.3259
10.3983
11.8024
19.4844
10.7849
10.3994
17.7628
15.1153
8.6849
8.9548
15.6193
9.3615
10.5926
11.5006
8.1661
10.4838
12.8517
13.1434
16.345
24.0718
8.2864
10.2637
10.9475
19.2851
22.0579
15.0845
10.3441
10.6254
51.3976
11.1932
11.851
9.6328
11.4239
12.9367
8.4105
8.9026
9.0888
13.6406
17.5572
7.4825
12.5471
9.8536
12.1677
7.6813
12.1372
10.6153
14.7446
10.8786
9.5682
9.5925
20.1792
20.7804
14.6307
8.9309
11.4541
16.1409
14.9539
8.3531
11.6768
16.6374
7.506
16.6736
10.2422
10.0096
11.1979
9.8171
11.3186
9.157
28.088
11.6733
8.8812
13.2077
28.5868
10.8691
7.1942
15.2643
9.8887
8.2533
8.0099
10.6851
13.9856
11.6131
9.4467
10.4555
