66.7223
70.0408
25.2537
34.8543
59.706
74.0052
70.6504
52.6834
53.0895
72.9839
46.2986
55.0476
59.4289
53.8574
36.2968
49.085
37.8667
65.0198
21.2432
39.0512
70.4656
48.1083
56.6947
46.2943
37.7135
34.0367
59.5086
69.595
35.3917
30.8699
65.0233
43.2739
50.7711
34.6002
35.5724
46.5736
66.7159
25.0936
25.5258
61.4945
48.6979
56.7016
60.049
29.4057
44.401
52.2033
67.2671
52.0323
58.758
39.0483
83.1025
83.7713
62.2143
51.0021
30.1899
50.142
26.9747
56.3207
28.12
61.3321
43.1453
89.0849
61.6666
35.1422
23.5672
64.3033
66.9935
39.9564
23.265
34.0977
60.9406
33.4264
87.9023
50.9954
78.9293
46.1085
56.5645
36.4229
30.3134
77.0305
74.3024
72.0652
62.9091
26.1611
51.8666
32.4536
21.5933
55.6349
55.1323
78.3573
75.8389
42.6374
46.644
50.801
39.4962
50.8175
82.9582
56.1255
62.4267
37.2235
38.112
51.9999
52.1458
50.4029
48.6061
67.5194
64.5182
37.1393
17.5694
25.8177
66.6575
53.1778
45.1218
47.5453
47.5632
33.0083
38.3303
54.4897
75.7862
68.4586
57.5945
22.7757
70.4152
48.792
36.1529
28.1541
42.3226
33.9933
54.2635
25.0154
31.1693
85.564
57.432
29.3361
36.4166
58.2053
49.6513
71.555
42.3588
65.3933
106.4453
53.9483
43.9818
30.1152
61.672
74.1605
46.2342
30.3469
77.8615
32.3501
59.0546
43.1309
58.1189
35.3796
66.9264
87.9808
41.9085
18.6781
50.7156
50.3846
83.3675
58.4969
47.8953
40.1582
53.8629
30.8751
36.2335
48.3496
77.3831
31.0578
76.0508
47.1346
51.9068
48.9176
39.5
48.5717
46.9979
27.4802
65.3125
38.775
52.003
67.5795
50.3908
53.7726
53.6501
43.5386
26.471
28.1093
68.9307
38.0516
56.4523
44.3911
35.1476
51.5215
52.4845
49.9921
55.1661
70.4227
73.1876
35.869
42.1458
54.7818
35.131
50.0632
68.0362
26.1217
53.6432
23.0776
67.6707
20.4213
63.2166
72.5227
33.5446
39.8603
41.4457
40.9398
44.51
43.1412
41.6029
70.1589
25.4382
64.5707
39.789
60.6268
52.5868
42.5008
26.7178
24.5443
39.0567
73.6909
42.635
61.8073
48.0408
25.81
61.0843
68.1696
41.6577
47.9893
51.833
85.1083
38.296
36.3382
37.1867
41.3249
90.6865
46.4241
79.4801
25.4862
36.7751
61.4912
39.4054
50.8477
60.8135
97.2165
65.3832
43.5592
29.4823
45.9857
89.5132
48.202
46.5181
64.4723
32.5975
30.5783
91.6621
39.7932
46.3307
60.8983
26.4274
44.9932
56.9795
38.7599
21.1231
62.3735
33.8784
28.0754
70.7996
37.542
50.092
59.6286
38.3212
32.7619
87.8925
34.1666
55.3205
37.4425
76.4133
38.5745
47.5882
51.4177
56.0057
37.2598
62.1566
44.6805
42.77
68.3413
61.25
41.6616
42.1847
90.7954
37.4597
42.2153
51.9681
52.235
58.4247
29.7175
21.5184
52.9832
74.634
41.5195
31.1363
55.3814
54.1382
30.9343
49.4581
58.2675
52.2454
49.4414
44.0933
50.6192
32.9638
29.6843
35.7431
83.4675
65.9401
52.8766
45.323
66.2785
73.1738
47.0976
37.2896
66.8984
39.8992
44.6531
56.3201
75.0675
29.1633
69.4004
65.2217
59.4461
19.6345
81.0588
43.9747
23.0722
63.2328
46.0919
62.0729
48.951
36.8882
24.6015
81.1621
75.1249
19.3727
46.5765
64.7261
39.0855
30.3779
54.1426
82.4228
52.1622
70.8249
18.3839
42.2631
42.6333
25.0347
42.3152
40.3983
58.8168
60.2181
62.1855
80.5821
47.7718
34.1421
45.9475
40.4667
61.2984
51.3541
35.8719
41.9459
50.8058
35.2465
60.6414
71.7034
94.9993
46.2713
38.1535
25.0173
44.9842
35.3009
49.6782
65.0621
101.4263
20.793
76.0047
30.1533
32.6854
70.0197
66.0152
44.3006
55.3085
58.6694
40.8142
57.1777
52.4382
45.0385
28.7328
35.4265
23.5021
76.0474
55.1132
74.9876
61.7009
32.3641
57.3928
57.7298
48.508
66.6025
61.7706
57.7423
43.1663
56.5534
45.0168
60.7205
46.2169
31.9511
60.1581
31.2467
36.2328
89.6241
70.4877
24.1882
67.2219
53.4048
54.0607
49.4835
39.0638
40.3557
27.8048
73.2473
51.8811
65.5713
51.833
29.5922
61.6435
28.4903
72.6359
33.6958
44.5804
78.0842
83.6767
60.6322
46.0746
57.9668
25.7061
41.5799
69.5626
44.6667
45.9525
28.5042
29.2806
30.796
55.2186
34.1158
39.499
62.4397
26.8704
40.2132
40.0489
90.8439
76.5172
37.0695
40.2917
21.929
42.4358
50.2986
60.4356
56.2719
44.7365
83.9726
49.0219
75.4393
51.1835
43.1259
46.8647
32.6276
30.1588
56.2652
90.9557
54.4465
22.1773
45.7726
29.2371
80.9389
31.2855
58.2734
74.1108
22.2383
68.8385
54.0118
49.2597
70.8945
36.6049
39.0519
45.6619
20.6016
56.3697
84.86
54.8239
78.4995
73.4702
82.6731
48.1575
28.8838
68.032
38.3915
49.9822
69.3585
88.9032
64.7486
48.5284
34.1907
58.746
37.0684
61.2497
84.2804
51.7867
84.9802
66.7409
57.9199
37.6882
44.6049
40.9415
45.8909
45.6384
19.8455
41.954
88.8864
46.6232
41.9462
34.1318
59.4827
32.1499
44.7779
69.0698
70.1939
60.657
41.9667
35.8804
61.8847
63.9297
37.7718
62.917
32.112
48.2045
33.6041
44.015
44.0564
48.6556
75.8363
78.7129
44.0649
62.041
41.0975
45.1281
44.4227
92.4539
50.1297
49.3694
38.0855
124.3399
80.5019
40.2293
42.4365
33.3286
53.4439
26.5766
42.892
31.6417
62.3413
47.2339
78.3821
61.239
36.6377
51.2349
60.6844
38.3905
40.3868
42.9533
84.5764
27.919
37.3756
40.4563
40.2441
31.9935
48.4709
66.975
58.6165
76.0497
42.9191
45.1062
52.1616
29.0618
37.1978
79.0557
79.1997
22.8418
65.3396
60.3188
91.3399
52.7403
53.2072
46.2095
56.3514
29.3171
35.9073
59.4549
62.6967
108.6797
30.974
33.5033
54.7989
35.5294
39.9824
100.9731
61.1337
19.2493
47.9119
59.382
32.1824
74.0924
41.5932
57.3585
69.8918
78.8118
56.1734
37.9502
77.8168
51.1456
60.0848
52.3507
46.9542
34.0214
18.0819
57.7454
73.2194
67.1084
59.5557
46.4275
33.4126
39.9806
73.1115
35.5075
37.9369
50.1543
34.3298
55.7537
70.9513
31.0436
61.8852
29.0763
94.7482
66.0977
74.3902
47.2532
69.4464
71.5963
27.0996
62.8963
73.6374
47.2511
59.7729
39.2526
63.5912
40.1006
78.18
88.3891
31.6034
45.9654
61.6913
53.6652
26.1466
27.4651
52.0858
59.8137
47.9057
24.7997
38.7741
26.4475
40.5117
25.3304
86.1525
23.9265
95.6591
55.9962
90.0044
33.7197
82.3479
40.3757
36.4773
46.7653
51.7269
70.6435
33.6463
37.8773
41.7097
62.8096
75.7922
33.188
51.2966
56.3003
53.0342
24.2709
87.5406
74.8623
55.8879
58.4467
32.6173
47.573
54.1832
54.7349
61.1756
37.4649
95.096
42.4425
58.9835
45.1307
33.0777
44.9146
47.4674
40.5103
74.7563
89.3787
45.8177
55.5295
44.7866
52.8457
73.8991
38.0193
76.2441
31.6093
38.1791
64.3132
39.3469
35.6909
59.2256
46.3832
82.852
40.2104
55.2657
80.8293
52.7211
56.6723
44.2228
40.3789
51.0183
85.6193
52.6879
40.7544
28.1378
21.0008
27.95
33.2699
67.1387
20.8495
57.0925
50.5521
46.667
65.5257
70.5452
45.0238
31.9808
20.7273
93.4893
44.7316
32.8679
49.8248
70.1025
34.6118
79.5269
34.8147
28.5249
99.8558
39.2344
66.6125
60.233
49.2408
74.1177
44.8601
74.7876
36.5903
97.9905
45.5742
75.9634
54.3011
36.7794
51.2305
43.5333
42.2695
48.9773
70.6886
73.7536
59.2142
36.8509
32.5218
40.503
45.2952
67.1044
69.842
56.4565
58.9642
39.6217
21.5494
24.6096
23.8019
71.0099
62.9496
32.0061
49.2108
54.5724
34.8545
59.7665
32.7671
26.3662
35.4246
33.9988
48.3904
42.1465
53.1097
33.9559
53.694
36.8971
63.6486
20.1372
65.1022
26.6559
78.2278
61.8206
66.8373
34.5175
75.8532
61.2065
50.3833
80.5303
17.3954
49.7286
72.0568
63.261
34.0238
48.9545
82.7779
49.7905
68.2088
43.7294
56.1015
54.3679
70.6866
56.7359
51.3313
65.5302
29.7526
39.4756
69.4434
54.9988
55.4394
53.5433
49.5568
55.2422
44.7182
53.9227
95.2226
40.3861
82.5141
59.6317
40.5271
42.9332
55.1135
64.6671
39.402
34.7344
32.6479
40.5302
54.5661
31.1567
45.0734
77.5767
51.0221
34.037
70.2034
45.6642
45.7092
39.2281
74.2549
37.1943
64.8281
64.9532
66.749
40.0348
66.0222
31.0276
101.2446
60.3821
67.0874
55.1862
66.8452
50.9897
56.1129
38.3768
66.4942
77.2118
38.596
59.553
17.7584
36.6005
47.0824
60.778
44.4122
34.1022
63.119
44.1677
49.1731
87.9557
65.3657
36.2243
35.0143
71.3448
28.2205
55.7953
24.4427
63.9947
29.0387
38.4442
53.2704
61.7478
33.6766
67.1699
77.2431
31.4106
33.0474
66.9447
50.656
42.9018
42.6481
68.4054
42.1976
28.2899
44.0144
56.2205
31.785
27.6824
34.5002
85.0929
68.9024
58.1361
38.3448
64.7178
27.1736
38.6229
27.4582
41.479
58.1857
34.7567
58.1687
56.1662
38.3504
44.7551
44.807
80.8808
28.746
32.3414
42.7743
46.3857
34.2414
63.8197
58.3964
56.7931
42.2879
76.6445
30.8032
28.6984
72.4006
33.2077
38.2804
39.6294
29.9448
74.7206
29.8653
59.6696
26.8118
42.8423
109.4192
34.8309
42.3855
45.4208
51.3981
33.9523
36.2538
55.7902
53.7461
66.2789
61.8264
