51.1543
80.5357
84.8241
77.4348
88.0944
79.4924
76.9562
95.9931
75.2769
96.0459
93.0805
91.8827
79.3509
67.274
79.5905
83.3099
86.0419
63.3267
83.9594
77.1786
98.3142
80.2841
78.4694
51.317
98.3212
76.1953
75.3462
80.5392
79.0607
73.8415
68.9769
83.9534
79.6507
100.8989
83.6077
71.0305
68.7532
75.3114
70.4228
94.9106
70.4857
72.0232
86.6921
63.1494
75.3109
96.7688
91.3403
98.9194
73.2551
94.227
71.4512
71.3888
75.9271
84.9355
64.9218
80.883
67.0644
73.5596
85.9702
78.8404
83.4947
79.4811
54.6167
73.9771
65.5465
112.8942
64.8745
86.7494
71.0202
78.8535
69.1243
96.8015
77.4858
74.5036
72.2979
94.6376
85.9907
83.3809
59.8825
81.0393
101.4209
67.0489
90.3261
77.8446
80.894
81.48
72.2418
83.1912
56.3187
81.7001
74.5541
78.286
69.5396
86.7809
88.7172
88.0483
72.2743
65.093
83.9449
92.1671
66.1122
81.9865
86.4425
55.492
74.0116
88.8365
60.0016
80.8473
53.9347
67.1844
72.7734
69.1906
56.3898
92.1714
86.236
79.064
91.0907
75.401
72.5949
69.1849
54.4097
101.4926
67.7098
73.8924
74.727
71.147
73.0358
58.6436
91.7432
80.7827
81.0405
76.1622
70.7028
69.5487
81.6301
83.1837
59.6099
80.0736
86.8023
98.9951
89.2234
60.3326
70.9133
72.3787
85.2421
80.868
66.2402
68.4765
84.72
93.3126
95.6963
61.1442
94.4177
86.4646
76.5037
71.844
81.1137
86.6748
82.5335
84.7495
69.3298
81.9539
85.1676
98.5434
82.4791
83.2573
83.0054
76.151
72.8764
82.1871
74.7833
48.3058
95.214
78.587
51.0535
90.0936
85.4378
73.839
82.6702
77.7929
75.2925
92.7528
78.7589
74.4569
80.0909
67.9118
85.2805
81.7548
80.3866
80.436
69.6761
89.5459
84.4236
62.3835
69.39
53.3081
95.1789
74.633
96.6772
79.1545
73.4004
76.6414
89.8283
79.1276
79.6033
75.7117
69.5588
62.6598
92.4139
104.8046
84.4682
55.7728
74.691
62.9587
91.8948
70.1356
71.2514
76.2064
70.1815
74.943
74.448
94.3735
93.6435
80.2491
73.6198
91.4837
90.7459
96.5858
76.4769
78.4518
60.4394
64.6801
81.8341
48.4808
61.2947
55.1225
86.5016
86.2429
76.0909
86.3096
98.542
53.8501
89.8794
65.0084
82.4264
72.2198
80.8694
96.4159
54.3174
78.746
78.5944
87.4739
88.5312
91.3563
85.419
68.7146
87.6678
54.0946
63.2162
64.5192
91.5568
72.5558
89.6243
77.7538
73.2332
89.0214
63.5798
61.6399
80.1108
94.6713
71.8894
68.4942
83.8906
68.0007
90.65
73.2596
63.553
100.3009
94.9853
55.1267
78.5453
74.2905
93.6463
79.539
92.1103
73.1721
79.4592
68.6529
70.4897
90.4647
86.1323
91.0988
91.5092
87.4792
86.0936
88.0613
62.9585
81.2617
69.3768
94.4635
85.7817
86.0315
59.0383
73.2298
66.2509
81.6658
72.0798
78.0026
86.6008
97.1595
69.6307
85.4626
70.6659
95.2517
76.9866
97.8487
78.324
60.7385
79.1928
71.9654
81.8859
93.5785
67.2825
65.5181
80.7409
65.9368
71.855
80.0044
62.5422
87.5203
74.61
72.5717
92.9278
77.9278
76.7463
82.9223
61.9439
60.5646
87.6294
83.3815
80.4461
93.1691
84.4412
61.5072
106.219
79.3929
77.7143
93.7219
65.4832
79.433
81.4847
75.3181
91.2646
71.4418
82.4071
85.3149
92.9721
91.8452
61.2578
71.3368
69.0979
82.0365
74.1877
81.9787
69.658
71.5457
90.0924
60.3425
64.2791
85.2621
79.39
69.6609
91.9153
85.2256
76.0905
84.3545
84.1185
58.6618
88.1634
77.507
79.0087
81.3275
81.0554
70.256
75.5464
77.3311
60.7301
76.9092
82.5714
67.0192
89.7255
84.9271
72.4677
105.2418
75.7321
80.5623
72.8844
96.0599
71.6511
64.8379
59.7101
96.5937
94.4032
84.0042
94.2274
83.7561
88.0405
80.6661
86.0327
65.0701
66.5138
87.699
65.4374
86.0665
83.2919
83.1509
70.305
74.6537
74.2782
75.2754
99.9352
80.8084
84.9778
91.5069
82.0656
74.4183
85.0125
62.527
40.8951
88.1516
79.0073
82.8307
77.2302
75.3544
99.7024
94.357
78.8963
80.7161
81.494
78.2256
71.6913
72.4025
55.8893
50.7596
74.3882
74.111
77.597
59.6249
90.9365
60.1185
77.6186
93.3043
89.7593
73.7092
75.1254
80.3995
81.2547
69.2115
75.7162
72.5394
50.2484
71.6733
64.0345
81.6592
84.8231
56.3474
87.9954
85.127
56.5803
73.9241
82.4171
91.9093
81.1722
94.2232
83.6269
82.2053
74.8677
80.095
99.3887
78.4579
83.4245
88.9843
94.226
85.6905
81.7222
98.9148
100.3694
79.1294
83.5524
82.2743
90.9326
75.9246
73.9098
100.8048
59.0257
73.8212
83.7491
75.1713
66.5988
62.538
92.0527
73.3297
90.6907
53.1408
85.4603
65.0119
50.6623
78.0785
83.7654
83.0201
77.1989
80.0012
73.3969
66.1623
73.3077
74.3062
79.964
70.6996
67.2116
68.8042
82.0209
72.4631
84.2499
74.3761
82.3565
85.855
81.5205
88.5082
62.4045
77.0481
93.8265
64.7667
47.8939
77.3224
73.7509
76.4958
81.8107
100.2647
69.143
65.6217
82.917
90.1375
83.7455
98.0314
51.1693
81.4474
90.192
87.1683
87.2148
81.414
77.4
86.285
85.1707
76.7663
65.0534
89.9125
86.7672
99.4211
78.5693
91.0485
85.45
81.6159
93.9724
90.2062
77.9984
85.3596
82.9486
88.0015
92.4102
99.4545
93.2266
52.339
59.4583
74.0818
91.3193
89.9408
81.548
76.9795
84.5502
84.393
83.693
78.9868
78.8931
103.1415
75.7634
82.7841
66.8998
85.8491
85.6543
64.8544
76.2639
86.561
77.0794
98.9721
92.7958
60.7107
95.1404
63.4679
80.1059
67.6752
72.7145
75.7319
63.7346
100.7412
66.8756
83.2893
87.2285
97.7868
52.39
63.0365
84.4354
74.0495
61.7641
94.4561
84.4079
93.8967
83.1021
60.9705
79.6576
68.776
65.9093
63.5652
86.5804
68.2291
83.6812
72.413
78.217
71.5223
88.513
60.0938
58.6372
75.5467
82.5707
98.8646
65.2383
66.2482
70.1791
72.9338
69.0709
66.9934
73.8453
96.9349
70.8425
80.7942
93.1917
86.631
73.8114
74.3357
87.3428
91.7482
70.0712
96.5203
86.7355
91.2467
89.5455
76.1543
76.48
62.5966
90.1335
78.6312
74.8557
66.425
81.7431
49.9074
72.4511
64.5702
80.2791
66.8588
86.7752
85.8178
71.353
75.0179
66.8037
63.5466
83.2062
101.6685
50.8138
82.8
47.9143
81.9469
87.5181
52.0803
73.3806
82.9918
74.8736
93.1044
99.2647
60.847
75.8065
63.4203
83.9921
74.5188
86.5107
97.1568
62.8573
76.0887
69.1752
83.078
71.9087
78.0908
89.7974
67.8278
83.8809
81.6971
85.7429
62.246
92.8446
101.5231
83.0353
54.7524
59.6742
86.0753
81.5114
94.7082
84.5419
87.853
79.1518
75.9563
62.297
65.953
76.482
81.7662
64.6096
75.7103
101.7635
63.2856
76.1015
87.1309
78.4145
85.0234
94.906
67.0826
57.008
73.3541
84.2576
68.84
94.6923
81.2062
72.6304
84.3383
74.8967
73.5595
80.5045
73.741
90.8712
73.7499
86.6991
83.3198
70.8117
80.7043
88.8328
88.6236
58.5956
45.3374
76.2878
86.0143
63.8026
70.0563
91.3318
80.1901
88.2147
101.9349
81.2054
74.6198
89.1799
79.4688
82.8353
91.4146
89.7825
84.3105
87.9738
92.7417
86.9801
68.7204
83.7537
86.7245
75.3531
75.7978
54.8278
94.2644
70.0755
55.6206
51.2663
78.4378
76.8079
57.9532
96.9474
83.7386
66.47
70.2726
75.4675
89.5912
77.9036
88.4487
60.8133
67.3196
91.305
96.3035
69.28
71.8002
72.7299
79.9318
91.5215
66.6291
71.1204
77.482
55.9762
79.6593
86.5325
92.3217
65.4707
68.9108
93.0517
102.6602
73.9576
67.2006
69.2581
77.9888
97.0769
91.8155
83.3556
82.1173
52.8381
71.8185
76.2336
100.9914
82.1311
62.8013
60.0486
64.0877
82.3438
76.5953
85.0097
72.6661
83.7081
88.907
53.6169
62.8172
83.0555
60.7878
87.9732
79.0539
84.8706
84.1752
88.1986
86.8936
76.8825
83.1376
68.1945
71.5144
65.4621
76.3855
84.0574
82.6075
97.0406
77.091
52.4649
89.117
89.1372
84.2415
72.3429
82.6773
71.6809
37.9001
79.5025
104.5272
64.6814
82.0609
78.577
77.3144
75.8608
73.4813
85.0697
64.923
90.914
86.5028
82.0196
106.4139
58.9218
77.7468
80.3858
75.4131
62.9369
91.9974
85.2168
104.248
79.7564
71.7045
75.4434
68.3791
78.7402
94.0562
62.4076
76.3273
78.091
94.9821
63.548
70.5531
93.5082
79.6408
82.9136
75.1573
82.2875
90.1853
62.6082
81.0306
91.2288
91.3974
82.6986
74.2056
87.1227
71.2603
73.6288
84.1998
90.0934
82.1123
93.1966
84.1193
79.6986
65.9471
85.5738
86.3079
88.0374
76.4128
80.0782
90.1253
64.998
74.2656
89.7636
77.0031
77.2255
60.5826
86.7275
87.4107
63.5264
60.4087
92.3163
82.4545
92.8358
72.0341
66.903
57.0125
92.2738
60.1347
102.4855
81.6352
82.859
53.3105
80.3326
50.5936
80.6808
83.0157
85.3301
79.1471
91.2526
82.4145
82.858
101.433
80.5409
102.2558
100.8804
80.7982
94.2015
61.718
79.7928
101.1475
57.4984
84.9098
79.5634
89.4004
73.7949
74.1238
87.285
45.7849
57.701
51.115
74.2795
85.9368
82.0826
98.8624
66.1431
100.4547
96.9841
76.7206
76.3572
60.7398
69.4556
75.4103
65.5775
52.7586
77.3244
90.7348
71.3715
99.2542
86.2605
81.5391
63.3265
79.717
80.4893
86.3321
