34.5079
16.5433
26.6588
22.0167
15.5142
24.391
26.1626
20.7244
20.9602
65.6396
31.1344
20.2096
63.109
32.2727
21.1813
10.4105
19.24
13.4213
19.4379
17.8883
12.8385
17.5216
13.8149
10.1731
26.0533
24.6325
10.0503
18.4982
9.1241
21.8472
21.2129
22.1349
39.4649
10.4275
23.1757
23.1335
9.3392
24.0249
16.2485
35.6893
16.3321
16.3778
10.0804
18.7602
20.6432
11.4097
15.2381
11.6735
21.2909
23.9459
18.6167
39.8898
29.8616
17.0788
20.5428
14.9503
19.7389
14.6381
24.0258
13.8407
13.1856
19.4211
12.9924
9.2148
21.5691
25.4859
15.868
56.514
14.9821
30.8268
11.1286
17.4352
18.4999
22.0004
13.7361
20.4054
17.93
31.7315
32.1582
10.8118
24.5572
8.2746
15.7483
18.2735
11.6144
8.663
21.4606
12.1931
28.5121
25.4679
30.4959
17.4383
17.3625
13.288
12.8368
33.7026
18.183
23.7441
10.5356
19.3626
37.9808
11.3143
20.7425
23.3629
15.03
22.1099
12.3767
12.3405
19.2521
24.4848
33.9907
17.8936
13.0291
16.5046
12.7948
18.7396
19.844
12.1733
21.1499
22.8025
13.8828
30.658
27.6895
14.0705
24.8689
10.1584
29.5377
28.0928
12.9177
10.4558
16.0525
13.1996
13.759
8.9918
22.6407
17.5617
49.1151
26.2572
17.0553
16.4444
15.0338
14.2779
13.1552
9.9603
22.3618
8.8208
38.1816
18.4116
9.8113
43.0599
14.5567
32.1246
16.9923
9.0208
33.1225
21.0151
27.1376
10.266
14.7242
25.0338
28.1337
14.1025
20.3917
22.2555
15.9425
27.0782
38.5483
17.8111
14.6037
9.4569
18.249
23.5185
19.1821
25.7139
20.3331
38.9399
15.5464
18.5428
13.4422
20.6169
15.376
13.9954
39.0658
10.921
24.546
18.3901
18.6856
18.8955
18.1187
13.1969
25.3453
11.9462
42.224
74.9845
8.0017
11.0597
16.2497
12.2153
25.186
32.6154
13.5883
17.2662
14.069
26.7736
16.3337
22.6265
14.9746
18.5579
16.0884
23.1391
11.5951
16.4308
17.3019
19.6315
10.6904
33.2134
20.1486
49.378
15.3183
39.3973
15.9032
8.4247
27.2954
19.1661
21.6116
28.3073
9.9575
18.5319
51.5718
21.5538
11.229
14.5067
18.008
9.8059
22.5592
33.679
12.7657
11.279
13.2062
19.0408
38.2262
33.6042
36.4283
18.3614
14.138
19.2341
21.547
12.1447
17.9966
30.0736
35.7557
15.8381
20.1634
10.5417
13.3314
14.8943
20.7894
16.4468
17.2778
22.1841
41.6749
57.2319
28.4566
13.5184
25.4532
13.9842
25.2312
26.8842
15.6186
26.0524
21.8876
26.0641
14.8037
10.4692
13.5867
12.221
15.5364
14.8889
13.0545
25.5724
19.4372
12.174
12.7961
28.7642
9.6662
22.5199
10.3231
11.0678
34.1768
16.8311
14.7029
15.5035
15.7547
8.2892
22.1939
25.7288
35.7438
15.4428
34.8653
36.1538
18.9987
24.3523
15.6478
9.5211
11.2108
18.0458
45.6346
33.595
39.4108
9.1566
26.2493
19.1715
11.1206
14.2198
19.0886
17.534
20.2088
15.5263
21.0374
27.7341
16.8822
31.356
15.3911
18.7638
20.7252
12.7412
10.0805
19.3834
13.5014
17.0303
26.9289
31.8979
25.9113
16.4557
11.5367
18.0104
12.9873
18.2289
15.3528
23.9502
12.9912
16.8919
39.3388
25.6439
15.0359
18.8201
13.5386
19.3707
15.7723
11.9047
19.3155
17.3277
25.0756
35.8496
27.8572
16.503
27.8099
11.112
21.1198
22.6217
10.0294
21.907
38.978
12.7672
12.7767
12.0545
28.1688
29.805
13.331
19.5006
10.9514
32.1887
18.8193
17.0704
16.6217
15.7614
31.4447
25.2301
23.5459
21.2484
22.0492
14.8724
18.6779
11.2062
11.102
9.4975
27.6327
18.0836
14.6724
25.7738
20.3005
14.5069
13.0393
11.9765
13.1897
12.4954
16.736
18.799
10.3443
14.105
19.6741
16.4154
32.4952
13.2266
10.424
10.6748
19.6322
20.8503
17.3079
12.9978
9.7401
25.006
17.2774
21.1291
12.0538
13.6409
12.3326
11.0452
18.6747
10.4498
24.9975
9.1068
13.6907
16.2135
21.4844
14.1849
17.712
10.7413
18.8866
12.1995
19.7036
19.8916
27.0766
25.344
9.6201
25.467
27.0653
17.6818
60.7909
38.7035
28.1313
12.8895
14.194
14.9211
18.6258
21.3792
12.2252
25.86
24.3678
15.3803
24.8231
10.0748
24.086
13.3275
20.9801
21.0209
23.9646
14.7928
21.3389
21.7352
12.3863
10.912
25.307
41.2919
26.2146
21.0407
10.8901
16.4635
18.5289
16.6379
9.3865
17.7886
14.4231
48.5944
10.9025
31.4444
15.0261
17.0733
20.1354
13.0329
16.8852
15.1669
59.8582
10.0593
13.6498
10.9846
23.5655
17.44
15.9037
29.9961
9.8096
13.5966
13.1352
19.038
19.9478
16.2352
24.528
32.9521
15.0702
19.8497
12.8527
12.3086
11.772
13.5693
18.7729
12.4646
13.1882
8.5563
28.7891
15.3092
10.3067
35.6142
11.726
25.6411
14.4461
14.4196
13.4898
14.3027
13.5557
12.1016
19.9774
13.5915
8.5373
13.6916
30.4326
40.3713
22.7939
11.0678
22.3781
19.4793
15.2683
12.2752
36.0875
16.6188
15.7425
17.5407
19.1937
52.8566
20.2635
8.2791
17.1794
13.466
26.685
17.0958
28.7633
13.7743
10.8057
16.4036
66.5991
34.3753
13.6565
12.6504
34.8314
16.3247
29.7822
16.5605
12.145
38.1554
44.7156
22.1168
17.0271
13.6558
26.3468
22.2648
45.6228
38.0011
17.6196
19.9026
13.8231
30.8621
34.381
38.4871
18.808
31.3197
17.772
23.225
13.0481
15.2915
17.4544
12.2003
18.1411
14.4437
11.8648
40.5909
19.494
14.2765
13.2361
16.0988
32.6947
16.858
10.5203
13.456
19.7116
28.631
15.7932
17.1923
12.9083
12.3927
21.8247
35.512
25.2218
47.9639
19.7635
15.8001
20.6161
19.1501
17.172
12.2181
15.5269
25.3796
11.9199
15.1147
17.5311
13.7628
16.534
24.2908
29.8381
24.5692
9.7952
19.8087
14.5463
23.5486
18.7491
30.0939
38.3208
19.7185
53.8897
19.3421
16.4845
74.2077
18.5867
12.6556
8.8786
14.658
26.5181
21.0209
14.4895
21.8219
14.1758
10.5698
23.4864
22.7485
16.9761
14.7852
11.9268
30.1807
14.1285
25.9314
18.6695
21.1071
19.7293
23.8913
16.318
21.1809
18.5093
15.3779
13.8966
11.2496
17.0139
16.1326
14.122
13.6855
30.2331
18.1645
14.5803
14.8676
15.2341
10.8092
23.1142
13.2019
10.4663
19.7545
13.8124
19.5833
24.5528
27.9184
12.1264
33.4173
16.1018
13.0691
12.647
19.8771
20.1109
26.2849
18.2514
12.1704
38.6579
14.4752
10.8186
38.491
19.108
22.4257
13.8521
26.939
11.3874
12.3337
16.8597
33.3348
15.7914
16.0584
10.8931
21.8271
27.0065
64.1089
17.9601
25.2098
31.1492
11.9207
11.1809
26.0119
23.8585
9.202
19.5645
34.2948
18.2614
17.1668
23.1207
17.8895
25.4582
24.3947
17.3475
14.35
12.7433
13.0721
19.6529
17.1347
14.9651
11.2471
16.4868
27.5418
8.6593
22.5996
22.6689
19.7179
38.3329
12.7274
13.51
27.0221
13.878
16.6011
10.6156
26.5447
13.3518
41.4295
21.6823
11.2277
19.1216
7.8967
13.9796
43.56
12.2673
15.8312
25.6302
31.2967
32.6639
12.4244
17.9848
18.7485
17.5776
17.0757
11.0521
23.0609
14.981
18.3877
10.3638
14.1572
19.6196
15.4279
33.3322
15.7434
20.799
19.3816
18.4222
14.9025
19.8631
21.1691
32.2488
23.1887
16.3017
10.7512
21.1954
29.5706
17.8044
20.1711
14.7816
19.8386
13.0747
17.9493
49.0315
38.0763
23.5811
29.4337
14.7994
31.4051
21.9508
19.5789
13.5461
14.7151
10.5535
21.1695
21.419
15.2088
8.4199
13.0767
9.4801
8.3433
21.0015
9.8972
15.5128
41.4313
15.5335
14.2959
15.8791
20.1755
28.3774
10.4496
22.6952
37.7709
16.988
10.443
12.1721
15.7093
13.2203
10.8342
56.8559
21.4137
9.2589
45.7804
25.581
28.9913
16.2923
18.3254
16.1956
18.3542
38.4318
40.4315
14.5076
27.6028
21.0247
24.5671
15.941
12.0723
20.9534
14.0571
25.422
14.185
19.0536
33.3079
15.8974
25.7632
21.7935
22.6276
17.1603
14.0386
23.8373
26.3824
26.6346
11.8138
31.4515
12.0703
19.3306
20.2899
11.1643
13.8825
27.0859
31.3915
12.2535
25.3439
14.7002
40.9662
26.7063
16.6581
34.9176
17.7095
21.082
17.8263
15.0284
20.1726
51.925
15.3121
15.7893
21.0122
21.0389
17.3674
53.1613
22.1715
24.9157
15.0487
16.7248
17.2568
10.0448
18.5003
17.5467
25.7364
16.7929
19.7882
14.8443
7.9349
16.7594
15.1857
37.2651
10.9753
15.3911
45.55
15.8797
16.5882
23.6985
10.1284
20.026
26.0494
19.5014
22.6625
10.2512
17.1473
22.8619
14.6784
9.7243
13.5425
12.3992
11.3809
17.0951
21.9213
29.4719
20.5211
28.528
22.8774
32.0456
18.8845
20.7381
10.1423
13.1004
14.0533
12.9761
39.4294
35.7462
15.9177
9.8962
29.8706
16.3624
14.0945
9.9026
50.8592
13.9614
25.7815
23.9438
18.0856
22.3325
10.8718
15.2877
28.2591
28.3752
25.6117
22.4795
26.1321
18.821
16.3041
14.0762
19.3815
11.3058
16.0437
19.451
22.6177
28.4185
23.2776
15.8117
17.0166
22.3091
17.1829
13.0948
16.7153
23.8629
14.4558
32.5303
15.5533
29.8282
14.5642
22.0841
10.9196
24.543
17.2087
25.9908
19.4119
15.0847
21.1342
16.9181
11.9009
11.4597
28.1604
22.0539
14.5656
13.0084
10.1276
16.0671
17.4021
19.4889
11.4784
35.4415
32.8328
11.4182
20.1333
