8.9937
6.2439
9.6565
6.2579
9.9258
7.6209
6.914
10.0599
8.9484
9.207
10.0695
8.5825
7.1375
7.8746
7.7486
9.097
9.0911
7.3892
6.6229
10.9033
8.2568
8.661
7.2595
8.0729
12.3459
8.5085
8.9471
10.5889
8.0785
12.6303
6.6709
12.9914
9.741
8.3576
8.9228
8.2189
9.1363
7.2538
12.854
7.294
6.914
11.2243
8.2796
8.9316
7.7412
7.6799
7.903
7.3184
7.3892
8.3714
8.029
8.5248
7.1375
7.6501
8.1817
8.2435
7.3626
6.7721
7.4269
7.7522
8.4342
9.0324
7.4556
7.4829
8.972
8.3216
6.3008
8.2103
6.8723
10.6965
8.7913
6.8316
9.9236
9.2291
7.1006
8.5694
8.732
8.0343
8.1309
9.3432
6.6409
6.6409
9.4216
7.0677
7.5947
9.8222
6.4535
8.6682
12.4654
10.7664
8.7455
10.0866
8.8355
7.8373
11.194
8.3155
7.4316
7.3991
13.132
9.4076
6.9567
6.5876
9.1327
7.8372
8.8337
10.4039
7.8711
8.2432
7.5059
7.8967
6.4697
8.8887
7.7734
10.638
7.8687
7.3184
9.5661
7.6569
10.5493
9.7411
8.2055
8.3735
7.1239
7.644
7.9678
7.9292
7.2848
7.9791
6.6229
8.1609
7.9648
9.4966
8.837
6.5876
7.045
7.5339
8.2064
6.5876
7.7614
8.3308
8.8209
8.9466
7.7368
6.6959
6.406
10.178
7.4518
7.5848
6.7528
10.0218
7.5623
10.4441
7.5057
7.8906
7.7374
12.2293
8.6269
7.1139
9.7275
7.045
11.7276
6.8115
7.9018
6.6051
10.6789
6.7336
8.2062
7.6517
9.5583
8.8415
8.5134
7.8839
7.8315
7.7118
8.6268
6.8828
7.7356
8.3715
6.3301
6.914
8.1721
10.3795
7.1854
8.9925
7.9719
8.4054
8.3133
6.8224
6.893
7.7415
7.6155
6.536
8.0991
7.7346
9.1591
9.4152
6.9051
7.9534
11.5646
7.2185
9.4666
8.3391
14.3162
13.4212
9.0949
8.0029
7.6481
7.6312
6.8028
12.0015
8.5386
7.3738
6.9567
7.767
8.92
8.6022
9.5102
12.3408
9.1903
8.8349
11.7547
9.2576
9.5614
9.8499
7.0907
6.893
9.2031
8.8321
8.2841
6.536
9.1108
8.8228
6.5876
11.1541
9.2719
7.171
10.186
7.6205
10.4201
6.9671
6.3906
8.18
8.2738
8.0622
7.7431
6.6709
6.9352
7.5667
7.3892
8.347
7.0005
8.834
12.1969
7.5848
6.5876
7.1952
7.3248
6.406
6.7336
8.4585
9.1265
8.4211
7.767
7.321
9.0486
7.2098
9.1626
6.4375
7.6391
9.0887
6.6051
6.7528
9.3962
6.2026
11.0919
7.2595
6.4217
8.7738
8.9563
8.6206
6.8518
7.0013
6.6959
6.8115
7.2453
8.952
7.8702
9.5208
6.1626
8.2722
9.1354
6.8115
7.7356
7.6838
8.2363
7.8688
7.8989
7.6218
14.1328
7.8663
12.8681
11.8944
9.6512
6.5702
6.5702
6.6051
10.7655
7.1119
8.9753
8.4822
7.3529
7.8086
9.2813
8.2053
7.1613
6.6959
8.7614
7.8399
8.7456
8.9259
7.2461
9.4707
8.0699
7.0544
7.9695
6.6051
8.3139
6.5025
10.0118
9.8666
8.0141
8.4105
11.236
7.9373
8.1485
9.0773
6.6409
8.3943
7.9679
10.3383
11.2937
7.3363
8.6497
7.7102
7.3457
6.9464
16.8051
8.6831
7.1701
8.2566
7.7766
10.2681
7.4026
7.2183
10.0476
6.6773
10.0252
7.8121
7.2595
9.2719
6.4535
7.7165
8.7461
8.2864
7.2848
7.8431
7.0225
8.3138
7.1854
7.4233
7.2678
7.2345
7.6142
7.8731
8.354
7.3202
6.7075
6.536
6.9042
8.003
11.5889
7.655
7.7422
8.5369
7.8082
7.4058
7.0907
8.7603
6.9242
7.0321
7.7988
7.5206
8.5609
9.4224
8.6909
7.1139
9.4191
19.5133
8.2944
7.831
8.34
6.4535
6.9667
8.2433
7.5925
6.9035
9.9566
7.8315
8.2522
7.5421
17.2272
8.3283
9.4991
7.9362
7.8673
12.2246
8.4143
8.4009
8.0732
6.9352
7.8636
9.3085
7.5383
12.0882
7.0907
7.0003
7.767
7.4284
6.5876
10.0999
8.9473
7.0351
7.0907
8.7461
9.0412
9.7958
9.0435
6.553
6.8115
11.1475
8.9303
7.1952
9.4128
7.5848
7.1034
8.0891
7.7476
6.9783
6.8115
10.2126
10.6489
9.5632
6.8723
11.5475
8.2457
9.2674
7.6142
9.8205
6.9243
10.6676
7.7453
6.4375
8.9317
7.4709
14.7863
8.9769
7.8944
9.0568
7.3701
8.2137
7.6508
8.461
6.9783
7.7468
10.036
7.3276
7.711
8.6969
6.9567
11.2139
7.8364
10.468
11.7145
10.2161
7.0225
8.0309
7.838
7.9302
8.579
7.8849
8.4963
9.6662
7.8043
6.7721
6.9567
8.8172
7.9992
10.5768
7.9966
10.2011
9.5217
7.1713
6.659
8.318
15.3354
7.5922
8.4547
7.1375
7.0677
6.7075
8.0745
7.9228
8.9564
7.3966
7.5937
10.6017
7.2678
7.0907
7.1742
7.6501
9.8246
9.2663
9.1588
7.8102
8.132
7.1139
6.4535
11.1832
7.4522
6.9894
8.0232
7.0103
8.2189
8.3569
6.2163
8.2231
7.9606
7.9665
8.9674
8.8388
7.1139
6.5191
7.5639
7.2345
8.7151
8.6092
9.0473
6.8316
11.8334
11.4502
10.6513
7.3183
8.2649
7.5624
7.2468
8.1723
14.0358
7.3188
7.3341
7.045
8.1698
6.7528
8.1822
8.0639
6.9456
7.5064
8.0094
8.4555
8.9756
7.7911
7.0101
8.2917
10.8029
7.2848
7.3705
8.702
7.5913
7.709
8.7167
8.2036
8.2794
8.2085
6.8837
6.8427
6.553
9.3546
6.9461
7.5962
9.4536
8.6351
7.1587
10.0532
7.9684
6.6229
9.636
7.2448
7.1717
8.3657
6.6959
8.4158
6.9783
8.8747
7.8057
7.9012
8.0719
7.2848
7.8435
9.1406
7.5092
8.7243
7.2848
10.2046
13.9632
10.5362
7.4828
7.27
7.5848
10.9091
8.4865
8.1325
7.8023
6.9882
8.9856
8.0163
8.0748
12.5748
8.1094
12.8677
6.659
10.3475
7.683
7.0677
6.5025
8.3299
9.4307
7.65
13.7154
10.4278
7.6803
8.4321
7.0677
8.2211
10.9436
7.9963
7.4254
8.0379
6.9783
10.9352
8.5937
6.7336
8.7546
6.1365
8.097
12.575
7.2848
7.7988
7.7778
6.4697
7.6207
12.2461
8.8801
8.3708
7.5271
7.1375
6.486
6.9895
7.9883
9.6553
7.4709
11.2001
7.7428
9.2073
8.9772
10.9225
7.1613
7.3104
7.7355
11.8464
13.0829
6.9783
6.7146
7.5109
7.1139
7.0225
6.7146
7.3892
12.6478
10.1349
6.345
7.8378
10.5824
11.2276
7.6837
8.9345
7.3104
7.535
6.7146
8.4016
7.4244
7.3466
7.9687
6.4535
6.9783
6.8236
12.2118
11.5203
7.7132
9.7719
6.5702
8.8678
6.9352
7.2185
7.3776
8.1224
6.9352
8.4643
8.3909
7.5848
9.31
6.9764
7.8533
7.7724
9.7798
10.2063
7.0907
9.9002
10.0758
7.3363
9.3161
13.2009
7.0003
7.2345
7.9967
9.3733
7.7131
7.4517
7.123
8.2594
6.6891
7.9051
9.564
6.3008
7.2931
7.2689
7.7765
8.3703
7.7414
10.3199
8.1269
10.2096
6.8115
7.2848
8.7306
8.3832
7.4235
6.8115
8.7887
6.7469
8.8491
9.2198
8.4509
7.6816
7.3981
7.8963
7.2848
9.7796
7.2699
7.1375
8.3399
8.1855
12.1122
11.3758
6.8944
8.1321
8.1683
7.1466
8.0626
10.1617
12.4706
7.7731
6.9884
7.3462
11.3281
8.7677
8.6807
8.5787
7.4505
10.3477
9.3605
13.5497
9.6761
7.3779
6.893
9.1555
7.5271
9.9559
7.2345
8.372
11.8722
8.31
12.3642
8.4759
7.7356
8.6804
9.0619
8.7623
7.65
6.9783
9.0905
8.8649
7.6503
8.4208
7.7195
6.9453
6.9567
7.7356
12.9343
7.1375
8.3438
6.6773
9.3866
6.659
8.3553
7.5572
6.9352
8.4413
6.8723
6.4535
10.178
7.3824
7.4709
9.3685
6.6959
7.4248
8.5692
10.1605
6.9783
7.0677
6.7336
8.4389
7.5271
7.9046
8.8115
11.1311
9.3081
7.2768
6.8518
7.1854
7.2449
8.5043
9.544
8.7444
10.4187
6.9456
6.5025
8.3439
7.7047
10.4633
9.3064
7.534
6.5025
12.4729
6.9262
6.8115
11.8431
7.8399
9.4112
7.6546
7.3269
8.0418
7.0225
7.534
7.6502
6.3906
7.5338
7.3979
11.6919
8.4952
8.2016
8.9089
8.9209
6.7528
11.4242
7.4269
8.3338
8.7139
7.2098
12.2609
6.536
9.901
10.8808
6.0984
7.8634
6.9352
7.2677
7.8044
8.9501
6.9567
7.4235
14.0366
7.4161
10.9187
7.2727
7.7056
6.6959
8.4547
8.5069
15.8368
6.9352
14.7907
10.1365
6.7146
6.9352
10.4127
7.0546
7.4247
7.8041
7.243
9.0491
6.659
11.4465
8.7896
8.9469
10.0886
7.0322
7.9649
11.16
7.1375
8.3043
6.7833
7.5344
8.0315
8.5999
8.2917
6.6229
7.5108
7.9698
8.5848
7.32
8.7741
9.7391
7.3188
7.1955
10.6992
7.9248
9.16
7.3967
8.3476
9.2378
7.6842
9.2653
8.1457
8.3338
9.8539
11.3408
7.5382
10.5364
8.1238
20.0083
10.0835
9.4064
8.6638
8.5854
6.8838
6.8115
9.4841
7.3194
6.7336
7.3185
7.1809
7.4516
9.3605
7.27
8.4951
7.5356
11.9179
6.6229
6.7917
7.1465
7.9665
6.2579
8.2949
7.9016
8.2699
6.406
7.3049
7.8617
10.7047
8.5903
9.7273
6.8723
8.9025
8.6668
9.6586
9.3014
10.6694
7.1139
8.272
8.3545
9.3713
