87.5828
64.9334
73.3201
64.2432
70.3592
56.8624
63.7672
70.7585
67.6986
81.2431
69.6463
70.1526
53.8919
71.287
64.0548
82.0677
60.348
67.1284
65.7889
98.9423
81.8976
84.4894
63.376
84.9544
90.0541
50.5411
58.3832
57.1145
101.9953
83.8048
71.7066
95.5041
64.8868
59.4655
71.26
88.2179
71.0917
62.4786
63.6339
82.1312
65.9783
74.5073
58.3894
71.4918
67.1284
58.363
58.3971
62.6818
38.9821
48.8624
67.8773
42.7344
48.1671
68.2553
65.0017
54.822
65.0613
48.0834
63.7768
64.7702
87.7632
61.8089
79.2023
57.1669
78.9251
59.6387
65.8713
57.3689
86.4231
35.5002
48.8719
57.3233
94.6594
42.8639
82.3911
52.6448
96.7335
51.0709
68.8024
45.4668
64.2071
55.4037
55.8857
51.1283
93.6133
65.5589
54.8358
90.3616
34.0091
59.2541
72.7078
69.5806
94.8322
63.5399
57.802
55.3318
94.2056
80.8539
61.5743
36.6748
73.3413
66.4738
58.2913
105.111
40.829
66.8777
80.5136
75.8567
74.4206
81.7053
81.2962
80.7495
68.5693
49.6338
59.2179
60.5731
67.8721
80.3819
55.0811
63.5183
51.3868
65.4959
51.2318
100.8438
70.1262
31.6325
58.4616
68.6197
77.9178
61.7627
52.0446
54.1121
46.9769
62.5892
87.2499
49.3499
89.6989
70.2155
72.2427
65.8957
54.0405
70.2059
54.602
61.7217
52.3175
83.7714
84.5098
32.9737
86.0301
55.8782
70.1589
69.8166
53.6576
64.0717
39.5547
28.4191
83.8193
78.0535
28.5878
78.224
58.5571
58.7452
56.2106
90.7062
47.7248
75.1231
70.6049
75.8591
85.4886
71.5644
34.7467
75.3632
88.5795
59.9435
71.6243
72.1899
60.0812
79.5839
72.071
84.7925
62.8424
66.4322
91.5723
67.0033
83.0501
67.5976
88.7896
60.3648
88.6175
65.6249
53.4246
67.9557
83.0991
99.4214
77.7373
59.025
87.8615
70.3247
55.5396
69.761
64.3076
73.6647
65.1402
61.0104
71.414
83.26
95.8055
55.5354
66.4167
83.2239
63.9779
60.9172
67.6836
74.8424
51.5212
67.0863
49.1915
80.254
75.0931
84.7284
71.8665
66.4547
50.2233
59.7951
89.339
50.0721
84.8664
67.2793
64.3758
78.2094
46.7222
82.5757
51.8787
86.17
79.0864
70.9674
60.841
72.5532
67.3918
73.3395
74.9041
70.3382
35.2323
50.1146
90.36
69.416
87.3713
42.0741
71.566
55.6756
85.3804
80.8404
60.3181
78.7972
89.5795
82.7163
91.072
77.1858
76.1433
75.8196
56.3028
47.728
69.8683
70.1634
75.9629
65.648
61.2306
78.0296
81.9304
77.3988
80.2288
58.8807
70.136
36.9925
55.6988
44.1968
74.0145
71.6515
64.3095
43.8577
90.022
83.9113
72.6436
64.8301
41.9988
77.0758
80.6482
76.9543
76.2108
85.4324
40.8841
70.9175
61.249
69.6152
52.2074
82.3273
64.6342
72.9812
77.6539
46.0995
53.8584
53.9388
65.3865
78.1983
78.8876
66.272
68.0583
73.771
57.0112
59.0854
68.3832
55.8565
55.8748
66.751
109.4444
67.2361
59.2072
80.7702
33.0109
76.4961
85.6604
43.9545
80.0843
79.8096
69.3965
61.1088
66.2013
64.1905
83.213
46.5954
52.1055
59.5568
57.8117
63.9043
65.3817
42.6409
65.898
47.3607
74.3441
68.8005
62.9207
62.1352
54.4203
74.6931
79.0791
90.3528
90.0677
37.4181
97.1855
80.5808
91.7101
53.4602
61.979
78.4541
77.1277
56.9597
60.2571
69.6423
84.4659
69.8479
50.3189
51.0271
65.1019
82.0255
73.6196
48.8437
84.0264
64.7178
72.1447
82.0489
81.0358
54.9084
71.1673
80.9108
56.9381
76.4012
98.4816
76.0216
70.0861
96.1506
69.1667
69.7328
73.9836
73.363
33.6714
57.8896
66.5148
70.9256
44.5978
55.6681
50.9755
67.3338
29.2424
82.022
81.3251
83.5587
78.0406
47.2248
52.4223
60.5612
90.8652
67.4898
70.3185
59.175
55.9462
60.8061
79.2001
68.726
52.5641
55.734
32.4785
44.2895
64.739
59.7996
55.5755
41.2664
76.7951
59.3113
72.4484
79.145
83.3295
44.3694
52.5229
82.9884
54.7925
62.209
68.0759
52.3133
62.8451
87.7161
52.227
50.693
54.3244
59.2891
54.172
56.7061
67.3815
65.9999
90.4649
94.7685
59.9151
71.0433
69.9324
72.0039
84.6778
76.3137
70.1772
81.0046
52.6589
77.2018
45.9246
52.2635
68.9647
71.7406
75.1731
60.5183
76.062
45.4785
58.6618
57.3012
71.3823
88.8311
67.6317
104.1045
101.5127
61.6046
42.6286
73.1279
54.6908
59.5643
73.6279
51.0352
51.8608
82.5868
94.6063
56.7823
66.6447
60.3555
81.4915
70.1466
79.5521
60.977
81.8393
86.1114
62.2679
99.5628
39.8388
76.6666
52.6411
66.0862
35.9138
68.9207
51.2372
59.975
69.7609
77.6369
80.0588
29.5373
41.4719
72.575
52.6419
74.3356
61.3682
72.325
63.5211
83.9033
68.8685
96.3067
60.051
63.5392
66.1478
76.5211
70.209
53.8958
28.8266
75.4553
49.6392
77.4161
87.362
72.1534
58.5599
85.9994
70.5025
76.6437
65.9309
64.6017
72.2925
52.3911
115.1561
66.5767
74.2771
36.8292
74.3174
67.3116
78.2819
55.9704
79.1369
74.2696
63.9058
92.9237
83.1882
73.408
60.6993
43.7017
66.3295
72.3863
95.1637
44.3801
26.8894
85.8561
56.8966
82.8984
57.4032
90.9555
56.3003
62.7723
81.1058
68.8959
92.7625
47.6947
78.8012
61.5984
79.281
58.4503
70.5041
84.9529
77.6895
81.5884
86.6894
56.2913
64.1355
71.9259
62.289
55.2671
65.3305
61.2686
76.7103
41.6305
73.2601
54.6378
43.0276
58.6945
75.428
88.225
66.4459
76.2327
35.6308
67.887
53.9137
56.8601
43.1728
36.1214
55.6034
80.9584
53.6849
73.2681
61.1626
72.9894
56.7579
78.3657
77.202
56.1522
42.0841
56.5772
53.4858
81.0359
63.2967
59.2847
76.3419
58.5515
53.7186
42.8451
56.0018
65.6794
68.2321
69.9323
80.5763
76.7848
94.9237
62.1917
53.5836
87.607
82.6177
68.1567
61.9259
64.554
75.4563
85.8677
62.8517
52.4951
78.9869
51.9449
50.6376
85.9681
53.4228
29.3767
81.1563
67.2179
92.9009
93.06
69.1131
81.8647
57.4135
53.1251
47.4277
81.2377
75.9431
57.0616
60.0508
79.4556
42.2641
50.259
55.2245
69.1863
69.5061
52.1524
56.7065
83.2467
50.7232
83.0666
70.8744
68.7766
54.8806
79.5156
69.8353
45.4669
72.1641
65.6594
60.9679
92.6728
65.4628
38.4767
77.6037
76.655
36.2022
85.3007
39.9236
78.6254
72.8214
82.6424
53.8836
91.0913
64.8859
54.0124
58.5163
76.1525
49.8869
59.3509
50.8054
96.0708
66.2572
72.7165
68.8905
84.8128
75.3423
69.4018
70.3665
75.3521
86.3824
64.2812
72.3452
71.681
55.8563
69.5096
80.7309
94.4807
44.0124
85.6631
33.4014
81.9526
72.9904
46.2568
63.7012
84.2661
74.8091
92.8068
80.2351
58.6748
78.3559
72.6649
50.2496
53.8193
73.1306
78.9993
66.953
67.9409
34.817
67.8246
66.2014
66.2564
52.4375
69.4718
42.5314
50.4202
79.4211
75.2168
67.6428
68.5837
34.2777
72.3646
77.4576
60.7174
56.2906
65.8593
67.6
84.4551
48.8085
103.4366
74.243
64.2582
91.9487
72.9049
72.8125
36.3813
62.821
49.5768
101.3735
50.1036
86.2437
47.2439
94.8363
79.64
83.0284
66.8564
52.3383
71.2908
39.7866
55.2012
68.2286
61.1272
49.0616
60.8346
76.7612
68.1836
80.01
84.8195
68.6957
48.24
42.2569
69.0563
52.8332
65.2101
83.7055
65.0697
77.9553
69.0522
83.6386
43.2771
33.5051
69.6146
53.4043
75.3729
60.2986
87.4824
54.3341
68.7829
51.5817
79.7836
48.7372
77.3933
93.2199
93.3239
65.8469
64.4524
111.3782
78.7197
55.5421
96.0156
51.9425
44.0794
87.0023
72.8084
68.9085
75.2807
79.1414
76.7248
50.2234
69.7304
79.1157
76.6151
37.7073
73.4647
41.5058
80.9466
88.7173
70.7783
28.3609
62.484
60.8222
44.3176
39.4095
68.7616
59.191
59.9322
63.7933
64.9269
84.6493
94.2174
52.8669
71.336
52.1253
67.0794
34.2005
72.8618
70.5464
62.4155
61.4351
70.2161
60.3368
54.7804
54.9725
82.0062
69.1469
56.8734
69.2949
77.6203
74.2889
62.7972
74.4545
80.8572
46.6547
59.4089
62.7191
64.1687
59.7673
62.3099
68.2975
68.2647
66.8447
67.8655
78.1393
49.595
57.3097
76.299
33.3377
81.3091
72.0118
87.7298
80.2313
58.6383
67.4157
80.3126
45.6472
57.2462
65.3416
68.6197
59.1465
62.3103
81.1542
29.6247
58.1964
71.3885
46.9198
87.1034
89.9822
77.2744
38.2723
77.7015
78.1788
89.7219
90.524
85.93
88.4283
34.6271
65.7385
61.6619
74.7979
71.955
43.5692
85.1577
63.6902
60.223
92.3892
58.3019
72.9939
51.9584
79.4883
59.8872
61.4101
84.1027
70.8095
55.0461
78.6855
78.5168
81.9951
76.6797
91.7414
70.3914
88.2547
49.2167
52.3344
64.8025
50.359
61.4544
55.2173
37.4086
57.661
76.3711
81.2651
70.6182
76.2883
74.3564
65.8663
43.4402
98.0032
72.7044
77.3336
78.5061
23.0249
69.3797
79.0235
78.4378
83.4048
80.3345
66.9651
54.1032
69.9442
53.4978
84.6943
86.4485
69.4528
67.096
54.4563
37.7351
43.9359
70.6826
46.9685
65.0667
96.3035
78.4681
74.1876
70.3778
62.5758
64.7846
52.1027
79.3446
79.4679
84.4896
86.3324
69.8478
61.1253
83.6801
90.0919
52.7582
51.4693
79.1124
88.9201
30.7556
44.2657
62.5847
49.0918
76.5414
75.3603
101.6095
81.6264
56.5616
70.3704
81.6437
64.0641
55.8836
