114.7613
86.989
60.8657
55.001
81.1817
94.5571
104.2702
78.3505
75.4216
91.039
122.1203
116.1528
79.3793
139.1868
44.9762
63.1792
124.9617
83.9721
48.9983
60.6317
80.6285
115.4282
79.6191
83.9422
142.0259
98.1769
71.4358
91.4968
66.8146
46.1041
111.6392
91.8708
75.4997
59.3822
60.0089
74.2834
141.8955
99.6888
71.3881
73.7134
67.7651
89.6786
104.1961
76.431
83.5579
95.0286
127.2256
82.5683
69.2432
54.4636
118.4501
115.9292
93.3066
112.4987
69.4333
116.604
130.8472
80.9258
69.5836
107.492
83.6001
117.2089
159.1248
66.295
59.5336
103.1833
91.2646
69.2108
45.9302
62.0521
99.2362
86.3449
131.0437
102.4091
111.0605
65.2165
80.8362
68.5334
74.5955
98.5488
105.1709
95.508
120.2828
52.0701
102.7871
58.5586
42.4426
99.5189
106.5537
111.1382
113.3261
81.5779
80.7215
78.9514
150.6856
58.6389
99.5566
68.3318
91.7803
62.5094
90.2117
107.3968
80.1036
77.8092
76.1942
89.1097
78.4206
127.7944
43.5957
78.4902
88.477
84.1822
94.877
161.4392
77.1236
68.1251
68.5229
79.2671
100.1292
97.1508
83.9197
54.9187
144.2147
71.127
50.3985
52.6624
90.3822
85.9381
102.5028
69.6192
71.7534
105.1862
81.0135
70.1278
106.5059
78.8495
145.9328
110.9665
116.9419
124.5667
144.2728
80.297
127.0976
81.9648
92.8325
145.0773
79.7859
70.9258
101.7063
59.4214
78.4774
57.9103
100.9799
103.5416
142.1055
129.0828
63.9548
50.8314
73.177
79.7655
98.4763
71.2084
103.3162
64.2267
82.6753
109.0117
69.8189
67.3219
90.0907
53.338
123.1799
72.189
79.5872
80.6929
85.3587
140.0122
72.3609
59.1987
120.4094
69.5733
95.7702
99.0327
71.0819
98.8571
163.2481
116.7709
74.4405
68.471
116.5607
63.8105
85.4467
73.3769
57.5722
96.55
107.698
104.8577
88.4896
83.3331
93.2872
74.4999
100.8548
109.4189
49.581
66.9979
82.8117
85.2107
85.8137
43.072
187.7009
53.3551
76.0454
89.5717
73.8721
99.6271
61.3318
102.6958
102.354
98.211
73.5252
85.1896
44.1806
77.0718
49.8426
93.3466
81.6744
88.9862
69.3416
79.7836
113.7451
96.4934
70.6821
85.6716
67.2188
35.9749
77.1767
87.6016
74.3386
69.3543
107.5591
123.9772
76.3282
52.2223
62.692
57.3336
110.0532
76.0373
107.2707
73.7195
104.1909
79.8667
86.1827
88.0085
88.3631
131.0989
105.403
69.0998
50.0406
108.9756
140.4778
74.6446
78.6305
93.5251
54.7963
62.0167
120.8444
69.411
108.0359
112.108
37.5438
91.8498
89.3783
60.1465
45.5018
81.324
66.5368
60.091
112.6362
86.1559
93.5821
95.9157
69.9949
54.9046
124.4783
64.9838
71.3927
101.4978
85.8435
89.7222
87.5907
120.3392
109.619
73.3733
88.8441
66.882
97.5769
119.0006
93.6698
78.7765
70.0552
114.2631
57.8784
52.308
68.2992
97.1732
137.1268
60.2076
63.9942
85.7021
89.5139
112.415
97.6393
79.9656
74.4823
82.0456
149.53
73.3113
81.4795
120.3868
80.1635
55.9185
57.6508
104.2298
57.7974
126.1404
98.3163
79.4304
58.3878
91.7042
107.1445
128.6709
43.2971
142.3639
74.0031
74.3948
80.6407
102.9067
64.7403
84.1649
88.2116
75.5402
52.3557
95.2871
107.1565
38.5209
129.2661
123.5739
106.3531
93.1738
80.1126
46.0784
118.5844
116.7159
57.2823
77.0431
91.6637
73.4474
121.8535
184.3554
116.6407
70.673
79.4092
63.7983
76.9442
57.4354
69.3438
98.7929
71.8133
96.9337
70.7314
88.811
100.9706
64.7879
69.8271
109.9984
61.2152
98.5366
79.3146
77.1482
87.0323
98.1602
51.7128
81.4139
82.8006
124.3163
77.3372
64.6669
56.8128
67.5033
85.1627
73.0624
102.2836
125.7876
47.4982
120.3459
71.4207
51.2571
129.7359
95.9737
59.3688
106.8835
77.6244
113.2983
82.7322
81.6499
102.0607
85.828
59.8168
70.2226
148.3955
89.1822
129.1628
100.3481
72.0585
110.6512
103.6721
77.261
112.7068
92.0192
111.4096
65.2728
71.2461
68.8813
101.3016
75.4724
72.8475
82.1483
63.1541
90.9771
127.244
175.4826
79.5088
121.8254
138.4563
104.5207
75.2671
57.1213
126.8388
95.6869
103.1252
100.7484
90.3091
114.0973
68.4451
99.6985
72.9467
94.1388
76.8033
102.2893
210.0466
99.2075
80.1962
84.1705
138.5972
85.0527
101.3811
82.9854
92.13
68.9464
83.8867
67.2827
141.723
95.2361
63.1404
68.8084
107.7062
60.485
68.7259
69.9356
107.2105
129.7648
90.6302
73.5998
78.0447
98.2051
111.3319
74.9539
88.7188
87.4449
119.0582
72.6494
127.5561
82.1024
99.2296
73.7373
80.9204
111.8092
83.4218
111.8445
95.5401
55.4216
144.1435
53.5088
116.7665
94.9502
114.739
86.2558
77.3148
124.7496
81.7719
97.1275
102.1168
114.5425
59.9023
60.7682
63.9791
74.1127
114.3347
99.7107
105.2738
83.1442
102.3977
63.5018
61.0035
83.2111
75.05
85.6164
121.6339
110.3314
77.0635
87.906
86.5445
103.4594
137.227
111.867
108.1208
88.6479
108.9249
110.1287
69.9425
85.6649
82.8894
72.4186
118.6152
63.5144
64.061
61.4494
129.6876
66.7862
123.8594
66.8918
104.3894
86.2864
81.3238
147.6067
141.0206
115.1517
82.0493
70.2416
112.1512
103.6319
78.0422
107.0276
81.7817
65.9416
65.1221
62.3144
71.5668
55.0366
111.5021
96.878
79.7796
87.1042
104.8408
76.2684
54.4757
129.0646
86.5163
104.4521
64.6518
182.7448
89.5999
68.518
72.4638
112.5046
92.9897
64.4229
104.3707
74.773
83.7001
123.0092
121.8089
106.4638
78.9521
81.3553
122.0948
75.5763
62.7725
69.8276
114.3786
65.6307
73.269
82.1467
141.5558
56.096
139.4814
122.9295
121.0065
151.0309
89.6344
85.9262
108.5329
98.456
82.7608
176.9626
88.0448
47.854
98.5694
95.4031
112.4166
168.5267
60.2978
78.0915
79.2567
47.5457
74.6147
71.2619
159.0191
167.3476
60.3173
62.082
76.0947
54.2138
78.6398
179.5183
92.9347
31.7308
79.3203
98.5943
73.5863
102.0001
80.4348
72.6871
81.9856
103.1477
109.8358
81.5876
99.1324
73.2383
157.1013
64.476
77.1756
180.2046
86.6532
88.4384
95.7993
87.0233
91.2695
71.3458
48.6263
96.2337
81.5579
86.2366
79.7564
80.9421
74.3115
84.3721
114.9279
119.8924
161.8221
42.5757
120.4117
74.84
101.5843
114.0635
141.1879
88.7454
55.2475
100.041
87.3085
105.8667
91.7334
86.1443
88.8202
53.7301
127.4855
121.3933
59.2489
72.2952
85.8891
100.7373
51.5862
83.9807
102.6193
118.476
93.0537
80.4993
60.2403
44.535
63.5936
68.5261
128.9107
60.3636
111.5824
75.2659
112.851
54.6119
94.7532
92.4326
169.4342
57.1654
75.2174
100.4624
45.6064
63.5617
67.6763
77.3824
101.9469
101.3665
103.1374
160.2702
101.1915
85.1482
126.6902
125.3112
87.5648
139.7596
74.4837
103.2179
78.0138
82.127
70.6632
69.7811
161.2328
86.631
68.3416
82.4851
53.3953
90.082
74.2296
93.2375
123.9589
168.8085
54.6566
97.3061
83.2175
65.3852
144.5501
55.3123
105.2255
68.34
112.8481
69.1974
60.8284
87.9123
73.0159
102.3036
103.8546
75.8169
66.374
94.8378
83.0707
77.0583
85.3811
71.8018
87.7836
133.9002
84.4247
96.3969
40.5287
46.1953
55.2624
67.8955
94.8291
79.4052
99.5643
89.255
118.5426
101.3399
86.7863
135.53
74.2655
42.325
114.7958
79.9055
105.3289
80.911
115.5061
39.1286
120.619
148.9695
82.3894
128.8909
87.2566
84.9256
79.3717
66.9738
98.074
103.142
111.1815
139.1202
115.1894
89.5294
112.0141
77.2105
104.0294
75.4351
62.0607
57.0237
68.6826
82.5823
91.5559
109.7467
92.556
66.7623
72.5145
55.7109
90.8279
126.9996
86.7039
106.859
72.7258
45.9427
86.4858
50.134
87.3683
94.7303
72.641
105.7363
72.443
53.5239
94.9292
84.7532
60.454
77.5817
103.2291
71.9958
53.7421
88.8789
71.709
99.8585
87.6203
86.8846
55.2854
110.6393
60.1102
160.1146
108.8943
116.1048
82.1511
117.0446
97.1363
71.7501
104.437
51.5722
73.8825
93.9179
93.5826
87.9253
105.6874
111.4194
107.5721
81.7395
100.5922
124.175
98.4228
94.9783
74.3075
127.8562
80.4484
48.0302
80.474
130.7247
98.1992
96.0969
137.3594
106.731
74.8579
79.1502
71.8798
188.1552
108.6584
96.1425
93.0096
70.4261
58.1507
73.054
110.7338
73.9923
76.2815
55.276
47.7251
87.0482
60.7403
82.1893
96.1029
77.7529
65.9759
81.0644
78.9743
156.2312
100.9032
98.1363
102.0742
73.725
90.5325
123.3528
72.6304
131.0672
96.086
169.8535
71.7504
97.2732
72.7569
98.0538
118.6027
70.5045
69.1605
87.3212
88.1162
70.219
78.096
64.5102
102.2689
53.3283
71.2756
85.7181
79.8644
83.546
71.6315
93.2744
123.9173
82.8159
77.9251
65.8024
85.7712
81.7165
80.2855
59.0023
101.8399
43.6135
73.2444
71.2062
98.1506
93.9141
112.511
101.0621
64.8533
73.4932
102.9689
108.5041
77.0616
100.7282
112.5618
79.0714
80.5972
71.343
102.6934
95.2755
80.7185
64.8538
110.7897
118.7135
142.7202
64.3081
107.8689
118.6308
98.5803
55.3553
79.0643
81.929
96.7051
81.256
67.8343
118.7146
61.9513
77.568
91.668
95.8593
66.6225
112.1745
89.4592
81.8838
102.2935
88.1365
124.5404
97.7842
115.8146
58.8469
102.6857
97.0297
75.0898
114.0377
148.0348
63.6081
106.6444
67.1501
95.4076
79.7412
63.7419
185.8032
101.4303
85.1103
70.9664
142.586
56.273
62.9596
97.8114
139.8645
102.726
140.9859
