96.1757
149.3489
93.2459
75.6193
87.572
76.7026
101.415
60.5128
68.3277
84.9209
109.7049
79.7823
101.5607
167.222
87.1025
72.9967
90.4009
112.1476
83.375
146.2313
167.3081
68.0969
71.4287
102.0225
89.5997
143.5566
107.8255
98.2227
61.2125
65.6284
65.1235
55.0999
69.4608
73.5458
51.207
63.0656
86.3344
135.1939
85.8461
85.8695
67.5605
82.832
79.7793
91.9814
97.5927
116.6404
91.6406
89.6054
91.9632
82.6611
102.2007
83.3423
107.0354
77.5427
95.3677
65.9756
155.7143
117.1529
146.8082
119.7586
84.7679
70.1384
56.8378
118.1219
93.2226
97.918
64.1623
95.5278
77.0479
94.5808
67.8975
102.3905
95.2386
71.9464
61.1722
74.7227
68.4084
100.1755
99.8728
115.7811
120.9163
65.4973
91.2886
97.7334
91.1905
98.9404
63.1347
113.8357
114.6092
79.6614
95.2067
123.2664
80.1154
77.8584
76.5176
96.1328
101.3985
70.7416
66.8643
98.1967
71.6923
90.2093
106.4867
106.6132
75.6021
99.9242
67.4793
117.8275
75.3126
139.002
114.8165
121.2604
118.0696
64.8781
64.276
74.4492
88.3609
71.0627
58.5697
86.5155
96.3501
86.5922
106.5746
69.3028
87.0291
101.3557
82.403
91.1678
78.3587
65.7451
102.6167
61.2727
106.4941
62.1197
110.6422
80.0899
75.8869
82.0953
71.7318
100.2798
180.6176
88.0556
79.9447
85.6585
84.7305
64.3134
43.488
77.2053
81.9232
82.1192
116.7026
122.6787
81.9394
99.6569
86.8042
74.7285
102.2298
60.2775
72.867
93.1162
83.7615
113.7313
56.6972
99.3584
60.1564
100.8325
113.1819
79.6291
67.48
97.1292
112.8399
118.7223
97.4284
96.3454
96.5746
63.6606
66.666
105.1928
81.1946
86.2564
81.8785
65.1526
125.1098
78.5608
106.9505
65.3677
59.1617
105.5769
89.3872
82.7716
87.626
59.4086
98.5533
62.8343
120.0068
111.2422
71.8428
144.299
106.1484
66.3299
80.8866
69.3911
71.1084
78.3124
58.1034
91.2673
93.428
133.7197
80.5407
98.555
70.3933
116.5632
65.1706
94.455
70.2123
82.1029
73.2619
100.7212
66.7087
72.4266
77.7097
88.0527
69.4395
96.2227
76.1839
99.122
90.9707
63.3458
92.2081
88.7798
54.4096
86.5903
58.4382
107.3331
94.6517
69.4548
85.4663
77.7045
104.97
117.0009
84.946
87.6362
91.842
79.5674
86.2361
76.717
81.837
86.1183
86.8992
113.6373
95.5331
73.6036
56.7096
80.3607
108.3548
77.395
120.76
53.5049
101.6809
82.3943
85.5305
127.6549
119.2802
140.5177
112.4569
144.0607
62.8144
65.6124
121.1887
62.9569
115.4645
98.4203
83.9466
126.6206
101.1329
75.4723
78.4637
53.138
95.5535
76.2789
103.8036
96.1115
97.5817
78.2218
81.9829
86.0308
92.634
81.1549
71.5044
63.2027
66.5583
139.3782
87.4043
79.7041
101.416
88.8253
82.0659
81.3647
75.2677
93.3095
87.4216
81.8844
96.4486
61.8853
103.9105
56.3969
70.1467
73.082
158.8995
80.5171
83.0516
108.7106
96.0668
89.7181
96.6657
73.2195
133.6962
69.1543
96.6961
80.5833
105.3261
70.9817
78.6919
71.6995
88.9327
96.8874
88.6825
83.3375
64.3734
97.3351
85.2538
89.0797
67.1881
142.9745
194.4587
79.4892
85.5345
159.7645
97.9967
80.0034
101.7893
92.4991
122.632
83.0081
81.8639
94.3643
119.9593
107.8711
56.2997
93.2215
91.6849
112.7196
62.8875
123.3082
51.8764
99.6461
71.0145
117.3134
99.7378
101.3861
93.434
102.4932
81.3191
128.4425
107.603
237.6174
54.1993
77.5892
58.0271
125.0199
153.8887
82.1261
93.2334
120.2042
75.6688
59.2736
104.499
88.6547
187.7913
93.7968
66.0545
49.2631
72.034
76.495
68.1051
101.3002
87.9823
97.2778
160.71
120.0442
86.952
61.7933
132.5762
81.9553
107.2863
64.509
109.4483
60.6748
87.6077
95.0137
82.7899
54.8785
86.3567
51.8169
112.3518
90.2865
135.3765
62.9174
101.5894
50.6428
105.0984
66.6767
97.3889
85.4833
86.4415
122.813
103.4864
89.1282
89.6698
126.0208
74.2959
118.7602
50.9063
131.9065
82.8254
100.8915
163.2964
71.7216
80.8012
114.1946
104.6242
146.8428
99.7706
122.1455
87.4238
80.355
64.8372
100.7488
97.0672
86.967
62.0694
107.8217
122.735
104.1152
113.8316
61.2678
66.3437
124.9689
126.342
123.6897
84.8824
75.7145
71.9141
60.6927
87.3798
87.6767
84.9476
73.1436
88.4342
57.2451
76.3917
107.6725
93.8861
84.0642
86.3165
94.8995
125.7579
95.9602
93.0862
89.4434
93.8355
94.9578
101.3892
92.6096
96.4588
125.1836
111.7699
65.5133
100.3209
82.6018
108.3499
55.4934
91.9508
95.3279
69.1372
78.9583
106.9461
72.7824
107.1739
85.1739
98.517
99.6507
81.0536
89.6885
76.777
116.2176
95.6694
72.6372
72.5444
81.77
112.3532
62.7099
124.8939
87.1796
54.0223
48.1349
118.2483
145.5701
124.224
86.5711
102.4031
76.3988
76.5894
82.0184
87.1697
74.4182
123.799
95.5292
55.4419
61.8378
45.0983
70.4505
131.9533
81.6447
99.0608
79.5136
117.6757
79.9755
70.2464
120.4811
97.5186
104.2691
81.1186
131.3035
73.2862
90.001
142.8667
77.5433
93.4613
69.2006
98.1934
77.4319
81.5351
108.8562
61.9066
106.8594
139.585
61.5992
80.0617
83.8265
147.6975
74.7549
121.4676
78.5047
117.6733
82.4879
92.0949
128.441
112.8767
106.561
80.3479
87.3689
97.3726
86.0949
91.8367
103.7709
104.8261
118.8538
84.044
88.0308
92.736
104.4694
51.6676
111.6913
83.5423
142.4443
107.2633
148.3831
79.3697
63.7589
101.1468
80.1889
91.0769
115.8547
72.3642
176.3017
69.3111
134.008
88.9379
84.5568
75.9644
106.8601
67.9741
73.7393
94.7279
62.9871
130.2181
75.7402
68.1058
78.2698
76.4649
112.2294
110.2379
75.1618
65.2378
80.5902
67.3214
92.981
110.2308
96.6634
82.0197
120.5815
73.2395
72.1557
76.9125
99.5223
137.2245
95.9761
115.3734
113.451
46.9243
129.0231
62.1685
86.1909
55.9123
78.2134
70.8297
94.7318
84.6417
104.3727
57.216
121.2633
57.7969
73.7106
64.6203
65.0342
92.4071
94.0682
92.7828
74.5712
94.5041
62.3571
68.3272
74.4551
125.4302
92.8117
91.9669
94.9158
119.8052
123.0115
83.8159
75.6359
102.4957
121.4402
105.4554
113.7987
82.1528
82.6456
85.8255
106.4265
78.3696
78.021
82.1456
94.8314
132.3142
88.3182
72.5245
86.6968
93.3284
83.8291
152.3689
101.469
103.5371
62.1642
81.2859
86.5936
70.3177
60.7143
103.6793
106.877
82.8336
78.0876
90.4524
104.01
97.7673
69.227
111.1746
103.5493
86.5127
65.5902
98.7108
122.5825
104.3849
69.6274
111.6983
61.3897
84.6216
108.6313
85.6604
195.9351
95.2317
99.0568
60.4233
131.9626
94.8116
71.1924
115.4838
73.7979
85.7893
68.7668
74.992
87.4405
76.8901
79.8099
119.2891
110.1289
109.3533
120.8668
97.8806
96.7806
90.3832
83.9734
44.7707
73.5265
81.6342
88.9172
108.1848
71.2563
63.2338
105.5244
100.899
73.5881
104.3731
82.9208
80.8885
51.1124
89.5105
58.2574
114.0835
65.8812
153.1236
114.8232
72.6702
62.1873
82.2294
61.8351
53.5131
48.8059
66.699
48.4728
129.2118
86.6313
102.3234
102.5945
75.9607
51.3211
88.102
102.6966
104.8962
106.188
66.5837
102.6769
96.6006
78.6889
98.1832
99.099
79.6612
97.7984
83.9731
121.5877
138.8274
85.943
90.271
106.0307
84.6732
62.1435
61.1888
93.4081
75.3988
100.8895
91.8838
95.4426
77.6754
92.1194
156.9207
66.6984
58.2278
58.5829
45.7259
92.4394
128.7051
81.2204
87.6001
104.5156
93.1132
55.2045
48.6171
67.8065
99.6991
139.9547
86.7724
58.1682
90.828
75.2027
109.5075
173.5986
67.136
79.3022
90.0149
143.9488
96.2392
62.3702
85.8895
81.0644
51.6631
126.0938
68.2727
73.6101
117.809
74.7724
173.7149
95.5995
93.5155
98.4189
111.19
104.5082
94.1425
86.0647
121.0465
72.1198
76.431
128.8009
114.9816
102.8703
84.5523
58.5221
76.0481
82.9605
99.1245
103.4414
97.9234
70.2418
46.3288
128.3797
75.2037
86.2613
121.3564
78.5005
87.024
61.0842
104.9361
74.5449
65.6503
136.8444
95.117
71.8441
82.7764
130.5407
95.7657
73.4261
120.847
70.038
91.201
62.1126
92.7324
127.3833
107.5715
102.9618
54.3236
96.3901
67.1135
99.3833
118.0499
83.4476
91.7835
72.4717
105.1953
79.6985
58.4907
82.7653
96.3253
77.8949
86.7556
97.8789
71.6898
95.5016
72.4294
115.0158
91.9607
95.099
76.5173
73.2348
80.7758
78.4662
75.2302
100.0484
54.725
100.8213
83.1919
93.1298
78.6626
55.9582
85.157
87.6772
65.1237
77.4805
138.7236
97.7159
86.0061
88.8263
90.7534
89.5983
136.8174
102.92
74.7343
91.1268
117.3329
149.2919
93.3352
60.2903
97.6984
159.716
116.818
81.1889
38.9505
87.9995
78.3923
47.3592
65.3685
77.4175
129.5102
92.1973
72.2117
116.5624
117.6106
131.5493
65.6329
73.7078
67.457
79.7287
115.8162
66.2066
86.0345
142.3092
59.3378
93.9482
103.5346
154.4761
77.081
84.2033
71.0801
81.8304
98.2984
63.3367
97.394
151.3353
114.0912
80.9728
61.6201
66.3394
65.5933
87.1353
90.0146
117.423
105.7624
108.0675
60.3347
54.9712
88.6007
83.702
45.7872
93.4408
107.0101
86.7074
103.1287
74.4327
79.0698
81.4205
64.5892
65.3334
90.541
96.1902
74.1755
97.7931
86.1735
95.007
102.346
109.5443
92.7984
98.671
113.5246
80.3726
65.5346
139.439
84.2741
142.7719
71.9059
77.0026
74.2597
93.6037
