54.803
93.8397
68.5699
40.0063
63.5718
28.6852
32.427
61.7959
65.04
64.6414
40.1023
71.7336
64.5687
62.5324
75.3524
43.749
68.3274
50.83
38.7315
49.7788
69.8577
81.5344
30.1459
39.0084
42.5532
41.0773
62.0452
64.7538
23.8312
36.4012
66.4429
68.1032
75.7108
31.2406
43.1804
65.6663
39.553
72.1174
21.542
95.8352
24.1232
72.7339
91.9188
45.6057
66.7811
99.769
25.074
67.9446
41.0486
38.8796
21.9718
30.3096
49.9115
45.2357
39.4945
67.5993
31.6489
23.5174
72.4917
78.779
73.5479
45.0381
52.3906
38.853
30.2152
79.2982
37.5147
71.5857
34.4991
32.7644
67.0401
38.088
42.6411
45.2133
89.7203
44.8765
71.9219
51.2109
63.9658
39.3547
30.5147
75.9322
50.8697
84.5166
52.3962
51.4113
78.0559
32.5971
56.8799
52.4355
100.0501
24.7911
41.3096
68.2615
84.7365
31.5831
61.2202
66.6964
41.185
42.0741
37.7903
41.6014
72.1269
89.2531
44.8041
53.1711
62.108
41.8499
46.8119
53.8538
53.145
104.1404
56.964
66.2741
22.7589
108.9186
42.22
40.1933
52.717
20.0312
39.3502
35.6678
79.6651
65.1136
49.1072
31.5981
51.1899
89.1443
38.676
62.7701
55.452
66.8407
71.8215
51.7647
31.6675
49.815
41.6798
41.2655
51.2434
37.0132
40.0739
66.2263
15.3198
63.3361
105.8998
40.9517
55.8047
32.4212
38.4849
86.7144
30.3744
83.0069
110.2399
53.8961
118.1995
29.9765
41.9454
64.13
63.6753
33.9017
55.4379
51.7629
55.685
44.7661
54.5644
29.2768
45.1828
40.5401
50.3672
46.9114
84.3042
28.21
39.6107
44.5539
56.0744
89.8371
29.3136
32.8758
41.9502
124.7718
21.7937
74.931
58.7288
81.7417
70.733
62.7882
38.8148
38.8884
66.7594
44.5691
46.574
81.6383
49.9103
42.559
93.1613
29.1805
39.6263
57.8975
22.4988
82.0815
50.0238
112.8869
21.7864
15.5718
17.6646
39.9074
55.657
28.8267
53.3626
32.1284
65.3511
32.4303
167.6167
12.443
42.179
52.6034
70.8242
71.8256
70.9874
47.3261
132.2122
31.9799
40.1879
38.9443
64.997
30.2538
46.695
51.7872
54.347
68.7573
64.334
41.5442
44.9592
25.5189
39.3575
42.7481
40.841
57.4906
41.8338
84.9905
71.6786
52.9866
45.0499
52.1884
57.7258
40.3262
71.2344
25.2723
48.1491
62.9451
39.5032
46.1916
39.1033
65.0564
43.6307
89.5059
72.6491
43.7751
90.2142
15.4122
68.6661
25.3986
53.8691
56.8669
59.194
24.2769
18.0761
53.5819
73.6735
32.56
51.2124
32.0974
67.1266
23.5648
73.0283
43.4256
54.9801
57.7769
57.1969
58.4088
79.9079
32.5202
47.7727
56.2618
26.8506
34.8205
68.5493
24.1036
53.3954
30.0803
21.2154
99.3664
30.6946
54.3793
54.3144
71.0364
32.708
41.2838
72.8304
88.1633
42.6106
31.7369
106.8919
66.815
42.654
29.3434
100.0418
40.5732
50.1896
50.1091
37.7137
63.2835
41.2982
42.4901
67.2282
60.0024
25.3306
46.8349
41.7076
44.7163
103.3887
65.3557
54.3466
62.5843
101.8995
42.3436
57.0883
24.1522
91.8993
41.6947
29.5994
55.4709
34.3883
71.3648
51.154
35.1327
33.2938
89.2426
140.9424
57.0574
36.577
23.9281
54.4996
49.9154
24.0738
36.9583
20.6495
70.8561
85.9493
39.6569
64.1578
39.2261
39.3273
41.9089
34.6349
45.894
52.1643
55.0947
55.3039
85.3488
68.8053
35.0632
99.1496
60.6025
48.839
56.8381
42.3255
31.6003
63.3887
30.9306
96.1981
22.4428
69.8315
13.6746
50.2938
42.9347
32.9222
39.4373
80.4856
34.5489
72.1251
78.9883
57.8128
58.5472
71.8249
31
49.9289
22.9041
78.8659
39.6199
52.0163
51.838
33.2156
15.2773
55.6578
68.875
41.953
69.0319
30.0028
83.2842
43.1386
42.5269
31.0371
114.4976
32.2674
53.8026
67.7353
56.4461
18.4751
43.1162
87.7778
30.9871
31.7777
38.5754
64.0906
99.6009
120.0008
29.4466
44.1453
41.8574
62.3425
34.0534
34.2843
22.5269
58.527
79.6966
40.3233
22.7723
38.8209
64.2991
53.7634
42.828
51.7289
55.7951
53.3444
55.8751
34.3824
22.1278
30.2871
41.8586
57.1849
52.0637
28.8519
87.1943
50.9502
38.89
59.1087
41.8687
32.3771
89.3002
101.0248
64.8645
51.1045
42.1501
24.072
51.1098
72.9887
19.9043
56.8493
35.4995
37.424
20.3264
39.8264
69.7033
49.9431
56.2497
38.5908
79.6265
56.866
89.5011
54.7665
24.5808
61.025
50.2181
40.7318
71.6433
42.5433
34.3377
66.7675
37.8152
22.0217
69.6987
38.5558
88.6596
51.6873
30.4229
174.9728
64.0669
44.205
31.333
50.6887
73.7938
51.6939
43.8087
54.6146
29.2971
40.1358
43.6608
64.8534
82.2955
37.6049
44.1994
54.0829
23.5558
61.236
103.9058
26.4313
65.7954
25.623
102.3067
56.282
65.5236
33.9686
54.3409
10.4311
21.5664
70.2817
42.769
71.3239
42.7014
55.1934
12.2623
54.4802
30.8824
65.9564
134.4732
64.1234
45.8525
43.328
66.5877
65.2036
51.521
82.1298
53.7159
66.39
53.7583
31.222
32.3171
32.7409
70.2583
31.366
22.3504
20.5357
80.5136
55.3354
27.6958
83.2358
42.1712
65.7076
98.24
63.781
81.2632
52.8468
64.7778
26.7712
73.1566
52.501
56.1991
41.9257
32.5732
64.7638
24.3571
51.6181
56.0741
52.8133
41.961
35.1638
28.4051
39.4004
21.6493
97.2969
84.6904
30.3816
82.8191
53.748
34.0648
44.5656
39.413
33.5723
29.7783
51.5271
28.189
75.5979
84.5321
22.1696
49.9827
88.2549
67.8296
63.7123
41.6907
42.3989
74.6527
38.2927
100.1198
38.7563
32.1399
31.5403
56.3452
25.5657
42.2009
58.2924
71.8243
71.6857
41.5894
24.376
36.94
41.2216
28.7917
24.1491
32.7085
84.1464
72.8463
57.0538
90.2148
44.5721
55.8781
30.1208
44.3893
22.7552
35.8192
41.8284
23.3563
56.7763
52.5338
32.07
37.1389
65.4576
40.5434
86.4423
67.7328
30.6285
38.0806
88.6781
38.8137
49.6799
44.0218
28.8068
55.0928
56.9372
58.1948
76.6585
30.6785
25.0161
53.8047
53.3359
89.1198
27.7554
16.5982
42.3751
37.8686
101.3317
45.0249
22.5875
79.1188
90.2773
64.5197
54.3527
65.1253
49.9047
50.518
56.041
23.0128
38.2685
22.2307
57.8597
128.2503
67.9161
15.7603
82.0697
72.5818
41.0159
30.6533
64.0154
41.9936
38.8593
54.3769
38.4403
53.5464
41.7643
41.2493
63.8787
30.2442
22.9971
54.7349
165.5676
48.5716
88.9345
49.674
42.374
55.3459
20.8672
39.1415
71.8088
103.8928
42.1556
30.5255
29.392
82.5061
62.2591
41.2269
46.1557
53.442
56.4158
96.7526
52.4127
50.6647
53.5239
43.0699
23.7812
106.4996
24.7012
99.4898
23.182
65.3857
63.2384
63.9234
30.1482
74.6136
100.6361
79.301
23.5226
64.0594
31.9067
64.1823
58.712
44.3829
23.6104
46.2573
58.9809
111.4149
32.5955
49.7197
53.4261
63.3859
137.7391
58.3516
55.2256
51.5049
39.0634
42.9718
34.6679
64.1092
99.1373
43.5881
32.5858
23.229
40.0174
70.4018
39.3763
122.7805
51.8316
62.1919
87.8195
30.715
35.0025
118.0219
51.8296
42.2837
31.1076
70.4518
39.7253
46.1156
78.9706
35.9863
42.4938
84.6598
23.2998
22.658
40.9744
44.9694
64.9018
24.9819
50.9118
41.6182
52.3114
41.8679
73.4214
51.9551
59.0529
69.3455
35.6215
51.7559
56.4058
72.4426
38.6447
32.7727
71.4931
82.4803
72.6189
55.785
42.0021
71.6697
50.2613
56.4094
96.733
31.5221
36.2251
24.8123
56.6649
41.5527
42.4144
45.0146
43.0122
38.3952
30.4851
52.3465
30.5044
70.9255
23.7831
50.6974
72.0735
100.156
96.6991
33.3629
46.7018
51.1061
23.1174
57.5512
86.0461
40.9298
55.8129
80.88
31.1501
55.3182
38.1368
67.8285
25.0176
95.1467
55.1338
55.2125
42.1863
42.9277
62.7841
31.7255
42.8225
30.5726
22.4792
31.1242
15.6052
51.931
39.5271
44.3779
87.9308
67.7648
107.1153
39.3744
29.7277
54.727
119.6197
107.0716
63.059
64.8236
25.1518
50.7378
16.7772
60.6461
70.2601
54.1222
129.023
65.6627
15.765
100.1282
50.4658
30.0478
53.0535
53.6092
59.4303
133.2254
54.5521
65.2275
31.4304
20.6773
71.6675
38.6069
18.5994
83.0765
49.7598
41.8625
69.3549
52.2997
16.3477
123.0021
35.731
32.7716
52.4569
51.8154
32.503
67.9012
39.0607
40.2783
23.327
28.0074
75.2762
41.1967
73.8694
51.2476
32.0939
68.3799
79.7882
113.6066
67.6414
41.3939
28.169
44.7042
102.8407
66.6788
50.3977
52.7726
40.0115
62.9985
32.608
60.5571
39.213
27.0177
64.1193
38.0957
15.1462
45.5925
55.1169
56.1448
42.3842
43.7657
18.6355
43.3492
79.388
30.7036
50.3501
82.6698
41.3207
56.6204
54.5612
39.3105
47.2616
44.1817
91.2952
42.5309
67.2139
70.4417
16.2627
28.8209
44.4598
22.0494
50.6322
54.3692
93.7593
46.1863
31.9958
78.6009
57.474
66.4461
43.6374
36.098
43.7411
56.6845
54.9048
52.0002
55.121
42.8447
42.2657
32.8655
24.0251
80.354
73.1218
19.6011
16.5238
21.8553
31.6645
41.0967
52.2808
40.2907
50.3766
94.26
70.6645
56.3713
64.976
80.962
38.8766
100.3848
30.9404
32.2769
40.9335
10.8944
55.1118
42.3386
32.6779
52.3626
39.4552
57.912
54.7079
73.8978
53.1472
57.0545
43.121
32.5488
60.9254
60.3128
24.0632
32.1026
71.1185
32.8747
