73.0789
44.5597
68.3613
108.3829
166.6634
65.4749
105.0504
73.9655
122.5416
87.0113
149.1255
85.8465
87.3378
75.3887
98.8333
64.7579
126.3363
67.4314
97.6056
145.5236
145.1609
93.8357
171.5605
121.4128
62.9013
61.7264
44.295
81.4742
76.063
109.2918
70.9677
104.4538
73.4576
78.3598
61.1759
78.0695
102.9145
65.3228
98.992
160.4292
123.3093
52.9888
102.1439
189.873
75.5436
61.4063
84.5066
108.917
58.2941
74.3836
81.2156
73.7232
104.89
79.4854
106.2009
88.5056
104.1305
73.4682
144.0439
112.5262
71.7031
165.3251
105.2737
117.4542
82.2078
111.5761
70.1952
116.0022
74.1491
95.2364
108.7497
92.191
158.7114
54.3898
54.5437
119.4094
96.3738
115.9611
86.4676
58.5319
92.1045
70.2025
84.2278
88.6991
123.2941
75.3611
55.4444
92.1122
58.923
75.3505
99.572
99.8254
84.0469
97.1085
72.2601
124.9959
49.2977
60.254
111.1493
82.0172
89.9625
97.9997
47.9201
83.0998
107.5491
53.5006
30.3001
81.6689
84.1713
82.681
82.5119
81.4695
85.9758
84.429
97.3345
107.8196
80.0572
66.8032
96.3308
127.248
82.8644
77.6014
88.5001
48.5896
84.1108
102.5332
70.7882
86.4669
68.522
80.666
85.8315
86.2627
55.2288
59.8212
102.883
51.9039
101.2585
183.07
78.7308
41.3124
74.7306
72.5896
37.9714
97.4402
62.655
65.2968
69.1405
82.1394
71.0842
77.8401
118.4016
75.928
97.6222
98.8753
128.5674
65.9633
73.2518
61.4911
135.3675
58.8525
107.1983
131.6279
126.0046
97.4893
113.2451
78.873
145.4259
115.353
105.9978
112.4383
55.2607
82.5491
71.5609
74.3929
63.5178
85.905
127.4174
100.3822
76.8721
92.5183
95.7872
108.0372
51.4881
80.114
191.4338
32.5975
100.5735
95.3433
104.0044
63.2219
64.5815
80.6466
118.7246
55.8451
116.0543
101.8578
68.7743
50.5755
122.9445
98.8469
97.1702
93.7692
57.6904
113.7235
79.0303
137.5854
58.9255
132.785
85.0588
67.3132
105.7739
31.9022
78.9637
74.937
113.5264
119.1846
120.3556
102.0271
108.1678
67.7215
85.6533
81.3887
57.6827
98.7181
97.285
135.8384
73.1095
84.5118
118.0556
106.2981
131.5315
81.3003
125.6003
128.8786
123.4219
64.1259
107.2808
105.3059
121.4441
72.9169
71.767
122.4057
51.5827
83.2525
62.9571
61.848
64.5076
99.9122
84.5894
84.9693
93.4559
54.3605
73.3967
104.8312
67.6528
95.3504
75.5349
144.4982
91.6795
86.7082
42.2666
89.4354
71.2454
137.4263
52.0757
69.3111
81.5805
93.1681
74.6066
75.0038
65.2769
91.7039
77.8964
85.6636
73.2291
46.4837
74.2647
76.5696
83.9671
95.4988
85.4387
97.7311
90.6168
97.7977
57.3975
67.914
88.2011
95.8044
84.1396
82.2139
77.3509
77.9965
67.9001
110.741
91.7321
140.1536
57.9723
94.0417
68.756
72.3288
67.777
127.4523
65.7525
75.1282
75.2809
99.987
118.2884
93.453
99.0933
41.3196
66.061
74.3078
116.2068
142.9213
129.3218
105.6799
68.6033
120.5229
95.7191
87.5074
84.5634
89.0451
106.3436
42.3824
98.4944
45.7099
79.0027
36.5241
81.7707
89.1894
65.6379
95.8717
96.3502
108.9057
93.6059
98.8545
128.4544
99.3632
101.2866
88.8936
92.1635
74.5891
64.6791
74.185
112.4715
49.7605
75.3622
86.8326
79.7449
120.592
97.8794
86.6731
128.2252
107.9171
118.5176
139.8444
62.4185
110.5259
81.8855
87.8209
46.2171
134.7092
52.7667
129.0338
113.5786
57.9658
56.653
90.0001
137.5623
82.9698
83.901
90.9913
66.6266
103.1673
93.5009
107.6959
52.949
91.289
117.3507
77.1904
67.0638
69.7125
77.9787
105.6668
91.9454
78.2983
73.2845
68.298
39.5347
107.2087
73.3425
85.5747
76.1092
95.6819
58.1713
100.8104
137.5112
52.0564
97.5373
63.6262
57.8008
97.0077
164.4086
71.4348
86.7452
117.182
73.8148
116.8745
57.5351
98.6979
67.9742
60.1207
130.1641
71.9907
78.5403
117.7143
60.6946
99.8794
115.7137
45.3523
99.7045
72.7041
102.3704
87.7521
137.999
110.5898
62.1464
68.8714
77.7388
57.4372
82.1417
99.366
77.5512
75.6489
101.9666
53.9839
84.3388
70.6679
86.6421
155.4564
98.354
66.3181
48.7248
141.9336
65.4385
118.6842
85.3651
77.7446
77.5251
87.2626
98.6901
88.2313
67.968
130.9749
76.5437
142.147
66.218
62.2689
68.3472
91.5503
59.3298
80.9849
57.3032
52.9225
165.1433
105.1127
65.9375
66.0135
57.7872
92.7601
60.0815
64.8951
183.865
85.582
60.5075
121.3908
70.0981
77.6403
67.2065
93.4692
127.4333
78.9392
66.1044
88.8761
70.7244
115.3488
131.5649
85.2215
120.3054
105.049
65.0863
82.4182
75.89
86.7238
87.1937
105.7292
60.2386
91.171
84.8603
160.0808
107.8599
54.3494
129.066
62.5807
69.4654
59.4263
70.7644
76.1697
82.0664
65.6241
121.4178
80.8952
70.0594
89.5527
131.3042
59.3576
92.5893
96.5769
71.8664
102.7768
90.6527
80.7058
82.121
101.9528
147.1952
85.9607
96.3941
140.9906
104.1057
105.2773
67.7745
51.1187
129.3241
66.8692
92.5689
80.238
120.1623
105.1745
68.6746
57.8511
53.1987
108.6152
64.129
102.1096
74.7758
102.3867
59.0752
83.6588
103.1307
197.496
94.7318
72.3702
59.4139
67.0681
155.9817
66.7813
64.6012
80.033
101.432
73.4037
96.5354
143.3276
113.8058
61.0329
86.0668
123.4293
94.8606
75.5398
38.9175
90.1244
79.0272
167.787
106.3237
54.5684
85.0074
116.7942
70.939
94.7067
63.9135
106.6543
46.6211
66.3906
118.4892
104.9353
92.0454
76.4712
115.2361
78.7974
80.6218
84.3425
72.8337
107.4808
84.0952
64.8479
64.7287
92.3039
53.931
144.8417
85.9013
114.2622
73.1173
87.5582
105.5905
79.2412
124.636
104.8476
97.6214
61.9575
148.8452
52.6135
68.7882
83.4465
82.8608
89.3461
83.3513
143.0765
65.474
146.966
58.108
89.0535
67.1518
60.3104
69.9576
90.8808
101.8884
68.7302
96.2655
64.923
106.0212
73.5674
91.357
74.8026
112.2153
89.0601
129.2528
82.9399
86.6964
90.6422
120.3105
102.6865
98.3432
98.4865
97.5865
84.6232
101.8533
127.5443
100.8368
68.1909
99.3432
97.251
116.0026
111.6724
126.3412
112.6105
74.6931
75.1045
113.467
67.5052
118.4374
80.9536
92.9579
53.6295
99.0389
139.5246
55.6418
82.2266
71.5555
95.438
133.6039
82.7653
71.6129
53.0805
88.0621
59.2842
53.799
69.6096
102.4486
71.3021
95.2366
75.4496
69.4857
46.3128
66.1451
135.9204
108.2431
91.0747
67.8114
79.6734
78.7154
66.8385
96.9398
47.7935
103.9941
76.7561
121.1801
57.5115
58.253
91.0285
132.8346
65.1707
71.2043
56.8425
101.4144
98.6159
54.8958
89.5573
58.5142
75.2311
88.8138
136.7388
71.9773
80.7377
55.5938
58.5727
97.2743
66.6883
55.0219
55.8166
141.502
117.1333
21.82
144.2658
94.0616
55.5628
64.7745
76.3874
72.1007
117.2054
69.4842
87.1133
97.5652
117.4645
61.3108
75.5515
91.8811
61.1096
64.0104
80.1934
81.6642
81.3995
119.6353
63.7474
90.9229
78.6164
105.3799
112.9809
134.8612
70.4128
66.0724
59.2694
64.3824
112.11
114.8107
75.471
65.2607
69.3349
86.9442
67.6417
98.6797
85.566
67.6606
71.8965
120.702
112.3522
35.467
83.5349
110.5762
84.3509
79.3388
128.7511
64.4208
105.1744
99.801
147.4614
58.2083
69.358
92.5238
168.3059
59.5973
99.47
103.9007
63.7451
58.9173
69.2072
83.0041
50.8343
52.5384
120.8488
97.5596
65.9145
94.6145
57.1781
98.3067
108.5305
63.803
59.5396
103.1951
105.8199
85.3798
59.3792
95.4019
61.7799
95.9172
61.4441
166.9244
85.4071
79.4806
132.5833
100.8329
81.3527
70.1949
57.844
64.3306
82.7035
147.8539
99.1389
84.0911
115.3908
134.2483
98.9706
31.7818
69.1154
81.7676
95.8073
89.9252
90.3858
116.9165
65.5886
51.9824
125.1749
84.3077
104.0768
61.359
81.4665
135.0286
76.9657
90.7387
50.0358
52.8726
94.6118
87.8283
83.6624
62.5403
75.3195
91.5963
80.7861
61.8167
60.6486
82.4895
84.4807
159.0108
92.7039
126.1987
106.6396
84.3082
117.9863
84.4241
142.8726
92.0492
71.3902
103.0689
123.7608
122.6158
93.6204
68.4714
67.4967
79.3686
65.6658
79.0966
109.5805
43.0818
70.2428
88.7609
67.8809
49.8701
49.7752
79.504
58.4733
125.9135
89.735
68.9739
89.9196
68.4273
49.0323
63.6398
110.0137
95.1305
89.7802
67.2021
148.7916
70.3031
107.6055
75.5195
42.242
81.0357
131.8425
60.7032
103.2331
47.5209
95.2076
63.8116
103.8828
69.1839
76.596
104.2854
73.9785
41.519
112.7317
87.9868
73.9543
101.0469
127.8396
64.9588
83.1711
84.3185
80.1537
124.0856
100.6414
45.411
62.234
82.1078
60.6552
102.6637
165.0147
99.1909
106.1284
125.2207
129.8386
75.3016
86.3503
62.7291
98.18
64.689
90.3189
68.1274
63.2239
110.4624
106.1147
71.9367
63.449
85.1587
99.794
72.9949
90.874
41.1599
74.8992
35.508
53.3386
79.1635
86.6602
85.9067
58.7657
60.6003
106.5733
61.0904
83.3185
138.2626
63.8342
61.5863
64.7596
87.3055
87.4067
64.9945
103.875
90.1471
64.2485
96.2297
83.3518
114.0159
94.9205
140.0349
107.6675
131.4744
105.0534
58.05
62.3855
120.0153
86.8626
89.1687
76.0812
101.4596
53.0391
86.5639
103.9939
45.7722
96.9322
59.0892
151.7925
109.8923
89.2246
72.0177
60.0609
91.8752
107.1087
73.2217
67.2813
98.4979
104.0106
69.353
69.1556
