105.9696
82.7848
114.6705
88.9671
80.257
68.7144
94.2582
93.1031
112.6317
95.5731
88.0086
82.1189
70.157
112.2392
81.2516
94.4081
68.2002
100.0817
88.4056
121.6625
110.4981
98.8152
73.8657
105.9082
107.6198
74.7755
84.1873
107.0668
126.9187
93.2998
90.2056
112.5541
77.2734
116.1654
98.1981
102.3867
122.7998
108.7237
75.2804
103.9687
76.2926
92.2299
93.0056
98.0534
84.6514
80.5622
75.3083
89.7431
47.0591
54.0388
88.0132
49.481
93.7731
131.8501
83.104
82.737
91.81
85.2467
75.7501
75.4917
104.1342
92.5933
87.83
72.018
105.7169
83.7844
92.8935
63.2502
111.46
63.9035
79.6779
67.2899
110.033
57.8079
96.8045
60.6408
115.0223
104.1284
86.9016
61.915
94.923
94.1958
89.7103
67.9659
118.2214
76.6295
80.4797
100.5708
63.7035
73.7311
85.2532
82.9495
117.4928
81.4001
85.7186
75.9628
110.0514
88.4386
93.7917
71.6741
106.2144
108.9434
68.7016
146.7587
66.3718
104.8073
94.4411
106.9445
99.65
109.6233
93.0123
108.6761
94.3997
66.5251
72.6583
69.5687
87.8372
93.5797
91.4588
87.2821
69.6892
88.5993
103.7299
124.8788
97.1677
74.7712
73.8458
83.6895
95.127
82.9555
70.9593
61.5821
82.1831
91.6913
99.6178
72.7978
111.4286
81.9247
88.0941
127.7537
70.9448
85.8899
61.6639
89.4708
65.2851
107.8187
96.5521
54.317
124.9558
122.2934
96.5525
98.6204
62.8641
78.5341
59.3362
74.6452
98.1585
87.4621
51.9295
81.7854
110.4065
79.9544
63.1094
112.0113
117.8956
93.7606
88.6792
92.6632
99.7188
90.3521
78.0725
102.0088
106.4253
91.9405
95.013
84.3074
82.2215
94.864
92.2566
118.908
141.064
89.3681
197.587
77.5785
92.9024
91.2899
117.4686
94.1794
109.0922
77.257
69.4071
74.8061
102.3451
132.4304
89.6096
72.9811
111.6098
83.8004
77.8908
101.0796
98.8494
107.9456
87.166
80.3741
105.1119
99.4212
109.6125
66.0093
80.6377
107.1045
85.7596
143.6718
74.7088
90.8953
95.5415
84.0263
68.1757
133.6621
94.7414
104.4048
141.0355
89.7486
71.783
73.2845
106.6399
85.0461
102.7215
89.5642
75.5815
107.315
69.1326
98.4592
88.0805
108.0986
101.6231
97.0573
88.0466
92.6181
81.8671
88.7596
137.4754
83.5746
63.3872
69.8649
102.2616
79.5848
114.0625
69.8656
76.5784
70.5539
106.639
131.0797
88.7597
92.2991
121.1087
100.3571
106.0201
83.7496
99.036
112.5198
66.3123
97.0053
114.3623
82.1444
84.6235
101.2709
65.2996
93.5874
122.0004
85.2236
91.1408
69.3326
78.4692
54.1406
79.9548
53.8645
85.3499
91.0009
80.4646
66.9459
104.5299
95.6104
98.8993
95.7461
62.1196
91.5681
98.0074
102.1221
100.1365
100.2431
54.5321
90.5319
86.2885
82.8894
72.6941
101.6965
91.5686
81.2768
91.4351
64.1546
80.2548
77.0599
81.3908
102.4928
98.6801
72.7129
96.216
91.6377
70.5722
71.6774
80.0545
86.8755
68.5066
95.9281
132.9781
74.1
89.8714
100.0571
51.0632
90.0909
94.0325
51.0183
86.1293
101.4823
106.8224
138.1271
83.3508
82.4801
110.3371
51.7554
69.9271
76.676
67.726
194.2586
124.6445
76.1739
112.7536
71.1707
82.6585
77.1521
81.1569
98.7368
66.8987
107.9355
134.501
111.2909
110.5211
74.7935
112.059
95.7174
128.4279
87.9839
71.9444
84.7467
88.4034
77.2956
80.01
125.6375
94.5155
85.4859
87.7418
89.3666
81.0831
109.6799
82.4658
70.0192
128.1784
73.8165
89.8725
102.0558
98.0251
63.5173
94.798
94.556
65.9157
104.644
118.5036
105.5184
87.3448
122.7408
83.6539
99.3791
91.2945
83.0947
70.7912
90.2254
85.2279
88.4433
97.3949
71.3296
75.015
87.8323
45.4911
138.2933
92.3049
101.8356
90.7333
70.5333
65.9559
88.4381
112.6196
78.4956
116.8776
85.5209
86.1641
80.4825
89.9397
90.3862
74.1313
72.9466
61.0175
90.8885
70.4858
90.3082
83.928
56.8047
82.3538
79.9152
82.7108
123.4154
108.5111
65.3007
89.2874
96.8207
78.2852
119.7287
77.8218
145.9204
72.3988
104.5024
63.6244
66.8821
93.719
79.2011
97.6343
79.8689
116.2326
118.8116
109.8817
111.3443
77.735
99.5922
97.4111
79.6484
108.5947
96.2035
128.9737
98.3448
78.1037
90.3407
79.5524
82.4813
81.1901
93.0529
86.292
86.6592
89.3773
50.9703
63.9286
64.9715
104.163
110.4877
78.0732
139.3447
128.3395
74.5927
60.8853
86.3291
88.8374
76.1791
84.2644
66.2326
137.2241
93.1883
129.6568
67.1946
86.0378
78.9049
103.6704
96.3769
103.201
84.3878
151.1504
102.2639
69.2781
114.9477
75.7526
94.8008
93.319
90.9794
57.0302
77.907
56.3869
69.2708
77.9367
84.4974
100.2168
64.0021
55.8126
92.9503
93.5178
87.2354
93.0366
118.2778
77.5929
106.7096
82.5837
111.1649
67.7189
84.8523
80.1625
93.0225
95.826
85.9722
80.6304
93.2955
99.9537
95.8641
112.1576
88.1735
92.929
91.8255
116.498
100.0345
74.3539
122.1286
82.5566
59.3322
149.9923
95.8774
85.1473
45.6885
94.8483
77.111
99.328
88.4914
97.5776
94.9166
84.2773
126.409
101.917
129.5905
69.9723
74.7135
80.8803
93.8683
110.749
82.1856
39.6791
106.8984
76.045
102.4326
83.0336
116.2054
67.3671
83.2421
93.6118
83.4218
114.4169
74.46
112.2688
73.5421
117.1502
136.5828
93.2956
98.2276
111.568
93.3452
108.7254
67.3079
78.8549
90.1577
81.8943
77.882
79.1534
71.2583
88.4878
53.4715
81.2309
87.8236
73.3825
92.9857
88.3467
100.9775
80.3809
97.4612
99.8666
96.6152
81.8021
77.4436
72.9121
101.057
77.7118
95.3801
69.367
100.2512
76.0427
89.6462
98.0061
100.3685
90.4332
83.9037
83.9384
70.9777
66.7405
92.0002
76.1627
65.1693
98.528
83.7286
79.0525
104.7502
70.2443
81.7708
90.338
80.2024
91.7864
86.3894
118.8877
68.1705
66.8044
96.906
99.3714
114.2858
98.3259
93.0981
94.191
117.6824
89.9759
73.6202
102.1377
65.1103
85.635
98.3099
74.4932
96.4742
102.1421
162.8429
105.9359
118.2475
77.4191
116.4147
97.8114
92.4697
57.1495
97.3693
91.9974
84.9317
76.5691
97.7713
91.5382
56.235
65.8022
85.2065
83.8665
60.0313
80.302
99.7749
81.7329
107.0014
79.4109
152.1728
126.4537
134.8126
87.3134
64.9621
82.8073
104.0474
76.1801
109.6963
82.5008
59.4317
103.7381
92.0482
65.0725
111.469
82.6933
102.7502
120.5458
109.3276
91.1186
112.3605
75.4815
92.8795
66.9464
86.459
74.1511
77.3707
85.4851
140.2048
97.7649
90.0029
75.131
102.2207
97.4289
86.4732
89.5644
110.6107
93.2248
93.7705
123.1855
85.8602
103.291
84.8542
95.2131
133.8152
52.3447
117.991
76.7602
117.5573
89.301
64.7391
81.3979
92.1924
122.4236
118.6375
104.4171
98.5407
92.4208
88.5357
75.5451
74.5034
112.5508
90.7496
110.4048
129.2476
52.8189
74.8256
80.3492
91.992
74.7486
108.3639
86.5323
69.517
104.8559
102.6603
103.8104
111.8087
57.1556
89.6716
98.4308
74.995
91.7552
74.8018
99.6198
125.8476
105.942
125.6744
105.7195
94.2562
134.0275
111.6624
97.3262
82.8264
72.6793
60.5637
122.5285
58.3071
94.0618
92.2295
107.8684
98.7869
99.8209
84.6285
109.8859
119.0283
66.2896
91.0462
104.8744
67.7953
84.0848
74.1026
93.0128
85.157
115.3326
108.0621
81.107
69.627
79.9811
77.2144
64.1024
91.0379
124.8152
73.1656
96.1966
101.9264
94.2471
94.1448
64.6559
92.2144
61.6271
98.4634
76.0434
104.0731
70.6861
80.0678
78.237
107.5753
56.9227
114.2176
108.7973
111.6974
84.0389
82.9626
153.5867
93.4082
61.0929
119.0413
116.0614
102.1118
131.9628
89.1345
84.7669
80.7653
107.5056
100.7393
86.6609
91.1871
90.7894
98.3428
85.1699
87.8455
63.3636
102.7463
105.9688
96.143
37.7297
71.7518
80.1646
72.7109
88.8047
86.9261
85.361
66.7012
91.7964
72.2066
152.0785
184.7228
71.0983
89.6112
82.9957
77.5314
45.244
98.9136
82.8143
88.4876
90.9645
139.3803
85.4586
66.2741
74.1119
136.2985
134.2025
82.2887
103.6054
101.1533
88.1791
86.2438
88.3181
87.8353
78.8101
67.482
79.0072
85.9487
71.7705
85.2685
78.6254
112.1095
84.8059
79.0488
92.1244
68.0301
101.3558
93.3542
70.973
126.5987
96.6951
111.2825
98.1191
65.5479
88.559
98.5991
54.3347
75.0787
69.1857
93.7263
76.4479
69.657
104.3029
61.9887
76.9326
95.9183
54.1186
104.9948
103.3574
97.418
44.8672
96.3351
89.2907
112.6842
130.7267
118.2033
106.9872
68.0637
80.241
71.5626
95.5845
84.0408
71.9501
96.2313
70.9589
87.0648
119.9665
88.7141
78.5104
64.8092
93.031
70.4609
94.3203
100.1769
104.1801
66.8459
102.6408
94.0923
102.2179
104.2253
118.1012
77.2906
105.0747
76.0408
63.1349
96.1428
58.0376
81.8589
69.5079
60.1429
66.5853
107.3929
97.7689
93.0146
89.8977
84.7977
72.9507
56.8297
113.3463
85.4995
110.5466
99.3039
68.3505
89.6055
101.3481
87.742
109.2965
99.7895
106.3829
103.5581
76.7108
187.8745
109.7064
102.6198
110.2887
97.9898
64.4532
85.9462
74.4022
86.3089
63.622
76.445
106.6938
120.7278
108.2986
81.905
73.8955
86.5505
70.3065
123.0675
96.9214
103.5269
99.7732
84.0496
93.795
104.8755
101.1514
77.1166
65.8898
100.8688
107.1492
156.7743
86.3056
73.8193
57.0764
99.0995
87.6324
137.7235
100.69
68.6396
93.4056
112.9362
73.483
104.4125
