15.2835
13.2466
31.3649
13.2601
42.8695
15.7087
14.9577
32.4042
15.4972
44.1801
24.3452
31.2451
11.7001
17.8662
20.0713
21.5775
16.9508
13.1562
14.851
30.0521
16.4368
31.4162
11.8815
15.4219
72.6653
28.0511
22.0317
27.1666
23.228
38.0549
25.2494
54.8936
42.5573
22.4866
30.8141
15.7328
29.9898
27.7749
40.4341
17.4045
9.0569
55.6158
22.205
15.8189
15.3683
23.8881
16.3356
16.7534
13.6394
22.6587
22.3435
32.9543
13.5755
23.7192
15.0989
23.6688
11.0058
14.347
16.6522
17.0985
23.0361
21.7796
24.7606
17.2657
31.1237
23.0716
12.5459
23.0475
12.4456
31.3162
45.281
12.1108
33.2422
20.8079
18.3966
22.1752
22.0275
22.6586
32.9917
31.4412
14.2565
14.8153
15.5945
12.4903
24.7987
16.8082
10.965
21.9085
40.7036
41.5632
32.1117
42.8746
23.2281
36.3603
23.5442
23.0069
26.4945
17.9519
32.3301
16.934
12.263
14.4841
31.9898
15.9387
31.5897
18.7585
16.0166
22.9039
16.3955
11.8755
16.9593
31.3482
15.3589
56.178
15.4702
16.9385
43.7026
25.2545
29.8958
31.8204
34.8618
25.5996
18.5058
12.1415
23.2505
23.9804
12.2866
16.9419
14.5494
20.2904
24.5929
30.6118
32.2984
14.8389
13.6805
15.7393
34.9411
14.5453
15.6621
12.418
25.0146
32.3395
18.2621
14.4502
11.6274
30.9651
16.826
11.9352
13.5879
33.1492
15.7041
31.5185
15.2976
24.1059
18.5899
33.5315
16.1353
12.2964
22.3982
11.9869
29.7704
13.3902
36.6996
15.121
32.4519
10.6293
22.0523
25.4888
41.7928
31.8159
15.8918
23.446
23.3563
25.6726
31.8287
19.9237
11.4726
23.9205
20.202
12.2322
22.9711
22.5712
11.9556
14.9212
17.6158
24.1895
22.9836
21.1254
12.1076
24.428
12.0144
15.2142
23.6733
16.8681
34.144
30.4155
20.9183
18.7486
35.6497
18.1412
29.7038
18.094
52.7857
28.1773
17.5557
14.5353
18.7062
15.6325
21.0294
32.2102
32.9781
17.1493
12.5128
9.9544
22.141
22.5477
30.4855
31.0961
33.2488
32.8913
58.5718
30.9349
43.1885
43.191
12.9268
12.4477
21.883
32.3071
23.6564
15.4151
31.2938
23.1636
11.9062
43.1061
31.7617
18.2748
29.6834
15.7485
43.0617
19.9109
11.7852
24.3741
16.2351
22.7445
16.3549
25.2494
15.8241
17.053
11.852
32.9399
16.7046
22.3742
39.4425
16.4949
12.5457
18.4937
17.3764
17.5234
10.2399
16.0953
32.3472
32.5844
13.6464
20.3636
30.8893
9.6526
22.3384
11.3574
13.8718
29.325
14.607
14.2887
22.6971
14.1068
33.5162
12.6846
17.3942
21.8618
30.6126
23.4149
12.5554
14.094
14.8985
13.7705
18.2596
21.9385
16.1724
32.1982
15.1051
16.1853
31.9054
12.3633
12.0547
17.8417
32.6165
15.1711
25.3455
24.1609
31.9128
25.5761
50.1808
27.3428
31.0792
15.3216
14.9487
14.3572
23.7978
19.2339
31.8769
22.3433
26.5874
15.754
26.2073
22.1542
11.8826
11.4727
17.1405
15.8869
31.7573
23.1996
21.0545
25.2955
23.5142
17.7673
16.3559
15.1302
33.5019
11.5253
30.8525
30.5114
21.8359
12.4046
42.4467
17.0114
15.5727
30.8057
13.6487
22.0878
24.574
42.848
55.213
11.5323
32.3395
23.7137
17.6872
20.986
75.9066
21.6344
17.5261
16.1133
37.7359
40.5032
25.4164
18.7457
32.6907
15.9975
42.8617
20.2466
13.1936
23.1286
11.0459
15.7114
33.2142
27.7864
10.7209
16.3819
11.796
34.3135
16.5589
16.6038
17.4881
12.0705
13.2213
23.8622
22.6305
17.7909
24.0587
15.2162
19.0707
15.4873
30.2677
18.1438
16.4527
14.8946
23.9765
27.5233
15.5361
17.9121
18.8576
18.2831
11.6187
25.878
22.1486
30.7399
21.7453
12.6101
30.2323
80.5987
25.3743
9.6242
17.3881
17.3679
20.4549
23.032
17.0329
19.9364
42.0922
23.4918
22.4124
25.9438
52.8053
24.2632
31.298
17.1716
24.4535
26.7847
18.3334
22.9815
15.0766
13.7178
10.6453
30.4936
25.3539
55.2696
14.1291
14.5274
12.2011
19.3861
15.5733
42.7641
30.6834
19.1999
12.18
31.1349
30.1951
17.5519
16.2756
15.4718
13.2324
55.2027
22.5164
18.6521
21.9749
11.8287
18.7129
24.5285
25.9376
12.4044
14.2472
23.2026
31.8104
33.6709
12.5156
52.2263
15.8082
21.1548
11.3381
60.0825
18.8321
33.9467
17.1136
16.9503
45.2863
13.0172
51.3185
24.404
16.8216
21.8999
17.4103
24.131
24.0437
32.9667
11.8134
38.804
21.9749
27.9263
25.8364
22.2874
12.2161
44.2423
17.2005
22.4696
55.5725
57.9291
11.2027
35.1669
15.9332
23.0709
32.4023
25.068
16.9711
42.5297
15.1099
13.162
12.6834
21.9555
25.2187
30.8951
23.0079
24.0983
17.5863
19.1339
13.184
35.174
45.5782
16.3927
33.2824
14.2511
12.2796
23.3974
25.6627
21.0058
24.3678
17.1306
17.2948
41.5866
20.7711
9.5661
17.9566
23.5788
32.7291
22.7817
30.5551
15.4544
22.7503
11.8173
16.4361
29.6212
16.7047
22.321
16.7833
18.4533
15.9432
23.6569
17.4833
15.8265
22.8726
23.0465
30.904
23.889
11.7457
10.5603
17.35
11.448
15.8158
32.7399
20.9123
13.0587
30.4958
55.3943
30.1808
16.7476
24.7939
17.4986
14.4079
22.5416
55.081
16.9026
17.6675
12.0392
22.5426
13.636
15.4868
34.5942
20.2081
17.1794
15.2863
16.8098
30.9054
24.4623
18.4431
12.5267
56.8176
12.9479
15.8657
28.9686
16.4847
23.5338
16.6878
16.4198
24.1485
22.3283
19.399
20.0008
15.4675
16.456
19.9093
28.7555
43.4526
16.678
30.7468
32.0748
23.7426
11.6266
30.1267
19.4407
18.3659
24.3544
10.2162
15.021
10.5642
36.2654
25.7815
26.1104
23.3512
12.1799
27.2703
17.0725
19.8527
21.4479
13.4951
23.9446
29.3089
40.0649
18.5277
17.9866
12.0284
38.9806
23.142
34.4382
25.2127
18.9071
32.18
15.9192
16.1558
39.5114
15.6056
26.2571
14.5047
30.5874
17.1
12.3893
11.0731
25.9835
43.5132
15.4075
42.4888
42.1183
15.8002
21.509
9.1753
16.3022
31.6024
22.9732
19.9177
14.8927
13.4531
30.1269
17.887
14.2596
33.1085
15.4282
22.8197
43.3957
12.1017
11.1446
15.9926
16.9005
20.0159
42.7142
21.2904
23.3457
9.9814
9.5213
16.5699
22.321
15.1129
31.5562
8.8552
38.1459
26.2729
30.4179
35.2483
28.5821
11.8644
11.0776
17.6565
40.4266
69.5429
13.6427
16.072
16.4081
12.0279
13.5828
18.4708
13.0701
33.9802
23.6328
17.5742
15.951
31.4018
41.5494
25.3013
31.7727
9.2833
16.4278
10.4652
22.4247
16.4473
18.6357
15.496
16.5525
11.4554
21.1142
38.8908
30.9141
16.5235
31.0118
17.5236
23.0411
13.2141
16.7571
27.0008
23.0827
12.9213
32.4018
24.7411
11.5385
31.5849
16.0608
28.2862
16.3037
23.4116
30.2289
12.9514
23.012
30.7423
13.4115
23.1152
92.2119
13.008
11.208
24.4069
22.9304
17.4156
17.3856
18.5527
17.0344
24.1686
24.3458
42.837
12.9801
16.9511
17.2993
24.7863
11.2921
17.1767
31.0464
18.2642
42.0654
13.2145
14.901
22.4098
33.2147
15.9252
14.0615
30.9601
22.2678
23.8093
22.0405
21.2244
22.0646
17.419
23.0312
13.5938
32.1442
17.249
12.9122
16.1668
25.5411
39.2098
31.0247
17.1645
19.7764
23.3374
17.5852
33.4629
34.384
59.3847
19.0056
18.7425
17.222
29.3167
19.3362
48.424
32.2405
17.2524
42.0511
30.6093
50.8494
43.3377
26.5163
12.5451
22.3682
9.093
42.565
11.4468
23.4996
30.2267
34.8888
70.4169
21.6285
11.1216
21.574
31.38
17.3674
15.7708
12.7421
17.495
22.0568
16.2125
33.1517
17.1466
18.9271
12.8065
11.9933
71.1257
12.6444
32.8504
11.8778
32.9668
15.6785
36.085
17.1514
12.0398
23.2738
12.8424
16.7493
30.7092
18.5751
12.1928
23.6126
9.8758
17.5013
32.8493
42.2805
11.9738
13.083
13.7759
22.7427
10.3404
15.7593
23.0619
53.9295
32.8997
21.3171
10.3125
12.214
18.0819
15.888
27.9681
25.0967
22.055
18.7998
15.8137
23.5877
13.1802
24.2047
17.4208
16.0617
13.1207
34.6684
20.3105
16.4886
41.4186
37.7563
22.1492
28.7673
27.111
15.3702
13.1508
16.3394
15.8601
18.8174
17.6653
16.1351
51.117
15.8768
33.1053
21.7133
24.0897
15.4069
42.1911
19.5152
22.5869
32.6606
11.5318
51.4643
10.872
30.7727
42.932
16.4521
26.9843
12.1801
16.9059
16.8102
20.3781
10.5653
16.2944
32.6442
12.4185
56.4036
17.3178
13.1938
13.4134
22.3561
16.5781
50.1157
9.5289
56.6548
58.2942
13.0085
14.894
39.1639
18.2878
17.248
15.8612
17.1978
31.6476
13.6732
33.2107
31.8708
16.6336
22.4504
19.7498
24.2085
56.1659
11.9301
21.5903
22.016
15.8919
24.4164
20.537
16.1419
18.0028
18.5036
16.9749
32.2891
18.4569
17.0274
28.9369
17.2992
19.8115
39.4642
16.1737
22.9474
16.4724
33.0861
30.3595
18.2801
44.2157
23.4345
15.4522
44.4293
25.4304
16.0635
37.4795
12.7694
45.9343
24.3432
31.3147
11.2903
32.3583
21.0331
13.3847
31.5519
16.7664
14.0187
16.5473
29.6769
16.917
45.1963
17.0888
15.6238
17.2918
55.1157
13.8349
13.3679
17.9018
22.7672
14.6271
15.4821
36.2638
22.493
18.6677
28.3526
19.9665
42.2024
33.3339
42.4369
16.3818
24.5553
15.58
31.3232
22.7977
42.2026
11.6947
32.8929
21.9531
30.3439
