55.6896
89.6684
102.4701
87.8821
100.6645
91.2984
89.0343
128.5823
85.9349
121.0758
105.598
102.734
91.5843
73.6572
104.1062
102.008
108.8011
67.4119
98.6681
82.9434
110.5448
96.5718
91.1693
62.6678
120.6915
98.4507
98.3132
94.9571
102.1329
87.1979
76.232
95.0609
86.8041
123.712
92.3583
78.5552
86.0604
82.7011
87.0295
112.9827
76.942
89.3641
96.0707
81.1316
86.5124
137.8771
104.7729
116.798
88.6378
111.4563
85.2332
83.8603
100.6431
96.8433
72.0015
96.8012
77.0335
86.7994
100.666
94.9868
95.2157
104.8963
58.0293
86.3737
81.5222
136.8793
71.3424
107.3349
78.8389
89.4433
97.3768
132.1492
92.9452
80.6697
121.1342
121.7488
100.51
105.2462
75.7209
124.4202
138.0306
90.3625
113.8594
98.1469
93.8492
90.0524
88.8795
100.4877
68.8574
96.1608
81.9318
87.4675
82.0594
98.3345
122.0741
100.0388
81.1839
75.5788
102.3411
110.2813
83.1519
99.6867
101.1795
66.727
80.8676
101.5047
67.8482
86.8692
65.0886
73.5921
89.145
86.4063
86.101
119.1405
95.8479
88.9273
104.5148
96.3944
83.2928
82.5556
62.3424
124.6853
78.7907
102.073
90.502
79.8269
81.6557
87.415
103.5598
95.1912
89.9271
86.2578
80.0257
81.5376
99.0504
97.6475
81.7073
85.9975
101.3421
127.9934
107.0135
76.2436
96.6414
77.6501
95.9097
99.1985
78.856
77.5778
93.3893
110.0672
107.0469
80.1543
129.5057
108.0433
90.1832
84.2615
90.3834
101.6352
98.4289
91.7039
86.6683
102.2249
97.3019
119.3593
91.6659
89.9233
108.4377
85.4288
79.065
98.4802
84.6083
57.8855
121.3674
104.0317
54.5761
109.3604
98.2229
103.7839
106.3705
88.0538
93.2442
108.5269
87.8572
77.9053
97.5861
78.248
106.5701
91.0907
89.818
99.3112
83.2674
104.0533
107.2788
75.0523
75.4731
56.9506
112.5978
86.8027
116.1271
95.8896
90.7567
84.0633
119.5652
93.4098
103.6201
87.137
84.6972
69.7081
107.0445
132.1638
91.131
70.2539
83.5182
77.1614
106.8188
90.2257
77.2799
92.1582
102.5803
85.6465
86.052
118.4549
123.5931
95.7542
79.7841
109.0387
104.9987
114.9449
87.7225
100.2895
68.5589
75.1621
92.7741
56.639
73.7851
63.4999
99.5873
94.891
101.7977
98.3909
121.0269
61.6519
101.0317
71.1384
92.8338
80.9391
87.728
119.7404
71.5478
93.1618
91.0752
98.2479
103.4084
112.0529
94.5897
79.9534
102.361
93.7331
80.8319
86.7793
107.4772
82.3085
102.2443
107.9211
84.9849
103.591
74.0769
68.323
107.8138
113.3541
81.6083
80.0669
99.2379
81.6986
99.3566
86.5787
70.5718
128.9592
114.3301
59.8838
99.9954
101.4246
116.554
87.486
115.1623
90.4426
88.0009
77.3615
81.7167
112.5859
98.8175
117.032
105.1412
103.0459
95.8844
102.5965
79.3851
98.1367
80.9329
123.3431
113.838
104.7618
66.4899
83.6772
83.8048
93.8933
81.2586
86.3959
93.4771
124.8198
78.2579
95.7634
83.4128
107.8049
97.2938
118.2926
87.866
70.1186
92.676
80.9952
94.894
118.304
74.9069
96.1078
92.8546
72.4992
84.8475
93.304
69.4322
104.0273
83.683
81.8059
106.0768
86.92
83.979
99.8685
73.9133
68.1572
97.5761
96.1876
90.9156
104.8177
95.7703
70.7703
132.9422
93.6034
99.1729
114.759
72.5154
90.1644
98.2887
92.894
100.3957
84.1221
97.2884
94.2618
105.8258
104.0714
69.1706
78.9148
88.7555
93.4672
106.7334
94.1049
81.1839
84.3897
102.9149
68.3185
69.3883
116.2929
93.8709
75.8083
107.4029
93.0602
105.6634
96.711
103.077
63.9286
101.4553
94.2693
94.2008
91.5485
88.6328
77.2839
84.9646
83.5541
69.3845
89.85
97.6152
77.1379
100.5122
102.3004
83.8639
120.9052
88.9927
89.6086
82.6712
115.5278
87.1527
69.9298
68.6624
111.1675
102.5205
94.0381
121.2116
100.215
96.5769
94.8932
97.7879
73.3231
75.8304
96.4059
73.764
100.4407
95.7633
97.949
102.1851
82.2204
91.7079
86.1068
140.2278
93.6144
110.6225
104.0258
94.3416
86.008
93.9431
84.8263
44.0587
99.2759
86.7206
100.3621
88.0475
89.5578
122.9586
105.0201
88.6293
94.8212
102.7411
89.9601
83.5842
103.4634
62.0342
54.4067
88.4972
85.1453
87.7023
82.0616
102.0248
71.8297
88.529
105.8808
127.6499
95.1436
83.0185
91.2773
100.2601
90.3998
99.1866
93.1595
54.3665
81.2381
70.0643
101.5856
94.8863
66.8437
107.4844
94.4243
62.346
81.6491
99.2685
104.7912
86.8962
111.3871
92.7874
97.1465
82.305
95.8697
122.812
87.9396
97.3374
103.6761
121.1112
93.6652
92.5911
113.0824
121.0066
90.8931
93.0137
93.4882
116.1636
86.5682
84.9897
120.302
64.2263
83.7239
100.2246
87.9393
77.0408
69.1745
119.4095
88.8038
103.538
86.1784
97.5961
74.5209
73.7444
87.2307
93.6732
93.8295
83.9492
90.3971
80.665
73.7374
92.0888
83.9357
85.8146
81.9059
78.4815
75.6212
95.4687
103.4566
92.6882
91.1622
95.3628
93.2897
95.0996
102.2359
72.9755
85.7008
108.511
75.1459
59.9551
88.4101
84.8461
90.0565
94.0567
123.7054
76.8327
73.9549
97.8463
105.979
101.3975
115.0945
66.174
119.7974
112.402
114.1377
103.8809
93.8498
92.3377
108.6326
104.5143
117.73
70.8488
103.4893
102.0954
134.7753
92.5625
112.5314
102.234
93.3052
108.0727
112.8554
92.4141
96.6995
98.6095
95.3325
114.3959
114.8111
104.5023
61.5877
67.0968
81.4342
113.4609
108.0313
92.6259
93.4339
105.5989
97.6698
100.8193
90.4323
89.4172
133.6101
81.2168
92.2385
74.237
99.0496
95.7635
82.2931
88.4477
103.3203
81.0659
111.0407
111.8857
68.4813
112.1471
81.3976
92.0564
75.8236
81.9161
96.726
76.0748
125.5124
84.0532
103.9536
113.2037
126.117
111.2971
68.7017
104.1656
85.8923
71.1914
113.7756
98.888
113.9224
104.1395
71.2924
95.8257
75.6541
85.2927
72.3607
102.5852
81.192
90.9908
83.1652
88.5316
78.5949
104.2869
71.2112
68.417
84.0949
99.6089
117.4331
84.5161
72.4358
76.004
81.2009
88.0582
73.3309
80.0777
111.672
82.2249
89.4611
113.0072
108.2938
81.7371
80.3726
107.4556
102.1486
77.5842
115.5706
100.5912
110.0852
118.2223
86.8435
95.9784
72.8491
109.2006
90.271
89.0641
75.0847
94.2191
57.8702
90.3619
76.2173
100.3236
84.3324
97.9013
96.9274
79.6106
84.602
79.614
72.7116
92.7237
121.4676
58.2149
92.0567
52.1063
95.2137
110.9041
82.8084
83.3418
95.6714
94.0784
112.4185
139.8141
76.9624
88.4803
74.7954
108.4291
85.1674
100.9086
129.0295
70.9207
91.0298
83.6722
96.1923
80.167
89.7105
102.3408
79.4038
91.7587
91.7121
93.1147
67.7816
134.6353
143.1447
96.1219
74.1913
65.2923
100.9859
90.5575
129.1284
94.3309
112.5706
107.0541
92.0049
75.6235
71.4317
90.7574
99.5533
86.6396
89.2984
123.049
70.4994
85.5454
114.7378
91.9775
114.0862
125.1059
76.6199
73.3961
82.6738
95.6905
98.644
112.8279
94.6857
86.6646
96.5195
95.1226
83.3752
100.3895
81.0037
107.4494
82.42
100.4369
91.0027
78.2403
92.919
108.8524
102.6112
71.9337
55.5561
86.2067
100.6065
72.0173
76.7805
104.8102
92.8871
99.6386
133.8309
93.8346
89.0477
106.1531
89.3355
112.5851
110.8269
98.0917
103.2875
105.6811
115.3586
98.6232
83.0993
95.5129
104.81
88.1511
90.6838
88.1254
115.9178
94.4651
60.7406
57.7385
87.742
93.8247
85.7401
105.1491
99.9414
79.187
76.8763
89.0283
111.6998
95.1981
110.999
67.9107
86.3243
107.9446
106.6938
79.7585
79.374
84.5298
90.0261
101.9142
71.4579
77.2957
94.5258
76.712
91.3228
96.083
112.69
76.9968
80.8518
110.6677
125.7434
81.5229
75.6484
74.5938
99.3672
113.4259
121.3907
96.9895
107.777
61.8153
79.6353
89.7317
115.4051
95.5923
73.2659
71.1029
73.2602
102.9098
83.6403
107.1244
89.1794
97.7905
111.9643
58.761
76.561
101.5578
65.7799
102.7083
92.9777
92.167
97.2421
108.1234
98.2554
84.4005
92.7878
83.8227
81.6178
78.6582
92.6675
105.4508
94.8664
116.0522
95.352
58.5618
105.7734
109.2006
106.457
81.7015
97.1909
82.0555
47.057
104.3723
128.4637
74.1292
98.6344
97.2947
98.4194
86.7776
104.2718
98.9383
69.9303
106.6311
97.689
96.5976
135.6035
66.0521
90.2453
99.2704
90.769
70.6982
109.6626
105.3999
124.9807
88.5089
86.3724
82.8101
81.8734
92.8079
113.0412
102.3902
86.8842
90.9688
102.7692
72.644
77.456
105.0629
91.4987
92.9635
86.6143
92.747
103.9779
73.8501
86.656
111.5524
116.1101
93.6741
80.8498
100.3476
78.2138
136.8424
97.0975
110.6134
91.6798
106.8574
94.9959
96.6634
73.7421
103.0569
96.5273
121.3982
85.727
98.0199
99.5322
71.3359
89.5616
104.8819
102.4685
84.5197
77.2166
101.3592
101.4399
67.4585
66.7288
123.3154
106.5626
107.6413
80.4095
79.7768
85.5866
106.6853
64.3624
122.2434
93.1408
94.4045
62.0671
94.717
59.5922
113.7491
94.8412
94.1536
89.9739
129.3229
91.7794
93.6786
116.7402
89.5957
121.03
126.2804
91.7792
108.0308
95.3168
92.328
134.3856
75.5023
101.9703
89.372
101.7628
82.1602
82.457
104.2886
52.3789
66.8655
69.5459
86.7657
94.1678
93.8565
115.034
74.6531
119.2554
119.8501
87.3018
85.0876
79.124
80.0675
82.4824
104.8466
63.4886
84.5876
108.1882
79.9594
147.9065
107.9291
91.1258
71.9602
97.5096
93.4758
96.8869
