13.3837
11.4776
12.3248
19.6145
18.0822
24.4968
12.3594
18.4428
31.0578
17.1566
11.8423
15.7821
14.139
17.9739
17.4766
24.1171
10.8149
11.8612
11.5098
17.1015
15.138
33.2322
16.951
12.9897
10.799
12.3849
25.9508
11.7731
11.5264
12.8934
17.6695
10.2535
21.5397
11.8645
9.9065
11.7277
20.202
16.0855
19.0678
11.5494
16.0767
9.8282
20.1084
24.9657
20.7721
17.1295
15.8013
13.4291
12.2866
22.1217
10.8462
12.8537
17.2206
16.3425
33.916
22.5732
24.8994
28.545
13.5606
23.3074
12.5302
17.3336
12.0428
12.8116
35.2844
23.6043
14.2457
10.3075
11.4178
13.5509
17.3616
13.1262
14.1295
29.3164
22.9448
24.9446
16.2367
44.4786
12.6774
14.7981
24.3867
14.0865
17.8096
16.4902
18.2373
11.8043
37.3875
18.3696
20.9746
14.3194
42.6627
10.5733
15.7769
13.9431
12.5193
12.6581
17.3223
13.8471
11.45
36.2638
15.3607
10.435
11.9795
12.1052
22.2409
16.6504
16.5881
19.7438
16.0579
12.1071
12.8805
11.6868
27.5056
16.4795
11.5925
13.888
25.4562
16.5552
14.4491
11.3854
15.329
11.7768
15.4478
25.9689
18.4858
11.9419
26.9533
14.4837
13.7252
11.1368
26.071
12.6628
14.0934
18.4428
31.1802
16.6286
13.6244
13.888
10.1169
10.0969
12.4295
12.0691
20.7431
13.6374
18.4428
22.6184
11.4362
15.8396
18.5561
25.2494
17.4407
12.7599
12.9769
11.9444
14.0287
19.5145
14.3789
10.1716
24.0587
11.0327
12.3856
17.7601
13.2594
19.57
15.8725
11.3203
13.3613
13.4318
12.9393
21.018
19.9743
17.5053
24.016
17.9975
13.6934
12.6491
11.5915
16.0981
16.2162
15.7385
25.114
13.0638
30.9655
17.6031
14.8113
9.5293
10.7522
13.9999
13.0142
11.3249
10.9332
18.5893
20.4923
21.2963
13.8633
14.6607
16.2585
19.0174
18.2554
18.6615
13.4294
14.0138
30.7468
14.6895
19.6145
12.0591
13.9822
13.1565
26.6343
17.783
18.9157
16.6187
11.3035
20.2707
22.2026
13.5605
20.1792
10.9863
16.0151
15.3264
11.2501
20.9746
18.7918
18.084
13.5711
13.168
17.1161
16.7664
32.4942
11.1802
23.3222
21.2074
30.7468
15.8832
19.0484
13.1014
12.9969
15.7923
33.1084
23.7436
22.2921
18.2976
11.144
16.7777
16.5845
17.823
17.5817
13.6441
16.1293
19.912
16.017
19.2626
15.7602
12.5522
16.1836
10.8766
29.3856
19.034
13.8631
18.319
17.9883
12.819
17.2206
25.1384
25.8548
25.3094
15.0138
18.0969
19.1909
16.0343
10.9795
14.8773
23.7738
18.2864
11.6161
15.1696
10.8234
20.1305
22.3938
10.139
14.9528
16.9246
16.625
26.2578
14.9689
10.3566
10.438
15.8794
30.1569
17.4277
13.4156
24.4019
18.3508
14.1815
17.9299
13.1511
38.4403
13.2747
15.3694
11.4679
11.5822
14.0903
10.8749
22.9421
11.5897
21.0532
10.6935
13.5943
18.4529
11.7396
11.1514
17.3843
31.3631
14.4886
23.3249
16.9932
13.596
16.7974
15.8137
12.8858
15.1633
13.7921
14.2505
14.3821
12.609
13.5139
22.0613
14.0138
16.2131
12.3615
20.5963
15.3609
20.1234
12.3596
12.3667
13.7593
15.4292
24.5184
19.2126
14.1545
12.6888
25.2762
24.2318
18.5342
16.5177
28.3791
13.6694
16.4985
17.191
12.2771
13.9339
18.0092
25.2494
11.7207
10.7624
18.2219
10.4179
22.0613
16.9352
13.4136
11.453
12.3624
25.2494
42.3542
17.2206
15.7539
14.0893
16.7017
16.2399
13.4937
16.5421
12.1817
21.7519
18.0545
16.1443
24.1686
17.5795
17.427
13.2076
19.2689
18.587
14.2563
16.2438
20.9746
12.5688
25.84
11.7057
13.5663
13.4039
23.8303
13.1446
15.436
11.9652
17.3686
12.3659
14.1981
12.0066
22.4089
17.5234
15.7682
10.8809
23.5517
15.7094
14.3314
14.6106
38.7912
20.5037
11.7569
11.1267
19.2331
17.1109
20.0555
17.4461
13.3421
15.7325
14.5849
10.4958
17.9041
11.7913
23.1613
13.9527
10.112
22.0613
22.9649
14.2806
14.0663
10.4452
11.2146
21.4741
17.261
15.0106
16.945
11.2116
23.957
15.7592
23.8395
17.315
11.4674
13.5422
17.8895
13.0857
22.8988
12.1004
24.5014
11.3279
24.3964
11.1175
13.9466
11.9516
12.5058
12.2271
17.5234
13.3353
9.8372
11.2647
12.5413
21.9096
12.6836
12.9062
22.0613
24.1616
16.7193
14.6164
16.1694
19.793
15.1417
17.2438
22.9439
19.8065
32.8763
15.7198
15.7462
11.7181
33.9974
17.4303
20.2797
13.6718
15.6099
27.3479
16.785
19.034
16.4521
12.7564
18.0996
22.2691
12.5592
21.4712
18.0928
11.5456
19.874
15.1696
14.7697
17.2206
17.8987
14.0608
20.2653
19.2404
15.4292
11.1753
18.1012
13.3713
16.4735
12.3261
11.6788
11.5836
29.8806
23.3025
11.8259
25.2494
15.5111
13.543
23.037
20.9382
16.1851
23.8872
16.5521
10.704
15.0765
19.347
12.7383
9.4529
17.877
16.0753
12.0387
19.034
10.6209
15.8938
20.4921
13.8602
16.9861
19.57
12.3724
15.8084
13.8333
41.3185
16.5808
13.6706
11.6942
12.2595
35.507
15.4171
22.0613
9.5614
18.5851
24.4903
12.2424
13.3118
19.6145
15.7187
22.6274
21.4741
12.4337
18.9123
22.0613
16.6962
12.3715
17.0955
24.2047
13.017
12.3602
13.213
13.7827
26.7593
16.2224
22.2678
16.6461
12.2314
16.5603
17.0279
12.3114
13.0663
13.823
16.5263
11.2654
19.57
17.6354
12.9899
19.6145
10.7792
13.082
17.6685
16.5217
14.0366
15.1318
28.5088
10.4763
24.3756
16.9954
20.0061
18.6488
14.4624
15.2437
16.2869
12.1123
12.7069
20.7574
17.7365
16.4037
22.8238
27.1681
16.042
28.6098
16.3339
12.9591
15.4992
12.1039
13.8321
14.2456
17.6807
14.3386
13.1553
19.57
25.7076
17.5001
31.7249
23.8777
16.7102
25.5483
34.8753
10.1535
10.2277
20.7574
12.1463
19.7767
17.6251
20.8539
18.9824
11.8352
20.4613
12.1142
29.6769
15.5648
17.7511
12.7951
35.8937
10.6982
12.6223
25.2591
12.093
12.9135
12.0457
14.8862
14.4942
11.866
11.5227
18.3505
22.2678
16.7259
15.1018
19.7754
31.0018
19.7249
17.0165
13.2764
11.7753
18.0522
18.6078
15.3999
10.2767
24.2197
15.7498
26.9297
15.8088
12.8463
27.4246
31.6182
35.6186
19.3648
17.8987
18.4648
10.814
33.5137
14.3709
14.8909
14.1148
19.3006
17.2509
14.2066
13.0913
22.3391
18.5967
15.8102
12.6294
11.9387
14.9355
17.6739
9.4879
14.4752
14.7806
16.1639
11.4775
13.1553
14.6531
19.354
24.7925
12.6709
36.4925
15.9288
13.8748
11.4799
10.3755
27.5233
16.2969
23.0153
14.0781
30.7468
14.9215
22.5902
26.2187
23.8562
19.1463
14.4727
13.3159
22.7297
16.7844
14.1112
13.2864
12.813
12.1846
23.0214
13.4927
17.3616
19.4917
11.3572
24.2947
14.3096
28.4168
20.5307
17.5611
14.9088
22.0682
11.2797
12.0133
13.6144
13.537
12.5515
17.9443
15.3607
13.4954
20.7338
11.6201
22.2678
14.5538
16.4983
24.1686
13.8471
18.7839
20.1499
15.3536
12.4829
12.4698
15.5006
23.73
17.6435
11.7788
15.6748
18.5873
18.7006
11.6596
20.1729
19.0839
24.9775
17.9602
11.2255
13.6128
13.4145
13.2274
11.6835
15.2079
19.4587
15.4601
13.4043
15.9626
13.0989
15.9819
12.4912
23.4352
24.5854
21.9224
15.9838
23.1385
13.7418
17.9137
11.5995
12.6752
25.8546
18.6887
12.2994
14.8274
26.3787
24.4072
17.0369
13.897
23.6556
24.9889
37.5771
12.7276
12.3248
16.5362
11.3631
13.9071
9.7681
13.7983
20.5316
16.2975
24.1686
13.3422
11.7449
15.8207
12.0045
23.5319
16.0654
20.2383
24.3824
13.2457
27.3513
15.7588
18.9012
21.8111
21.4489
13.3705
15.3921
18.7004
19.2033
16.1901
12.4395
14.3335
12.0004
9.1299
18.1745
15.6945
17.6756
12.5681
17.7563
13.9495
17.3678
14.3458
11.285
13.4653
17.5234
12.1389
11.5907
14.4229
16.5852
14.5413
17.6759
22.9649
31.5558
45.9409
13.0356
20.202
17.3679
32.5435
14.8212
16.2962
23.0509
13.9267
20.202
25.2494
11.0945
15.5111
14.755
26.495
25.2843
19.034
17.191
11.0942
12.1687
18.298
20.5125
11.5332
12.7458
15.6584
9.559
17.0291
17.8415
19.7425
19.7425
12.3127
16.0472
10.5891
18.1603
26.1156
12.1252
17.4841
17.6795
16.471
11.6751
35.3974
15.5888
16.754
13.019
13.9292
19.1463
38.4403
12.5162
17.6002
13.7542
17.7561
11.3465
13.4173
14.8654
21.4119
17.3719
35.774
19.0484
24.7435
48.1619
12.7022
11.691
24.2469
12.4112
17.5563
10.8148
18.3864
27.4553
15.7365
17.2206
12.0679
17.5727
13.3866
13.3947
13.6619
22.0613
13.485
12.494
26.3221
11.8688
20.9746
22.6726
15.7942
12.1838
25.2494
15.015
12.2148
10.1027
11.3185
16.0053
26.1724
20.3495
13.1683
14.2896
11.1702
16.9972
18.5131
19.0484
12.7085
20.5272
15.3423
15.1822
18.1569
30.7468
12.8429
19.0625
18.002
26.5574
17.6435
17.9602
19.9743
44.1286
11.8205
16.3365
15.043
9.8689
12.3102
17.4324
16.1628
32.3412
22.0016
16.7201
12.0406
27.9058
24.7941
19.2631
13.0095
13.2171
13.128
16.942
28.5238
18.6566
15.2079
16.8205
20.1234
12.1274
15.3204
11.4832
11.0559
16.1746
12.1536
17.191
13.4134
17.1672
18.2176
12.2889
12.8421
16.9454
12.0657
12.7345
13.6027
16.4299
