91.2056
98.6991
88.2687
87.572
90.0101
127.9778
83.4811
88.1618
84.1937
76.3467
110.1576
87.3474
76.8293
118.54
102.7262
74.2527
55.1284
113.2063
93.0882
92.3811
121.7003
77.5972
95.0252
111.4544
94.7125
80.5348
139.3756
90.4395
75.219
92.2684
89.5887
103.6324
91.3041
81.4711
80.9208
67.7785
101.9991
64.2762
126.2332
91.6256
86.24
66.7752
95.5105
97.1178
62.9613
74.0408
88.9033
103.9839
86.1436
84.7823
85.3743
102.8335
72.2395
118.8429
70.2604
82.1719
82.1091
85.4257
78.0543
96.0677
69.2153
104.1536
82.0572
89.4923
113.6269
80.4313
100.5771
106.3068
102.024
60.6084
91.4152
87.5177
113.8157
74.0005
88.4968
65.2981
105.0985
97.5965
90.3333
92.6883
99.1645
84.9529
92.3555
107.9731
132.3811
87.4737
129.174
89.0132
112.9822
102.7817
76.9073
79.4486
121.709
119.4342
78.9352
105.0217
96.5964
87.8893
94.723
71.3182
71.5018
95.411
87.3362
109.7504
107.0741
128.9769
87.8257
97.7364
77.8174
78.8703
91.7101
76.4504
128.4474
168.7522
76.0597
106.8191
104.738
109.962
77.8706
83.1479
90.1708
78.1856
41.4604
71.3012
88.4835
99.6178
86.6063
81.9853
70.8713
80.3373
64.9315
84.1162
110.2178
74.6573
97.1885
109.8703
92.2592
89.9098
95.1863
70.2466
82.1327
70.7283
72.3876
92.9961
84.2708
110.3394
97.7358
98.5215
88.4762
103.9865
82.8467
94.6493
85.8847
96.6165
103.8096
81.328
111.0176
74.5273
92.3793
82.8262
107.9524
83.0293
104.2071
79.8189
82.2196
97.3845
90.3255
99.0365
102.2858
84.2338
98.7543
97.653
97.9664
54.1336
79.7431
64.8111
118.8438
72.8645
131.521
85.5384
93.6898
88.2866
88.5102
95.1394
48.4937
94.3128
89.6012
89.9146
69.257
76.7853
75.5992
61.5257
92.941
64.7836
78.3139
107.6928
98.993
65.7039
67.8566
68.2302
124.6835
84.5357
78.0951
53.0473
84.7278
109.2804
100.1206
72.1923
105.7304
96.3694
80.8044
85.8312
83.8612
108.6526
75.312
139.3106
101.738
86.2664
86.9156
91.862
107.5535
144.4295
92.4604
77.737
110.5624
97.6389
108.3411
95.9315
87.7255
78.1394
123.2827
65.6359
84.0941
135.3623
89.7634
88.7019
120.7768
91.7292
70.8156
81.4009
75.5721
98.8885
138.5965
109.513
84.9751
79.7182
101.1737
111.3725
82.53
95.2081
98.9919
85.2236
68.911
83.0084
73.8748
74.5865
132.4766
80.3736
99.5113
93.2562
119.5778
93.8585
115.9351
59.9592
100.9834
70.9066
92.7039
131.4927
84.9187
98.8257
121.9287
82.3433
119.0084
85.2066
94.4499
91.6101
72.4947
93.5043
83.2378
100.1156
78.014
67.3428
80.9342
90.9082
75.1479
78.603
100.4901
78.3018
97.681
109.7396
96.4576
68.729
122.8276
132.9781
78.7876
124.0545
73.3899
98.812
69.1038
80.4476
97.2166
65.4969
125.5671
98.3659
97.1326
108.4202
95.5688
79.1651
119.412
88.9848
100.0469
158.7354
77.7202
105.4351
73.1578
78.8113
45.7233
90.3677
114.1081
71.9259
106.0914
78.5985
96.948
102.2397
76.8496
124.5087
79.5759
92.3062
79.5079
132.4245
71.1871
99.6373
98.301
67.184
111.6571
91.9537
91.1885
75.5899
77.2499
106.7582
92.1537
99.2814
98.6892
93.7591
109.7115
94.4257
79.4813
88.8115
97.0217
98.8273
75.7776
82.7633
99.3532
92.5484
74.4211
98.426
78.193
103.8997
58.7012
61.3345
115.5144
106.9801
95.5547
88.7384
90.8464
86.9085
84.486
117.3938
106.3364
82.3145
93.6681
70.411
104.1727
104.0273
83.7899
55.3998
82.068
98.4899
109.6266
97.0234
102.8895
64.6935
103.0857
61.097
92.6372
101.8813
91.5974
121.8389
82.7577
95.9289
80.5067
90.4536
74.4195
78.3215
86.6433
93.7032
108.7568
74.615
110.2977
75.5084
92.6901
134.4132
99.8629
70.9045
165.7703
102.4346
108.1362
78.9148
87.5857
117.6414
98.8747
89.3846
76.9302
101.4838
78.2574
88.872
91.4103
103.3984
108.0792
64.85
95.2047
79.5903
86.9066
83.3904
103.3903
81.9377
97.4958
78.738
66.2642
77.6981
104.3471
106.9365
122.2676
112.0273
94.139
84.1224
102.5985
110.1183
77.1727
85.4915
173.8253
89.3366
91.2865
72.1478
92.4906
92.2531
91.0628
54.3332
102.0083
63.5419
61.6092
108.055
118.9028
114.5212
80.82
88.1457
86.8588
88.123
98.7751
97.6779
122.8057
77.9367
86.6841
97.8535
101.9963
114.2091
58.0653
69.7006
97.0672
78.2911
100.4756
74.7259
88.1982
74.6124
77.1737
74.2684
74.1697
97.8326
135.6819
132.4059
87.6958
75.9822
76.4631
79.2364
111.6914
79.9402
100.3417
78.676
92.0946
87.5661
128.6525
85.5502
71.6647
119.0065
111.5205
73.6666
110.0205
78.6811
138.2878
45.9569
83.8804
103.3695
83.5264
104.636
96.0795
87.2613
76.2294
105.7867
102.3665
63.8676
101.2491
92.191
115.8518
107.1718
135.86
89.4432
87.8964
95.006
98.5728
97.4483
86.4873
93.8804
85.5369
125.2517
109.3717
97.9897
92.6388
83.4805
90.107
188.4891
98.3458
84.7429
111.3966
109.6561
158.6149
99.8654
88.8899
119.3861
89.108
101.7905
79.0283
77.7138
90.165
75.3111
107.6327
80.8129
92.8896
83.6643
102.8458
97.5645
99.4181
86.2509
84.1238
72.4696
97.153
127.7461
70.2133
77.6775
128.856
100.3685
83.4763
95.8236
89.0936
67.3638
84.7838
104.4509
88.9701
106.4355
88.2906
68.0971
95.1731
90.8425
123.3323
87.3741
81.2262
104.1
100.6399
75.0486
83.95
90.5694
76.7034
114.2978
73.9285
109.9595
102.0095
75.5443
70.5766
129.8117
94.0962
115.122
72.7558
89.3796
93.3087
104.0845
116.9853
105.4211
91.5832
121.3301
87.1555
105.8651
93.0129
185.2735
86.1021
73.8049
109.8976
88.5725
77.941
106.0978
96.8141
99.0921
92.4214
104.0282
93.2835
83.5465
84.5074
153.1765
108.4802
79.3905
128.8118
94.4903
85.7923
112.2413
86.3085
79.3078
82.9138
94.3961
81.5849
108.2298
70.8488
106.0173
68.9251
93.0256
78.5036
105.9492
108.7034
73.5786
88.1501
137.8177
87.6753
118.7499
69.3541
94.8147
101.048
76.6002
105.6568
84.5723
94.983
69.3497
86.4463
103.657
114.6551
81.3723
115.8762
93.5243
86.3444
79.9654
93.6127
96.7824
72.7795
105.5605
80.7981
59.7653
88.1661
93.2374
91.0516
72.6257
72.5706
115.0546
77.1871
84.8334
81.4954
114.9563
77.757
79.9598
85.9115
110.5758
93.6727
64.823
98.8116
103.7737
76.8066
64.8737
70.4761
96.966
74.4146
72.2281
128.1421
71.6995
108.3491
97.9279
97.0039
83.4845
86.4353
120.6887
114.602
109.0397
92.5338
92.0302
122.3093
122.1932
126.826
98.3256
108.3638
104.6978
115.8706
114.6692
80.7208
88.7725
100.0031
81.6529
90.2316
90.5713
103.941
69.4017
92.8821
116.779
87.1145
108.0465
77.8575
108.246
94.3782
105.5474
97.6542
122.115
69.4481
91.8876
73.6198
109.2016
72.2114
93.0522
113.0072
87.705
80.3558
70.6468
123.3207
88.5652
101.7867
83.2446
100.5952
73.7552
90.4447
86.2913
70.7839
95.7831
105.7029
53.5822
83.7286
82.64
75.932
89.999
98.8699
88.5337
66.8263
101.6306
68.1289
83.9112
86.0065
74.9265
104.1451
91.4469
97.6194
86.7246
86.3114
84.4554
104.2434
101.9632
100.5903
60.6771
81.3708
98.6862
113.0183
103.9992
86.0117
107.5724
66.5721
78.6615
60.279
81.823
104.8656
94.6366
118.9385
71.7309
88.4776
98.6131
86.4643
85.7705
79.8761
80.5909
92.6537
78.8618
90.1535
116.1688
62.7833
84.8368
68.6521
104.1477
78.2587
105.8362
93.1147
103.5325
88.7837
89.7095
78.3298
106.2726
188.9264
98.1355
105.1461
90.6263
86.1122
95.4873
119.843
73.946
113.5168
95.1189
90.0363
103.7312
115.7108
84.286
97.6754
93.2688
75.6061
91.9483
72.0427
110.9815
89.0027
64.8635
109.2707
72.0352
78.3407
65.8598
89.8767
84.5493
96.0945
98.3505
77.8726
96.6316
108.4201
64.3191
86.2208
82.1549
39.6705
84.5817
92.276
98.2007
107.4379
79.6194
76.966
93.8935
108.9302
102.1579
99.2674
55.053
82.407
78.5104
75.7609
60.4174
105.2214
116.4042
93.2658
102.9943
74.7131
91.8953
78.1965
107.364
86.2085
120.2455
87.7008
59.9834
84.7927
78.2558
103.3842
142.5942
115.0702
77.8664
48.5857
87.8126
99.8317
86.8464
69.0724
97.9145
73.1578
84.4179
121.834
51.3928
105.4733
102.0573
125.8057
83.6868
90.6159
67.5374
82.6466
94.312
78.9823
111.0162
102.6239
110.1241
103.4931
108.4066
82.1507
102.0578
53.3181
64.5715
96.2884
104.6584
101.3803
79.5824
77.6959
96.594
83.3608
123.1795
83.0894
119.9465
117.0066
94.868
120.4083
66.4244
112.498
91.1985
85.9782
64.1852
79.3907
72.4924
97.2977
79.1043
112.9132
79.4585
120.1673
79.7493
131.28
94.5552
84.1242
69.7047
83.6443
60.8563
87.2058
86.1665
84.7314
70.7939
107.2188
82.4538
91.5117
101.4293
99.7309
70.8061
68.8439
85.1613
117.5488
67.4989
91.0102
74.2806
115.2582
99.1335
73.479
95.1151
91.6902
119.8424
94.0709
91.3371
65.8875
136.2441
63.2753
125.885
131.0423
67.4184
48.8758
98.9351
95.1279
94.7204
99.9226
58.0277
114.3851
87.2227
111.3489
101.2918
80.522
82.7393
76.3553
55.6763
122.1741
73.0911
73.0183
82.852
94.0751
82.7385
47.979
80.2549
131.8391
97.9494
76.7233
88.7998
82.4458
92.4464
109.0843
77.7601
140.0522
91.6752
103.5007
134.4175
97.2453
83.907
