88.2786
86.4708
64.2779
128.2301
84.9089
60.0796
95.003
96.1497
76.2627
99.2719
71.9088
91.8823
79.4184
55.098
69.3459
89.6525
100.3128
96.2471
115.6435
64.0206
97.9722
68.7081
97.4397
100.5783
100.5685
107.5306
135.6753
106.3683
75.7127
86.7035
89.5055
66.2498
101.7376
128.6262
93.6492
103.2552
114.2163
75.7131
63.4837
63.502
126.05
103.6152
85.8725
83.3286
85.8637
80.8741
107.5203
50.664
78.7868
106.0265
87.028
94.8361
75.3688
83.1572
67.3417
83.1793
82.6849
121.9111
63.3132
50.5349
140.5794
93.1721
76.2112
99.9047
53.7197
76.2916
83.8041
111.3767
110.8542
100.7956
82.5919
102.4675
98.5983
109.2283
61.8289
87.1196
88.8951
96.0762
90.9634
64.484
68.429
81.6145
92.0842
115.0561
82.9995
104.7842
82.1281
97.8685
101.8407
103.3598
103.1951
82.4664
67.988
83.8867
80.5747
92.1309
105.839
92.7543
44.9755
149.592
113.3028
115.1166
99.3016
84.4559
75.4666
94.5611
44.7081
70.8933
90.3393
85.5265
109.4378
95.2186
73.0542
84.7256
66.5004
80.6185
99.8026
92.2569
67.9299
74.8492
98.2534
92.4534
94.1412
79.9814
113.3912
69.5281
72.6773
80.4263
109.1443
104.0159
90.155
95.5851
79.5064
82.4722
75.7033
86.5102
123.5905
100.9271
98.5576
134.7232
84.4233
81.853
78.0589
92.6629
90.7699
105.1444
87.22
81.2113
84.4087
98.075
90.7746
72.625
88.0674
87.7958
65.7988
124.7866
126.2389
66.0197
65.4803
91.2927
70.9175
116.7221
88.4338
102.9324
71.9964
70.6669
74.6289
65.1526
76.0452
103.3933
119.0438
60.1171
99.1379
54.8156
74.1254
71.2118
108.4262
68.2394
84.4127
81.328
192.747
97.9332
107.7141
78.1669
116.3046
92.8199
83.4041
87.3735
119.1329
78.6361
90.2082
62.6548
89.2271
75.3296
101.034
98.3945
136.6798
68.4639
91.4312
88.1424
148.9398
47.2919
132.1185
92.9173
99.3259
153.5559
100.6542
88.0864
98.6772
100.9233
61.5359
82.2737
82.8857
70.7418
76.157
128.0904
90.5123
100.3012
96.4784
95.5685
90.5993
94.3167
106.8949
111.0932
83.1933
59.2029
66.7419
101.977
70.1872
113.605
62.6605
88.7909
94.6723
60.4006
72.9419
65.5469
92.3603
78.3563
85.1455
63.5898
66.3469
77.8412
97.0025
112.888
86.072
92.0039
85.5358
54.4248
64.5119
115.7958
98.7033
129.201
83.0076
113.6267
105.3002
109.0492
77.7452
93.3067
96.4944
57.6294
120.1513
134.6968
87.8683
87.7583
113.5988
77.2966
83.0894
104.0385
80.9041
95.0451
65.8959
76.0209
73.1117
103.2633
100.6739
69.0433
80.7839
104.8642
53.3259
110.3826
75.1333
119.4975
97.3389
106.6428
53.7446
78.1181
76.1329
80.5013
119.7599
75.8165
82.8951
82.2885
75.5824
83.6986
54.7459
83.3257
59.5084
117.6379
70.9776
88.2443
84.4685
94.6484
73.6987
61.6924
78.6162
107.8296
63.6199
129.4128
75.7585
101.5372
94.0806
190.7088
84.3808
96.5536
74.1129
83.8566
121.0199
101.7911
100.11
82.9654
128.0417
113.6681
66.5511
88.2529
89.33
108.2218
105.8739
90.5138
70.8983
101.7442
135.349
145.2882
85.8445
73.6949
86.7622
133.9715
139.1574
77.1456
89.119
110.0977
89.4023
85.2541
91.5177
76.8294
111.3979
65.0729
90.798
97.9896
49.798
88.7689
86.7282
76.379
83.5788
76.006
86.2976
62.7744
109.3061
94.1988
95.6903
85.2557
58.1847
125.1894
79.6844
107.1506
86.5273
62.1999
65.509
82.3436
71.0294
88.5113
51.6455
98.0899
83.3355
54.0226
130.973
104.0137
98.915
87.9824
79.6271
78.6986
112.485
110.5244
86.7683
128.1699
56.4438
73.8659
101.8395
92.5076
134.7095
54.2445
78.219
69.7681
90.9819
76.3828
78.0837
96.1657
74.6681
99.7782
88.5731
111.8922
68.8747
115.3103
142.8942
86.5156
111.3951
98.1826
102.923
80.669
78.8885
108.3318
71.7863
85.8032
82.994
79.0843
100.5202
73.605
95.5181
107.9341
92.8098
81.2802
97.7856
73.2445
74.5613
83.3646
105.0417
84.0965
99.4244
105.2811
93.085
114.6771
103.5975
105.9996
108.4137
116.8776
88.7934
100.417
114.3236
88.5107
68.5283
80.6755
140.803
77.1231
62.453
102.8755
84.4783
89.2533
146.6509
91.108
79.7978
97.9638
185.7087
74.279
93.2841
111.6163
128.9614
89.6885
93.062
84.7118
85.4225
71.5729
82.5742
86.9477
100.0367
57.2531
85.1584
68.0314
66.6647
91.9396
129.909
96.8447
68.939
95.9336
99.1203
106.1415
128.3476
69.1291
55.9979
70.2772
89.6865
94.5452
86.6384
127.7739
81.6184
65.0652
94.1472
103.5106
103.1141
91.5993
96.5884
108.4839
82.0721
105.8773
95.8692
101.1197
73.338
120.875
85.687
71.6897
114.075
57.8416
69.228
108.2194
85.2956
91.6878
78.533
117.0172
132.4934
76.2756
98.6981
98.3386
83.3071
60.0839
118.5472
88.823
84.8013
119.6184
84.0895
117.6762
98.9841
96.389
63.8951
130.2071
67.9182
72.4458
73.8272
113.5036
57.5544
124.0244
114.7026
66.0996
83.9612
69.2708
106.7525
98.4455
91.1728
91.614
83.4561
119.1172
71.8022
116.0741
93.9645
95.6493
97.587
84.5931
62.7851
75.3552
93.3837
93.9942
67.6639
100.8906
111.8533
92.7018
103.289
97.93
75.3724
63.009
112.6447
46.805
118.5884
69.5527
101.3763
90.0072
96.0022
79.2279
83.5504
106.926
76.2569
109.073
89.1065
84.953
107.5351
129.4656
153.8393
87.8779
89.5723
97.7201
100.3593
100.5618
71.3647
83.3627
104.099
123.9214
68.7983
83.9873
92.964
50.6551
102.6698
66.365
117.7704
70.6841
90.5616
89.9686
87.9114
82.7494
118.362
87.8874
117.71
99.5555
68.9058
53.4287
52.0515
74.5026
124.9762
75.5243
79.5011
52.6531
110.4132
68.1363
91.7801
80.2372
84.8308
92.5836
118.2215
84.9348
75.9167
85.6858
66.8777
79.6768
70.3026
75.9664
91.8873
57.8376
94.0959
83.577
83.9178
76.3802
82.0812
89.6673
110.3286
85.8852
71.4848
73.6306
78.0016
115.1576
73.2074
102.5786
74.4428
86.3811
65.8306
86.7805
63.3516
79.198
75.2879
121.0781
81.9774
81.1144
107.4831
95.0267
64.6644
100.0195
82.6607
80.1995
100.3765
101.9561
63.345
126.0861
66.0499
80.3717
103.2808
63.4027
120.6543
164.584
88.5597
143.5278
53.5778
130.3091
61.668
100.9435
111.829
83.6646
101.093
89.3487
101.5032
86.3034
90.4392
74.6412
102.2112
63.9963
137.123
104.7981
81.5437
83.133
66.95
105.1414
103.1793
132.2602
130.7092
72.8895
88.5151
121.3301
121.1246
79.2418
76.9659
90.8146
88.1312
80.5038
93.1481
140.5235
108.0699
57.2198
90.2595
87.038
73.9941
82.9625
140.7817
64.4404
110.7469
80.3774
107.3243
86.062
89.8483
82.2099
76.7241
79.7968
100.4801
102.274
54.6442
73.8302
89.9083
108.9456
64.959
104.6097
78.8056
73.4069
88.6337
78.3098
77.2482
82.2532
107.521
75.0955
188.4532
84.3781
83.5207
90.9614
95.2814
96.1349
107.1468
124.429
80.8055
80.8873
111.2058
81.5627
77.8759
104.4818
92.5983
106.6084
64.2856
128.1169
83.7619
69.3787
110.0603
103.4614
103.3712
68.5348
184.5615
72.5711
127.5299
83.9105
116.4451
57.469
73.7627
54.5465
118.7547
112.1074
80.7521
99.058
106.6191
130.6193
94.8057
78.6045
88.4778
91.0504
77.3037
71.3977
87.4332
93.0807
89.2976
130.9131
109.7055
75.2037
63.4918
106.9928
79.6104
84.3712
72.593
84.9405
93.3135
99.6294
89.0148
93.1935
88
101.4454
92.2249
74.3929
81.5846
98.4795
112.1981
72.8162
133.329
77.1347
57.0436
64.9313
90.2168
84.5675
67.448
57.5415
108.2351
77.6887
122.9385
115.2703
59.4362
85.966
85.2036
88.5323
57.5796
85.4613
80.162
86.8754
81.6157
89.1139
104.9715
94.7383
105.6955
76.8993
105.2337
54.5483
100.0237
100.287
66.4826
79.876
109.6718
95.7458
89.6447
110.6969
109.7322
106.939
101.5567
115.1384
113.3101
68.2361
97.8756
103.3794
68.4807
118.4858
116.8642
86.1531
81.4726
132.89
83.6651
115.0932
77.7587
62.4822
84.6939
86.7246
64.2948
114.1731
103.545
77.7771
55.7655
98.2538
79.8139
166.3683
93.9502
138.3118
67.9294
74.4335
79.337
68.3014
91.8007
116.4694
74.3604
91.6034
85.6212
167.3224
86.3525
62.0183
105.522
74.7517
93.339
64.3467
62.9956
84.315
133.5252
121.4676
58.9009
71.9563
91.6895
84.6006
72.4683
174.33
103.1061
130.4561
86.0493
78.7625
73.4418
105.2438
90.8521
89.4182
70.24
81.5735
66.4667
75.0208
75.151
99.829
82.3002
121.5754
98.6315
93.9176
66.8919
90.4662
102.6097
104.2668
86.3026
97.7736
64.354
123.2656
117.5435
124.754
122.1832
78.1731
80.2046
82.2688
66.8539
96.7039
95.3104
58.8262
108.3997
70.0953
77.0058
113.3286
85.4947
92.4076
107.6302
71.7708
95.5354
74.149
148.1352
92.1244
56.9337
51.5695
80.9987
100.0379
109.1666
67.8473
73.3717
97.1572
65.9111
94.677
81.9156
128.14
103.2319
55.9222
73.3244
111.697
82.7623
133.7213
127.0881
86.2428
65.4696
87.4549
69.7356
102.4539
98.0303
90.2369
110.8734
74.7909
113.5229
59.2715
49.352
82.9862
106.781
99.0759
72.2971
97.1611
106.9954
83.547
98.8868
78.7189
93.7605
91.2622
83.6644
91.8588
96.5881
90.6717
125.9795
84.9259
108.9516
97.6763
89.1841
92.5526
79.4016
87.3151
90.9769
98.2964
97.3105
75.274
74.7704
65.0784
103.7367
82.1172
