93.5535
87.0784
87.572
106.2002
95.1899
93.7289
67.4064
87.4319
121.7738
74.9261
118.0373
81.1938
89.7316
99.0618
107.4393
93.0375
111.7804
108.374
85.5604
115.5392
82.6497
106.9073
104.2975
116.3676
85.934
108.405
87.3946
101.6513
115.1424
88.9311
81.5442
118.1322
102.7165
109.1586
86.0743
91.8616
72.4742
99.3711
126.3235
82.0557
89.4755
77.4493
102.5414
58.1724
110.7318
88.8011
97.5514
102.2731
97.6115
99.1726
110.9169
79.0344
108.6052
90.8711
106.1426
112.2752
121.1191
73.1203
68.4366
90.9045
125.2805
92.9559
68.9093
67.5656
108.2669
89.0132
115.6603
89.3229
87.1312
78.0098
90.47
91.3699
93.889
104.2553
97.6807
102.0438
85.7582
89.475
90.6336
89.6161
96.4762
110.2393
89.3821
80.0252
95.7077
86.6389
118.9755
94.6748
81.2238
83.1479
111.6011
119.2429
86.9628
85.2235
72.9108
78.6069
117.5534
104.8458
103.8433
113.1425
95.8291
102.2943
109.602
83.8856
117.3305
92.8139
92.9607
120.0049
99.65
112.401
86.207
81.7854
102.4677
89.4501
130.3918
83.4783
81.328
102.3738
127.9934
100.2585
77.0087
65.8651
86.3334
81.4211
84.3022
84.8841
85.9196
99.1649
75.2658
83.0869
101.0092
104.8832
78.0781
104.0455
112.8058
91.7039
80.726
90.0502
65.213
72.7496
107.3534
83.1652
77.3733
94.0613
101.3527
79.5115
89.7688
63.5134
107.2126
69.8256
94.716
66.9554
70.9632
86.768
114.0267
113.4316
95.8697
107.9849
60.51
91.9277
83.2164
108.6104
102.9047
87.1296
103.226
112.8114
93.9341
61.5934
102.2671
100.6325
91.2321
96.6329
100.9715
73.5397
85.3047
89.2287
95.5765
70.0203
80.8571
81.4009
87.9355
72.2172
84.9402
92.8212
106.1948
87.5992
71.2062
117.5927
85.2236
103.456
91.2331
93.5355
87.4821
108.4226
78.4459
70.4211
97.1205
59.9592
102.1323
108.2988
101.698
113.5319
110.4972
77.0023
132.2237
108.175
100.1579
81.3382
120.9207
85.6982
82.0407
87.5859
85.378
62.5757
76.9802
93.5308
110.7203
78.7951
68.729
54.5303
78.1356
91.0859
94.7207
62.6844
83.2911
95.1668
87.0523
66.5562
93.5747
111.2711
92.7964
90.8313
107.2227
104.304
90.2487
97.0656
78.8113
59.8838
87.5717
85.4725
90.873
89.143
95.1334
94.1118
132.3524
90.3107
91.8614
93.4402
71.1767
113.9906
97.079
123.4741
75.2683
115.0796
123.3431
100.3068
107.7418
66.7693
103.478
107.6034
88.8115
85.3419
84.2239
95.7982
60.4228
64.2735
87.4038
84.7354
127.5259
78.0947
98.8856
78.6758
58.8268
119.3938
81.7557
117.3938
97.4164
68.2473
60.8524
76.9449
100.0741
102.046
81.1114
93.1224
134.7064
109.643
129.5024
110.2429
105.487
100.9378
117.2009
74.9861
88.7872
102.8436
71.1387
89.9711
107.1342
86.8952
79.0565
72.3045
89.3497
98.8671
85.3616
83.2828
143.5924
78.9148
77.3143
74.1932
93.2542
109.1254
98.9254
92.483
161.741
66.6992
79.1149
72.5815
108.4919
115.0522
126.878
111.6496
124.7084
104.8989
94.2693
106.9365
88.9687
108.9056
105.9257
86.1494
116.3938
109.005
114.0088
97.5142
117.75
78.0648
101.1031
101.1562
95.823
85.4509
73.0157
104.4109
64.9083
105.1677
84.0741
83.3962
95.4309
107.3622
88.1208
68.1518
71.7037
110.6743
68.7936
95.0655
73.1847
105.6545
78.6782
95.274
142.0759
68.4412
83.0462
68.2894
89.4842
91.7267
111.3945
86.4063
105.6674
78.676
102.1451
119.4233
85.5502
94.0499
95.6362
69.5691
95.2996
85.0143
92.9142
78.2336
85.9348
104.636
87.3039
116.5605
87.1786
88.4392
121.203
74.4513
86.5053
98.2237
95.1536
95.9723
116.0843
84.0558
70.2498
100.1204
110.0989
81.0254
96.3063
59.5652
69.2879
95.8057
77.5886
89.7729
97.511
85.3294
100.274
111.7369
79.3155
112.1267
85.0278
87.9396
103.2476
117.6325
93.6904
89.1634
113.61
116.7146
98.6146
69.4517
87.705
116.53
90.945
74.8222
87.0015
85.3427
82.2052
70.878
84.1875
95.4769
86.1237
77.6242
82.6614
79.9866
106.5639
104.1
103.0643
104.0037
90.5694
105.7644
109.9948
92.7288
107.3468
62.7077
87.9294
122.1622
79.6579
90.3206
135.3284
82.184
90.6015
112.209
109.5027
107.0376
112.5978
120.3067
82.7734
97.6548
81.101
80.0194
83.8295
84.7177
95.4303
90.2004
87.9943
127.8694
92.1242
101.2901
76.4761
86.7965
111.2171
85.8549
101.7058
99.1147
134.2187
116.5941
115.9912
109.635
95.5191
105.7685
105.5024
98.1369
88.6459
105.0995
92.1776
106.4033
89.0418
102.6679
74.1134
77.0844
67.7494
97.7227
90.9184
97.6645
78.8175
94.1436
91.4543
72.9315
59.3658
95.29
95.9684
78.1508
80.9052
103.3171
101.8589
106.6015
84.0587
91.1821
108.6352
99.8118
85.0682
115.0913
99.9048
95.2761
77.5259
87.43
77.8696
86.4288
123.4191
96.1749
88.8685
84.8755
100.1096
97.0186
104.129
113.4805
106.0272
123.4398
63.1284
104.3025
76.6202
76.6291
72.0862
117.4213
77.6545
105.1343
87.8162
83.253
87.2873
89.2878
96.6347
102.8341
97.3134
108.246
108.2689
102.521
125.0674
105.1668
82.7209
81.1874
94.1439
97.5666
87.705
104.6867
118.4528
110.9448
76.2394
87.1643
93.3224
60.7097
93.7051
113.7502
113.1604
66.9519
79.0976
135.3618
90.4325
81.1378
84.8992
96.4339
71.6653
103.4569
53.6584
100.4062
110.5404
86.9754
106.2563
116.4797
96.1278
77.6893
99.1518
80.7962
106.6272
83.9058
97.5277
88.7511
59.5097
104.9792
96.1517
103.1501
78.0369
100.1631
78.5298
122.5401
103.8078
104.6064
91.5464
83.5671
103.2261
90.4226
104.3875
105.6092
86.705
111.491
101.5466
87.8353
79.3279
77.7901
104.4678
89.1827
106.6869
90.4095
84.3092
106.2896
105.9636
71.4317
93.0373
86.188
77.2833
105.0161
72.7057
88.7551
101.8532
109.4539
81.3517
103.2532
85.624
93.6573
112.1345
110.5531
92.3676
91.2431
110.8778
88.6671
86.7249
91.4515
133.0566
76.0604
96.6386
94.4591
90.0104
79.8544
114.5321
100.3705
109.9354
99.4418
85.6253
69.048
68.3821
95.1732
102.0554
130.6671
99.2504
106.7491
88.9551
93.907
70.9975
62.861
108.7757
128.5662
62.5954
83.9126
103.9497
80.2743
120.7929
94.6725
114.2805
105.7361
117.9339
95.5047
53.0746
93.7522
89.3841
98.5112
99.4736
96.5555
106.1002
125.6763
73.9667
71.9394
112.6248
115.1737
74.1112
85.925
93.99
84.5518
92.6173
103.0206
92.5397
101.777
58.6409
113.3997
135.1983
78.7603
75.1499
91.2515
88.9079
114.0895
84.6619
101.5233
97.9196
96.4346
82.3349
103.1131
100.5363
100.6995
107.6638
88.1153
95.2071
104.9818
86.6722
98.0575
87.2869
76.3567
147.4969
86.3217
107.9641
65.7799
83.469
95.9575
98.5327
84.7151
63.4947
100.6948
107.8495
103.2032
91.7572
97.4846
75.0714
90.4516
81.8554
91.8004
106.5581
97.4163
77.5912
93.0599
81.2477
91.4977
78.8462
110.3932
106.84
76.4275
56.5814
86.9874
94.374
91.747
111.2322
111.2371
82.9805
90.8966
84.6904
101.1797
90.3312
102.8425
76.2775
90.9604
116.3262
95.2564
108.9616
92.9875
84.2303
88.2791
101.1912
106.2093
104.4533
90.2421
79.8276
86.4331
91.4987
93.3515
105.0726
79.3136
98.8294
89.5536
100.0124
79.7294
87.7812
82.4466
106.1413
67.9626
105.6051
61.2129
108.4408
97.1736
99.037
93.3689
51.3789
90.2936
102.8332
98.2632
79.4377
75.8629
113.8207
88.5151
66.7915
107.8989
109.6315
90.2921
90.3769
106.6278
74.8999
91.4451
80.4095
68.1839
99.2569
70.1581
99.8148
77.8495
81.1418
93.4462
89.1342
89.5196
99.0947
109.313
83.1048
96.3833
110.9031
99.452
77.2465
94.7765
89.4444
96.9263
80.535
93.7881
92.0264
95.7396
78.7344
70.0661
111.9911
82.4814
116.3302
105.0643
76.2113
86.4607
109.9356
112.513
115.034
63.7041
77.3878
78.0547
65.1403
93.8939
96.6634
93.2063
86.8868
112.1098
88.1188
101.1174
117.7114
92.8515
88.7717
84.0729
87.0527
110.429
103.0519
90.8693
82.8752
113.5677
88.6725
101.6343
78.1862
95.6288
84.9445
88.1385
85.4585
82.2333
82.9377
92.51
60.4567
82.2574
98.1023
89.1163
122.3193
82.4661
68.3351
92.9378
65.4358
129.6206
101.6772
74.7754
97.8096
86.0908
70.5602
80.2235
98.2238
112.9045
91.2189
83.84
85.4269
101.1237
134.3924
91.2865
137.7316
90.2504
89.2168
79.0137
106.3996
95.7843
98.2389
88.7839
95.9348
98.983
105.1356
93.6802
100.2639
108.439
135.4925
75.5337
90.5275
96.5838
100.6252
92.8738
116.9832
91.7192
100.2871
111.1542
102.8612
86.9309
85.9518
129.2655
113.7952
92.5302
102.9814
53.3889
72.3939
85.6354
92.6275
96.1716
80.3603
88.2863
89.2955
64.6286
88.2574
103.4399
115.8621
123.6011
79.381
147.6034
84.6114
74.2225
82.6948
106.6954
84.0819
99.5397
93.0316
87.959
100.3452
103.8283
71.4352
94.5963
63.4475
108.7511
91.6471
77.5617
74.487
106.8462
85.2839
97.5836
110.6707
87.9453
111.0047
101.7251
85.9229
107.4845
87.6707
117.2952
102.2298
100.5183
91.5561
99.3914
80.8444
103.1169
79.3479
86.4262
107.0949
108.8771
72.5539
104.0527
109.5044
86.0691
113.7074
96.045
93.0153
86.8298
93.4636
116.6462
96.43
81.3131
86.1159
103.2343
95.7523
108.3127
102.205
83.044
116.9195
101.0231
92.1097
83.046
111.908
75.794
83.6181
84.6815
103.0536
82.8198
