101.7458
50.9641
129.0908
53.2545
58.1655
69.1075
78.8321
52.9511
65.9372
98.0012
87.6768
67.2778
107.3273
97.6915
43.1699
30.4952
51.2512
55.1851
45.1905
80.7056
54.7864
53.0207
44.973
22.5162
62.318
59.1941
32.1015
62.5003
31.8228
65.929
65.7654
70.5921
77.4658
42.4853
66.3066
54.5478
31.9424
82.4551
31.1127
79.6179
66.8406
41.3937
42.3346
82.16
54.7541
42.6808
68.0441
37.0839
46.4243
79.1528
83.0141
102.5656
70.4874
48.7681
66.7741
42.6215
79.7912
45.5583
97.4059
65.8349
70.2425
64.7645
43.9239
30.9463
65.1365
96.655
41.4309
111.723
40.8003
52.9993
57.4282
52.7177
63.6251
67.5674
65.3326
78.4133
46.5996
97.3212
148.1971
31.7814
79.9978
23.3072
51.6791
47.963
39.995
32.3839
107.7903
29.3415
100.5145
82.1985
102.5337
68.9483
63.9935
31.5368
52.2513
96.7957
106.6013
56.2922
27.9092
54.4882
106.6831
39.2653
46.1795
99.4516
47.0552
68.9614
51.0552
58.4242
69.6157
79.8475
83.8465
52.5344
53.6089
40.49
30.5664
61.5242
39.8694
33.7212
45.6371
73.2032
69.9658
64.5603
62.5552
32.8937
80.8344
56.5795
60.7746
84.4078
36.2971
41.2342
41.14
39.4439
51.0205
16.9459
97.383
66.5644
76.1588
101.8091
41.6919
51.359
42.5507
33.1478
24.5146
31.1318
63.4613
21.7678
102.4106
51.1677
23.8343
99.4967
31.2139
116.727
63.9779
20.982
68.5158
53.8009
112.683
41.9249
34.0649
78.721
51.2567
55.8982
75.838
65.7608
36.0748
60.1339
104.1148
52.1362
49.9528
20.3117
42.9817
63.1258
44.7028
69.8375
79.1683
69.2724
41.009
51.5661
38.9082
51.7833
52.5118
54.8737
85.37
39.2123
62.437
79.5083
56.3749
61.6296
52.2011
32.9547
96.4844
40.0259
74.1657
139.4246
23.6251
41.8719
40.368
55.3397
56.9504
88.1261
39.0795
64.8655
42.614
122.4327
36.4722
77.9378
55.5058
27.4354
63.919
82.5024
52.2999
52.9156
63.881
104.6754
42.236
67.5481
47.4917
68.7311
71.8595
77.9527
64.9924
32.8324
69.5694
52.1009
39.6482
37.7253
42.8725
63.6425
93.8073
56.5337
37.7097
49.7032
85.2923
44.2084
80.0008
72.8254
39.7331
30.9054
38.6934
69.6398
143.2693
64.8378
77.2599
37.5301
63.9866
53.1463
78.9929
51.8947
63.3423
99.3124
72.366
66.8519
32.7861
24.4036
45.9049
51.8356
56.0214
57.7636
41.9176
86.7293
95.5373
88.3399
77.043
74.8067
59.528
66.4458
73.2342
61.4057
51.3741
84.16
78.7315
82.6656
39.552
27.6005
51.129
32.8172
29.6297
39.7245
29.4746
101.4874
55.9709
72.1799
69.0088
85.7638
41.9401
35.6096
41.563
52.4428
59.9784
41.4414
45.8509
36.6123
67.9866
22.2756
57.5737
63.5769
115.0515
41.3269
100.1943
57.9185
30.9333
68.4618
30.6217
31.7446
38.1552
50.9055
80.1575
89.2067
127.4145
22.4727
60.5857
37.8452
38.364
73.9717
46.2337
50.7792
74.6655
40.8508
89.9109
54.1856
52.0448
97.0957
38.6477
53.1838
65.4022
58.6729
17.4669
54.2455
44.7763
50.1202
73.8128
94.3871
127.9844
51.0401
54.9186
45.2255
40.9696
54.8348
54.8251
72.1625
34.0179
55.8813
89.353
87.7221
39.3576
87.9303
39.1928
54.5948
53.9533
30.4256
83.6034
53.3896
80.3417
68.853
60.6874
81.2872
71.073
40.0794
44.5796
82.5833
28.5943
64.4483
75.5197
49.9967
71.7754
24.4757
62.1356
100.2496
55.3399
69.0628
55.1829
105.4823
43.8171
44.277
83.9269
58.3898
76.8585
80.861
104.7363
64.2634
95.1876
51.9819
62.3387
25.9198
38.2351
21.6156
39.1251
89.5487
52.3264
78.4433
90.4227
32.4824
33.4624
41.6456
24.9118
43.7422
52.161
81.088
43.4306
72.456
99.6623
41.2279
111.3905
56.0958
40.9655
30.5554
54.9713
107.2302
73.2796
51.1128
43.1327
95.2738
67.4258
46.7559
56.9236
40.9274
23.7512
53.1315
66.64
31.7903
108.3568
22.0815
57.3146
29.0746
45.6054
26.2101
54.752
44.5689
79.6083
32.9143
79.4107
42.2436
79.8191
82.9208
24.4091
68.1365
70.2356
65.457
146.9215
105.5161
71.2726
55.3194
50.4928
57.1044
37.8671
70.492
55.6417
66.8616
74.0156
39.6697
109.535
42.1157
86.3323
41.8792
63.8017
85.7709
61.8422
32.5703
97.9696
80.7057
58.3068
57.5885
82.3131
98.473
92.4723
52.5692
39.9299
82.2856
62.7695
39.8437
33.1255
79.9102
51.7541
101.7218
29.8744
100.127
65.0833
51.2819
80.3303
28.4841
34.496
34.8177
131.5264
21.9793
42.2267
31.5598
62.582
65.146
64.221
72.5647
32.0378
57.3038
43.5562
58.6067
53.1268
41.3503
55.7462
86.6305
63.5292
80.8419
52.0992
55.4694
39.8887
31.769
63.5094
55.3678
38.7732
21.6009
70.7478
50.2595
31.5448
60.2153
41.7099
44.3518
41.4583
74.8655
42.3993
39.8071
39.7437
51.3419
53.8666
34.9548
25.307
49.7799
48.5179
104.3864
49.4882
55.2165
59.0055
101.7315
64.7716
31.0927
85.3338
45.0845
52.437
51.5305
101.5843
92.8462
67.9453
22.2847
39.4389
50.5123
63.2245
56.0558
63.2196
33.1914
34.2439
40.5096
125.5921
71.0921
27.1698
54.8446
151.9905
53.7037
95.4821
52.1514
54.994
70.8727
91.2982
107.8795
67.8411
42.3129
86.0847
73.6454
74.9983
87.8717
73.5125
50.5105
39.4991
98.6029
96.3108
75.2241
44.4292
83.3973
53.1406
67.0181
41.871
39.9668
55.3764
42.5254
42.2471
37.9934
39.5073
100.8841
81.0668
49.1464
65.9859
64.837
73.7045
34.8279
21.0453
70.6856
66.6881
88.5576
37.2836
69.5454
33.4801
50.775
55.9533
112.4392
65.718
83.6879
45.4757
40.94
100.9653
57.2807
55.1277
25.8706
55.1654
81.1807
51.7319
51.0319
65.2864
43.4702
29.847
69.5371
63.2157
77.1184
43.2011
59.9867
50.8918
67.9733
48.6433
57.4756
78.1717
83.2159
109.6146
48.7155
67.1677
102.4935
54.3956
41.6588
30.9979
51.7282
120.0482
54.0413
29.0125
82.6108
51.5292
41.6207
68.1097
88.9271
41.0369
35.6703
56.4518
102.3518
52.1478
95.3629
66.6679
46.1179
67.8681
78.2058
85.0955
55.6357
54.4855
49.6799
30.2194
30.0188
81.7823
53.3441
29.5693
55.2607
68.392
62.9737
65.283
37.8014
52.4244
32.5675
97.671
40.5159
29.138
48.8716
43.3198
47.1302
109.5285
88.8184
40.4231
66.8883
51.0328
36.3234
30.9138
64.7073
73.7355
59.5331
51.3394
40.0836
65.4502
50.6485
30.4176
123.7192
63.2448
54.6659
71.5244
42.0385
55.0897
55.695
44.1532
100.1486
51.5176
40.0333
54.8805
65.4746
71.3465
108.0269
74.5913
69.2661
62.3197
37.9951
42.36
117.8918
46.6501
21.5697
47.6507
75.6045
71.8671
65.3691
67.3513
84.096
96.1348
57.2254
45.6767
89.5728
30.4187
47.3657
69.0412
81.3049
30.1008
42.6975
90.5168
87.9716
16.3398
57.1529
78.837
70.1197
77.6291
30.2076
40.3662
55.4053
41.6769
48.7585
30.826
79.1361
28.8683
99.0469
54.5312
30.8541
52.9548
12.8184
40.5359
84.5483
16.9086
51.3434
62.4068
80.4208
114.4342
39.179
86.6144
108.7835
88.6711
52.7666
30.2096
80.4316
34.4884
54.1328
56.4687
61.8267
82.0239
52.7958
98.7573
41.5732
67.8564
54.2798
63.5064
47.258
65.3207
74.3089
56.8603
82.2184
90.1859
41.8077
90.8667
63.6595
63.4173
80.5
43.0935
67.3961
72.3824
63.4326
75.0406
142.6463
98.8141
91.4612
39.0914
63.6939
73.2591
46.3466
25.7836
43.9539
42.262
65.5911
50.4817
45.6723
16.291
34.8911
32.6269
14.0457
69.2737
31.4921
59.275
98.5897
57.4018
64.2289
90.9369
57.9254
48.6847
22.0494
91.3571
83.0574
61.6607
32.5847
38.1733
51.3611
54.8749
28.6806
99.4454
66.8685
21.9855
73.7692
91.3777
57.838
84.2462
68.7612
55.6092
80.1889
88.7308
102.8427
71.4911
67.4404
48.1894
56.659
43.6329
50.3525
83.452
31.0417
113.0403
43.9249
52.3397
87.9396
41.4768
56.0886
86.7835
49.8794
69.692
41.336
78.6987
79.8145
68.7688
43.923
72.4743
28.761
65.4276
65.1519
29.3305
33.4309
52.6218
81.1115
24.0549
56.7784
52.9235
85.095
132.9848
45.2995
117.902
68.2763
51.3853
88.5269
63.3514
72.3235
96.088
60.8838
37.1989
48.2024
66.6296
30.6406
85.9575
50.7946
101.2937
35.4823
66.4127
52.1496
24.4432
50.8657
44.0413
96.3403
42.6433
85.6841
50.1898
15.0443
52.9612
68.7605
117.5147
32.5199
44.1642
105.5757
45.3805
52.2344
64.8032
44.594
65.2918
129.4965
81.3275
63.1217
31.6901
73.804
50.2204
44.7318
32.9446
56.0007
24.0737
29.9439
63.7301
54.232
57.5299
65.5104
120.1081
85.0472
81.4463
52.7969
52.975
42.4557
56.5315
70.0643
39.5057
101.7807
58.3957
51.2099
22.2972
82.5171
28.9255
50.2225
40.7882
158.5661
26.7519
104.5991
82.2552
55.436
51.6688
22.9271
51.1005
68.0608
70.443
69.4365
130.6949
52.9171
53.7711
64.4031
28.7267
67.2629
38.8921
44.5395
55.3004
63.1218
69.4105
43.9977
51.2181
108.7413
99.8772
53.2894
45.1436
68.4643
65.3689
33.3505
116.7404
40.3907
119.1958
44.7788
54.1953
25.4515
80.5222
44.8626
64.5779
53.7229
30.7706
55.3462
25.6825
38.8335
32.9516
44.3677
56.1923
90.6613
30.1022
31.2182
55.5197
64.2395
53.8711
56.0807
85.9715
54.6392
28.7819
63.9369
