33.218
55.0522
72.0215
34.5833
43.3544
55.8481
22.5679
20.3973
42.7296
32.0013
32.5974
22.4416
31.1431
24.5755
14.8263
30.3933
31.589
42.4793
39.7794
43.6333
55.6928
57.8696
39.5286
41.6087
54.9128
43.1717
22.2187
40.245
31.1906
20.6136
23.3548
24.6269
42.2887
31.5865
13.3879
24.4649
21.2429
33.655
54.8172
31.0833
15.762
24.4774
30.8559
33.6686
88.2052
15.6192
42.9802
17.4564
21.5461
15.8108
41.6238
15.8909
17.3435
13.9091
39.1143
15.425
18.6203
13.2359
31.9048
51.0304
52.1456
38.8933
17.5318
33.3499
42.698
67.3129
30.6012
12.8237
16.6859
34.0051
31.0558
31.6861
23.8839
12.3578
32.519
53.1908
56.6753
39.8385
23.0196
53.9188
42.8326
16.2325
22.8611
22.0159
15.3126
16.8065
69.9271
31.6263
13.7597
14.528
33.4401
11.9833
51.2804
41.2124
26.0742
19.1829
20.9931
23.9423
32.472
51.7744
22.8458
21.9649
58.673
52.7587
49.5281
53.3591
35.2608
17.2233
10.8222
71.5964
41.9341
32.5277
31.4367
41.3156
16.2935
24.2594
22.6567
21.6778
17.2382
16.516
15.8989
23.1832
18.1761
31.6596
55.0023
15.7498
31.1674
12.2385
22.4043
29.2832
33.2942
23.397
23.7386
43.2808
25.2266
93.1365
25.4772
32.1499
25.6872
42.9586
14.2927
25.1565
13.5528
28.1481
29.1718
42.7962
42.0512
25.6436
22.3238
12.6948
44.5314
42.8209
16.3595
53.7867
33.0292
27.1275
15.4464
24.7468
45.2116
26.3378
32.6735
28.483
15.9589
21.2921
16.914
18.9044
19.8728
50.8565
33.346
11.0602
26.4945
14.3819
32.7758
31.1051
15.6936
16.5749
17.5472
55.1124
15.9565
28.1675
28.1958
36.1938
24.4791
13.1537
56.5882
31.1244
38.4951
24.5081
42.7722
15.7578
37.7095
31.7996
23.2073
55.3268
23.8899
27.2418
15.0826
34.9456
10.6175
22.3242
21.3683
42.616
29.8599
11.658
63.8153
45.8755
44.1169
21.9407
15.1482
16.5959
23.8843
23.428
31.3185
22.9757
15.1799
16.9168
44.7139
23.1371
26.788
40.3885
33.3986
40.887
18.0536
30.1955
19.6026
44.7224
44.6496
14.0774
27.463
25.3892
30.828
58.0777
32.3147
32.8216
34.0345
23.8744
22.3561
50.8399
22.8182
29.4628
35.3328
58.5405
14.906
23.2953
31.669
22.5003
14.4933
21.3454
56.5175
30.8206
91.3002
13.3561
51.367
52.7762
27.3989
43.065
22.5421
25.4746
42.8872
23.8007
32.8396
37.2811
21.8565
11.7509
40.1001
25.8155
31.5984
16.1389
43.4679
22.0886
33.6241
31.9572
17.3199
62.2741
23.0285
16.5958
22.8213
30.7706
30.5412
16.9835
41.6858
22.357
55.1939
15.568
42.9368
12.511
12.0606
21.0527
23.0207
23.8776
15.2203
18.9493
39.9249
22.7441
44.0664
16.6092
22.22
37.596
43.5478
56.0422
37.7359
11.9509
23.8567
43.2225
23.9216
18.3543
22.3625
15.2651
33.4047
78.4421
21.7519
55.5949
30.9065
32.1852
22.1138
25.214
15.5012
30.5305
17.8924
50.8942
44.3501
51.6623
67.0149
34.0652
42.2409
42.2249
16.65
39.8617
22.9044
12.1186
45.5223
58.2632
27.3762
37.391
22.3271
43.0618
16.8276
28.9805
33.7456
18.8436
16.978
58.4986
21.1861
52.2629
23.5345
14.9565
17.3224
42.0783
35.336
39.2032
29.6769
43.8593
33.2198
21.6324
79.0191
21.0723
23.0486
43.0585
12.4308
25.3614
23.2907
29.6598
42.4403
44.4539
33.1115
51.7777
19.5843
33
44.9723
16.1222
29.4755
23.8413
24.5618
29.8427
44.6135
21.6806
46.21
22.1737
22.7459
32.9259
41.8147
88.6678
91.996
35.192
23.539
30.9948
42.8666
34.9057
21.6117
20.64
23.6177
37.2858
16.0102
25.4076
15.8156
16.5051
16.4055
15.1442
40.1029
28.7598
22.9337
31.6474
15.7473
12.7835
11.5484
22.3933
18.8574
62.6829
15.4256
16.873
22.5451
53.4782
102.1982
21.4847
24.6479
19.799
16.341
31.2273
12.7109
90.5718
48.6688
12.5476
21.8452
29.6885
32.2413
22.9012
24.274
38.4055
32.2202
35.9214
19.6323
31.705
31.017
29.2475
29.024
85.5859
17.2699
31.6671
41.4543
44.4788
31.3109
24.8435
33.1346
28.2434
24.1004
13.8481
23.1594
19.9378
23.0162
16.0095
42.3993
41.8433
57.24
18.6226
20.6581
12.5891
17.1845
63.9508
16.9277
22.8757
13.3502
22.8017
23.222
22.8616
23.0147
22.0195
31.3021
15.2619
29.5445
65.7666
32.8716
43.9292
22.1367
17.0803
25.411
31.1501
54.6788
26.9904
41.699
16.7463
30.4216
44.0591
24.9893
50.4298
13.2605
28.4415
11.2267
23.2585
22.2151
44.2442
51.0419
43.1039
34.0679
38.4961
17.6793
25.5822
32.3638
21.7978
55.5475
29.2945
22.1899
31.3318
23.6035
11.4272
31.8176
29.9902
31.6769
33.7594
31.5351
23.0653
27.9283
16.6313
9.8963
83.8098
15.2314
32.5411
41.2121
31.7322
17.4223
15.8648
22.8748
64.8865
82.7159
33.1341
18.446
55.0221
20.2709
23.5811
15.8762
16.8177
56.0133
45.1488
30.5292
51.5108
37.7391
32.9373
23.8936
24.3683
12.8021
43.7119
54.5482
17.288
29.483
16.2832
43.9878
32.0529
23.5909
17.739
22.6706
16.1267
15.0403
12.1378
9.8502
18.4326
54.6538
22.7186
43.6329
15.1776
22.8481
22.1074
15.813
71.4959
42.3133
22.7106
41.5496
20.4958
21.5345
28.7521
27.9077
11.9455
43.76
64.5768
69.1674
12.8433
51.2317
16.0651
31.9056
26.9729
42.6436
30.2465
10.8107
20.78
19.5583
15.8883
52.2509
32.5784
29.6315
28.2901
85.998
31.7733
22.6301
50.9535
42.0102
64.5127
18.776
11.0882
23.0322
29.0441
54.278
44.2005
90.1325
17.629
16.4983
30.1708
25.4924
15.9771
24.701
18.6035
19.0186
16.6539
14.3906
16.8776
32.1158
56.9939
22.1169
40.5589
56.5033
69.3382
24.9562
19.3905
42.7362
31.2418
70.4664
21.2543
17.0448
16.7006
24.6267
22.1325
17.6468
20.5981
16.1469
19.706
39.5101
42.3576
31.8441
56.5468
42.1729
72.549
31.3965
71.0352
23.1373
23.7732
18.473
42.6247
15.6757
22.0882
12.0618
57.7127
18.2739
23.5245
28.4015
12.5041
16.1896
13.7114
33.699
42.1589
19.7628
21.9522
41.3468
70.689
31.078
31.1523
33.7367
39.7528
32.8427
21.1961
13.2468
31.3798
16.4217
24.1
17.4553
12.1468
50.5695
12.9902
15.6271
15.9329
16.1134
32.7676
43.2638
28.5975
28.9493
31.5251
51.1407
31.3651
23.5133
60.3182
33.4403
51.8139
41.3257
43.595
22.4477
16.1854
23.1305
32.9738
66.2517
18.2479
31.2683
21.7703
24.1869
16.3124
39.7632
57.4267
38.8009
12.0783
23.6473
33.8901
23.3202
24.8881
55.8134
85.0041
38.8835
16.1984
42.8832
23.1571
21.7873
31.7577
22.5284
29.9326
24.4037
31.8693
31.7273
9.5844
12.8199
32.6621
79.7777
35.2129
22.0712
12.903
17.4744
16.2664
39.7628
11.509
16.93
40.7698
43.2262
66.8289
43.1497
23.0669
23.0714
42.9533
20.981
23.8825
33.9044
50.5637
24.2149
43.4767
87.9791
23.4452
23.9576
30.449
21.8534
17.5819
21.8694
70.9965
15.4209
31.545
32.5282
42.8081
22.7141
64.2316
30.7259
50.5679
16.93
12.9532
43.0039
51.7014
22.9953
41.9741
33.1874
11.7206
28.9886
10.4391
11.7377
52.1751
31.5955
40.6933
30.4631
31.9087
31.2399
30.102
15.7234
15.101
52.7326
16.5371
32.3805
44.1405
21.3034
32.6749
21.8923
17.398
30.6728
11.5378
17.5835
17.2281
28.6261
12.0366
32.2767
16.6088
18.3644
15.8308
26.3059
52.719
15.3824
44.6092
31.1215
40.1575
55.2142
25.7924
29.3164
15.2112
40.5403
28.4324
21.714
16.2071
32.7036
28.2647
72.6367
22.5216
15.6638
10.8499
27.001
26.0228
20.2797
38.7072
41.8514
28.7838
31.7133
49.8188
22.0112
32.6865
26.0689
25.4156
28.6325
12.6582
16.2135
23.2053
42.1071
22.5158
25.956
17.2251
11.6686
30.8783
50.5451
26.4902
18.0688
30.1271
10.2495
14.9036
31.3518
51.2485
22.1619
11.0056
43.0406
40.7944
22.6649
12.9927
39.3061
33.1113
21.9626
18.1668
23.0948
23.1401
32.9706
11.0334
31.0605
31.9082
23.2306
33.5571
45.2756
15.0403
14.1598
11.7636
15.9371
31.5059
39.6176
42.3905
22.6255
67.8195
19.6281
41.4543
41.8729
57.7598
21.7392
22.8611
13.777
31.2871
16.5601
10.6279
24.7903
24.2905
18.0599
41.4717
43.7132
33.1734
48.424
24.4767
31.5399
22.5638
15.4401
43.3491
51.9903
42.3179
33.7246
36.4067
16.6575
15.5951
23.5148
31.2116
21.1978
51.7165
41.7333
23.9884
31.2718
41.4941
21.7083
21.2942
32.0307
22.5222
43.1599
42.9106
17.4331
17.8027
22.8614
35.2844
19.3087
22.8965
39.3359
24.8335
42.0558
42.975
56.4923
53.1948
33.363
17.1757
56.0077
56.7069
32.8115
41.1087
16.3716
37.3829
38.185
15.1743
22.0423
23.4417
26.5874
31.9255
25.8255
25.6107
22.2803
11.9686
23.9207
23.6208
39.9425
24.0868
15.2855
56.2926
31.9257
41.8456
13.8685
33.3121
23.9212
11.7637
16.689
31.5961
19.0629
52.6616
12.4491
17.7211
32.0945
13.3714
23.1445
17.8404
23.7805
54.4549
18.1868
40.0742
32.8161
21.7173
32.3893
54.9507
29.3307
21.0254
15.1734
45.1629
28.741
16.9106
42.692
32.0952
32.1837
85.2249
30.3279
22.608
17.6014
56.3692
30.5248
39.2442
14.9688
10.0494
19.0246
23.1754
