84.7025
58.6876
107.1278
94.5333
106.1022
72.3584
91.8497
99.2815
70.899
95.6106
90.812
108.4838
97.1357
94.4081
74.2527
78.544
72.8486
83.19
79.5718
93.0375
84.759
65.1563
97.6354
95.3253
119.1177
122.5321
98.326
101.4155
58.5732
71.4039
73.0973
84.719
94.4007
142.2099
78.7897
106.3691
106.058
87.6625
88.9875
100.4573
72.3171
109.4203
88.5801
91.3851
160.6547
102.2151
92.283
69.2649
112.8746
91.1439
86.1671
114.135
97.0924
83.6296
82.1453
78.4888
99.6747
91.7571
102.8824
97.7202
103.3719
82.2339
93.5612
80.4975
65.3389
117.4446
95.1544
89.458
68.6894
132.7358
84.4455
71.718
64.8442
64.2114
94.0266
95.9097
64.8093
106.7476
65.7655
133.6279
88.1971
83.179
128.7581
125.1084
80.5422
103.0414
90.2158
81.6397
82.0901
67.4062
83.0908
79.5609
91.3285
101.1388
102.0438
97.3256
81.2247
92.4672
95.7385
100.105
69.4535
76.4456
105.2113
80.4263
82.3854
92.2877
99.5371
85.1444
98.4146
112.9883
95.1916
72.9189
105.1713
66.6023
85.2397
103.4106
81.7317
95.6634
69.0465
83.4936
96.5068
53.1011
122.1288
96.1343
113.1425
67.4502
101.3276
64.2586
98.1814
107.4189
71.0381
92.4818
98.6204
107.3467
55.9689
72.7736
103.9781
79.4639
76.6993
81.7854
102.3073
84.4896
109.766
110.564
77.6654
94.6068
105.8959
82.1368
97.2561
117.7883
101.0561
93.4089
113.1474
100.738
81.9598
82.125
85.7468
126.2713
71.4555
109.5654
89.6944
64.3105
90.132
119.8528
104.8832
98.5473
122.2002
91.6264
104.9774
91.7039
129.1217
70.3111
84.7474
91.1123
91.8764
70.4963
85.5928
70.64
82.5728
103.8887
101.1137
112.6631
100.7
86.6345
102.6927
81.1851
86.4257
95.8154
96.6878
87.0528
95.4217
120.5946
70.668
62.6826
73.6596
83.0646
114.0828
93.2065
93.9563
87.5703
90.2902
61.6585
104.6437
89.138
92.6714
101.3778
90.4004
119.3994
102.9231
79.2179
87.216
102.1446
69.402
62.3771
93.7431
96.0277
69.6781
108.0539
113.8065
103.0853
105.1131
70.4876
76.5512
95.8877
81.4009
101.6955
80.4019
106.7871
87.6398
101.6333
83.2595
95.5365
78.6726
85.509
117.5927
82.6166
90.7625
95.7542
111.7879
100.0472
83.1661
106.9764
111.9211
95.3948
105.0275
103.0618
86.0654
89.9242
87.628
100.4215
84.984
83.1679
98.882
78.8235
80.1682
74.4682
115.1275
82.4055
67.5256
92.0015
84.1079
68.1275
79.6473
87.9308
75.788
69.2078
89.5213
122.3587
100.9003
96.1797
101.4405
79.9534
104.4785
99.0609
77.5653
76.4923
85.6282
107.3396
94.3464
104.1107
120.1531
66.6185
88.4478
81.6228
109.4026
87.4198
67.8397
58.7257
84.2026
114.184
108.5891
100.2132
85.4356
77.8325
97.0656
75.4076
78.9369
107.0592
114.5663
85.4725
83.8978
80.0205
64.7878
72.4218
108.03
94.4517
83.2005
99.7609
89.9482
52.4265
78.9463
109.7171
88.5435
74.413
107.3054
93.2865
75.0894
97.2276
86.1219
86.517
67.272
95.8923
125.8494
99.1865
70.0101
103.794
85.778
150.0608
74.6715
68.7201
88.4033
90.0894
135.5866
103.4488
97.0258
86.4902
83.7201
117.0045
97.2692
85.2726
83.0782
79.2594
79.6327
69.0211
117.3938
110.3721
82.0599
81.9807
109.0704
114.3661
100.148
68.7178
89.0806
90.135
87.9883
78.3433
81.9297
108.9715
113.6006
101.5683
100.3969
91.643
92.0079
75.6638
83.1493
116.3653
65.6285
82.9102
86.755
81.3321
96.8207
109.1733
69.7729
106.0986
82.0051
92.2355
94.9161
90.0299
108.4782
86.3913
113.2657
108.4131
79.0435
80.5333
74.1932
98.3437
101.4336
144.9355
106.5409
88.872
106.8345
65.6776
108.2546
98.5742
61.1846
97.64
87.7724
74.0081
85.6753
118.3222
103.4739
95.1165
81.329
94.3118
106.9365
78.4486
81.7763
78.3092
110.8753
73.1287
76.8829
153.6573
84.0717
127.9101
96.6617
63.7909
60.408
59.4064
112.81
82.0715
78.1732
99.8691
54.238
74.5666
94.1381
93.922
96.4829
90.0791
97.7958
104.6797
83.3729
101.0797
89.5221
84.4974
78.6451
131.7297
120.5522
77.1208
89.0511
95.0655
68.9191
83.0968
79.7814
81.3214
55.1161
105.8741
100.5122
72.6253
92.6531
99.9877
100.7146
87.7505
92.7724
80.2232
64.0636
114.4312
66.3475
93.8243
84.1758
103.0712
87.4772
86.5586
97.3151
80.1255
73.6666
109.4826
80.0625
97.8784
118.5855
104.0874
80.5312
104.6858
84.5236
95.3304
116.5605
140.3508
72.5531
84.8085
82.7425
99.1964
112.2354
76.2084
124.904
101.5187
87.3656
85.382
77.0373
87.9592
83.0021
61.6622
83.2251
104.836
119.3658
94.9984
103.415
98.7651
93.3452
110.4974
99.3533
68.4559
77.8859
100.5394
109.2061
72.9541
91.9048
78.199
84.3626
103.9388
74.0389
101.6613
108.3529
104.4159
115.7476
94.4486
123.454
99.1272
85.5028
80.5239
104.9948
108.0052
92.2513
56.5335
95.6077
96.8943
92.2747
97.7805
84.2343
91.3623
87.094
60.2709
105.3018
77.3569
63.4047
61.8426
82.934
83.5695
98.3856
103.3271
96.4273
104.1
85.832
90.1943
87.6674
142.4809
88.6369
72.2221
104.3643
89.0245
97.809
109.0651
78.6837
77.3157
73.9981
83.4885
84.4745
124.6696
65.2267
125.6337
108.7265
133.0557
102.0689
75.5171
107.8691
84.3789
92.7453
101.737
98.2228
73.6426
104.6115
106.0978
110.041
72.709
104.4024
95.971
65.1828
93.7094
107.0929
103.5986
107.4055
85.5664
103.1541
85.1872
75.7479
108.3826
109.4662
83.6117
77.3894
77.2756
74.4993
101.944
69.539
76.0197
114.7571
113.3195
112.5314
84.2048
89.7548
112.4818
78.2874
102.4227
86.7981
102.4247
79.7321
56.5848
98.4337
99.3125
83.0806
112.8206
96.1795
92.2534
87.2321
121.3522
108.2821
72.0589
76.0556
66.6367
88.295
98.5923
73.5363
71.4798
115.5462
83.5384
94.758
101.8781
81.4559
108.7533
86.3614
95.1067
103.3203
114.9563
100.5425
92.3327
86.1092
87.1786
101.8164
86.3511
44.9871
57.2337
96.0572
125.1967
72.5474
102.6859
86.5086
82.386
94.5221
112.0808
88.9735
96.4767
84.2047
81.8385
100.7864
93.8016
105.9154
91.0291
84.6796
95.0323
93.3838
99.6658
100.4334
99.217
71.3932
125.6707
106.7128
98.07
58.7853
84.7264
77.6065
65.4334
88.5213
104.0493
113.4068
112.2309
95.8409
122.2737
108.246
100.903
90.5975
101.6489
98.3494
85.898
78.9937
59.3447
86.1713
81.096
94.7921
90.5073
94.1959
86.8491
115.8637
45.9436
82.9889
79.6118
86.5546
86.9644
121.7041
74.7903
88.1071
114.3335
85.35
86.4546
95.2237
95.1344
67.0936
90.5042
69.8049
62.2928
100.7951
82.8353
92.231
103.4569
84.7046
141.1177
76.5584
95.8062
68.8092
80.8891
83.4945
75.9603
95.8112
60.6771
108.5037
74.2576
76.9767
107.1302
106.9278
102.1279
79.2863
90.1805
92.809
104.9792
104.9438
95.1155
93.5929
98.1171
62.4145
61.4201
76.2883
99.6514
87.0737
79.3558
150.8695
122.0314
90.3764
110.695
82.8587
107.7007
95.8516
71.0998
93.3103
76.1907
79.8562
71.1721
79.9114
68.3111
74.8199
70.2643
71.3246
89.3294
72.9456
90.4095
103.3785
119.8809
117.76
86.0303
103.1458
105.9031
92.7784
96.1709
71.0062
105.0161
74.1264
82.1601
85.129
91.4912
108.7501
97.2684
82.8756
106.8199
87.4184
100.4744
93.4059
83.846
90.4659
78.5507
71.8726
83.1647
109.5123
92.8188
79.6328
70.2454
114.1692
103.0122
88.2448
96.7948
81.2546
73.672
86.4936
100.3167
102.6112
107.8512
88.5714
67.2087
42.462
106.1295
86.1222
72.1011
92.9581
87.4734
126.4093
110.912
116.213
105.2706
83.938
96.7868
64.3
89.5358
87.5354
104.2975
65.2004
104.0838
80.8072
93.8471
56.5305
80.0175
80.2743
94.3234
76.9404
97.3674
89.1883
113.4426
80.6638
81.6041
87.742
103.7433
93.7522
98.2607
127.5433
101.6431
87.3483
96.6195
84.7395
100.553
84.0444
85.1579
71.9394
87.6317
88.5847
98.5992
98.7174
73.0933
104.9497
133.8208
84.7799
82.7923
67.5153
79.2682
117.1683
115.5186
84.0299
82.6514
87.3522
105.0234
59.8888
66.4468
59.5642
108.1337
82.432
92.2378
86.2865
72.4008
125.3216
99.179
60.0009
82.3157
108.3673
88.3822
95.3957
64.4137
104.6444
81.3754
72.9341
104.0148
93.8271
87.3496
79.9494
76.1781
94.9653
87.066
88.2409
76.3075
91.6083
92.0268
75.0955
87.1727
68.773
87.9041
64.8734
112.8244
85.5776
136.2441
99.1511
99.7099
97.7804
113.9143
111.3263
66.8552
75.5001
93.1956
76.0868
82.3506
80.0116
86.2661
74.9045
73.901
109.0321
103.2954
71.7141
90.9795
86.9188
64.314
114.2449
106.6396
86.6075
86.3917
85.5832
95.7042
87.6152
71.8696
83.032
113.2323
89.7897
108.325
107.2545
94.5928
100.9712
90.5575
103.8279
88.1645
119.1653
99.8269
100.185
111.7157
109.8648
92.0222
80.3027
63.3475
136.5023
100.4153
69.8004
91.668
86.6408
95.8878
95.1299
89.9741
86.4331
117.0759
71.1183
72.025
73.1371
98.7212
125.8658
104.618
94.8845
110.8119
76.3584
82.3692
88.8507
74.4158
104.831
86.1511
91.2665
108.213
128.2573
78.6198
90.1524
103.1144
80.2153
91.5183
101.4772
89.5772
69.9596
75.82
101.4907
134.557
112.678
59.4872
90.624
88.3785
94.7442
116.2962
95.8438
97.6087
93.3003
96.6368
112.3864
137.8265
99.6279
77.053
67.7349
81.4845
