52.8372
61.7328
74.0177
85.5123
100.3753
78.2542
68.2903
88.0651
115.5141
73.0768
116.732
36.0733
147.8345
74.3829
48.7862
63.991
95.7937
70.6988
184.1787
63.8219
98.6764
65.9005
91.2009
90.5224
119.3442
43.9669
76.1691
69.7414
95.6356
58.8336
98.8897
90.2447
135.4019
71.2618
126.8258
42.5317
83.6861
119.6825
85.2634
51.3772
43.9236
80.1084
49.6139
68.4413
63.1241
42.6772
55.8171
42.9322
63.8276
62.9037
65.2559
113.4199
69.1475
104.2169
86.5422
122.3029
67.2183
138.6097
65.6663
71.4605
65.7789
107.0177
73.8039
62.0098
98.2102
64.4921
53.5802
68.5418
64.8487
98.446
75.5473
109.3789
81.1683
89.2978
148.1577
54.2671
52.1302
90.5471
42.0508
81.0352
89.3309
29.0082
76.5125
90.9127
70.6592
72.896
85.0379
41.9424
27.946
132.5426
51.7747
101.8274
61.798
56.9799
90.7043
102.2162
117.6706
84.134
109.6888
120.1966
72.5082
34.7545
70.3379
66.4432
92.1855
128.5414
50.2977
58.0259
62.5438
114.0457
95.8207
45.8663
79.9321
134.0017
79.8541
65.9251
92.2014
82.6067
69.6933
112.5906
63.6088
44.6292
64.9746
35.6634
78.2789
145.715
96.6395
80.9363
92.9721
61.1009
121.7136
109.5298
66.2886
104.0802
54.8694
41.1436
49.0697
40.2894
119.1388
100.4633
56.5559
81.1493
89.1735
85.9924
57.0338
54.1566
65.4433
69.7878
55.4712
98.1366
66.0063
62.2404
97.1909
147.9258
58.71
56.3713
94.5347
40.6204
101.5322
74.1045
53.478
94.4166
51.0849
79.1408
117.3125
51.6014
67.1613
95.5954
143.5417
51.2491
86.2278
55.9694
94.4533
71.6951
64.6761
63.815
90.2859
42.179
58.9213
67.7518
82.1121
70.2595
98.0303
66.4824
99.1673
110.7113
106.6093
38.9729
37.7586
129.0651
53.6642
82.8713
160.3088
129.3399
64.4212
140.689
63.5065
82.2887
69.9225
54.1471
112.4109
74.7692
101.7764
52.5687
63.3828
65.1782
93.8754
65.7251
83.7718
122.602
88.0417
56.7925
79.6994
79.4954
60.0782
50.9669
85.6099
78.1847
117.8511
48.0476
50.4731
71.7775
22.3617
143.9405
59.2088
43.4876
66.6338
53.3277
48.3502
81.2868
66.9083
84.6446
97.2314
97.3057
75.8288
55.0903
74.6681
101.1422
48.2304
103.5624
71.907
68.0936
85.8073
93.5766
101.9453
59.5861
66.4609
76.599
118.4077
112.8166
35.0151
65.2871
80.8918
65.8419
74.52
54.2878
85.6676
74.1837
38.7545
82.4201
46.639
78.7879
29.768
52.6551
51.7806
53.5166
99.6648
117.2841
30.7455
77.5329
79.5695
50.3811
100.0839
116.7911
63.3955
61.4616
64.5269
60.9774
79.0677
104.9738
39.3843
94.5319
95.4568
69.2723
99.4373
76.373
64.119
65.2444
58.9071
61.1209
62.2903
77.0374
66.0562
118.4178
108.7581
56.2563
80.9276
83.3811
110.5931
66.5092
69.6995
143.7234
55.4033
105.0069
112.5132
137.4871
77.563
105.1561
116.1617
56.3166
50.6836
67.294
76.7103
118.6516
50.5559
54.0119
79.6905
141.0498
168.7679
123.11
30.2938
67.316
71.0088
63.7355
43.9408
57.8068
101.2655
78.7772
153.3839
74.0332
85.1825
106.1652
67.0442
67.8367
61.6054
49.5858
72.3201
78.266
30.3731
78.0825
55.6756
69.0467
168.7234
97.4964
157.0474
67.7502
37.716
63.9502
80.335
50.5615
44.3909
70.8814
86.3852
97.0269
149.2372
64.6084
52.4016
146.8081
70.9176
71.7655
79.6212
101.0476
70.3573
67.6993
53.8016
81.3714
59.4179
63.0988
72.189
119.0034
64.7186
79.5958
101.644
117.0465
95.0114
91.0016
59.1327
62.2463
84.3386
64.9571
54.3546
83.7048
42.7952
63.3971
140.6803
37.1064
79.4929
58.7485
41.1964
87.8919
61.9295
84.3448
83.7175
63.5634
81.4174
49.711
51.4166
92.4152
64.4049
78.858
19.9498
65.8192
80.3619
34.8742
22.4513
96.9738
84.929
67.081
58.1409
69.5508
73.1853
27.8682
100.1397
69.36
52.4388
88.2905
46.2753
58.5267
84.2926
66.3679
122.2453
107.4174
104.7483
48.3548
82.2292
86.0992
57.4362
104.2501
105.8985
119.4162
75.9922
70.4879
72.0781
68.2217
45.1443
87.625
32.1425
138.6357
38.7874
170.977
48.9891
56.0905
108.6861
44.0604
80.0147
57.359
97.5039
65.0797
94.0636
65.3933
128.7413
38.0192
131.0436
151.7615
103.0124
65.6542
69.3357
109.9589
67.3009
90.9459
42.4386
77.1082
124.3351
63.5456
72.0354
99.3898
125.3335
97.0088
39.8418
132.7634
57.2912
34.8307
54.5161
64.4667
122.3318
102.5598
118.1525
57.2559
64.0934
37.766
75.1082
52.5943
81.0568
120.945
32.5595
136.6997
50.4979
112.4995
52.9385
65.3172
77.3807
96.3307
107.3456
119.2896
61.5684
68.1038
100.5945
48.3074
121.4541
63.2366
44.4022
68.7899
82.9822
103.8452
70.3824
86.1956
98.0346
47.7992
101.2786
51.2792
36.4502
89.8371
98.2536
77.4511
64.5938
62.8771
54.5426
55.2212
100.831
90.601
33.1851
49.5479
36.0125
47.213
80.6087
71.2705
91.4103
79.8671
51.2762
72.2277
35.0165
70.5366
65.1798
70.8156
69.6771
56.7702
98.3696
66.7709
94.6699
90.0324
98.7673
29.8747
79.9699
116.2342
30.9633
63.6528
77.3807
154.9418
95.3135
69.7534
119.4793
35.2496
87.5682
41.2648
51.7993
73.796
69.2554
97.0406
81.9712
108.4924
23.9164
49.5451
66.1191
78.0926
68.849
81.4547
85.0003
83.4733
52.5867
61.9866
73.0741
63.703
80.7306
120.4757
81.2248
63.7918
72.8924
144.0106
102.0234
43.5885
51.0866
124.4484
120.8213
142.3116
89.6078
95.3888
21.8399
81.6112
86.0354
97.0588
68.9563
82.9022
83.5945
100.7384
105.7239
59.5327
72.0616
100.0988
80.3111
90.4104
113.4126
148.644
58.4779
80.9386
54.9355
70.3816
96.8877
71.5233
79.8184
81.0744
93.6893
109.3267
99.9384
38.032
58.933
40.8482
87.2126
51.0136
78.5042
106.2618
94.9392
91.5188
121.4532
79.5977
109.2589
70.9316
105.5528
71.8642
82.8631
89.2132
59.0498
65.6681
58.2259
81.9226
80.7765
125.8743
98.1583
64.7755
144.4721
115.4522
54.7945
104.1847
58.8974
125.4994
40.2317
71.4786
114.9929
62.3369
106.1221
121.1496
78.7297
99.1559
54.1363
108.2477
79.2946
91.5746
96.3143
111.2869
71.1376
68.7484
65.1952
64.8216
96.1176
85.6817
69.0303
85.9614
129.5309
40.278
80.1575
32.5065
124.0986
33.6733
51.2501
67.6564
64.5483
84.9497
78.9809
98.4845
89.615
50.5128
70.932
135.4651
34.1578
40.921
73.6509
97.6396
78.4622
72.8267
80.9848
35.5994
115.4507
153.885
69.668
50.1289
51.0141
95.1161
71.3332
69.9218
51.2984
61.2773
70.82
80.8797
51.5111
70.2163
80.5334
55.3376
93.9521
127.2413
43.6081
50.3084
65.4858
124.0167
59.2175
141.1797
56.5859
67.6362
34.7709
89.5686
73.3967
44.9088
82.0355
80.3807
116.8106
70.6472
65.7236
84.5553
90.3896
50.1882
56.5793
51.2283
41.9793
69.3762
91.2633
82.574
70.4355
54.6457
75.7649
73.0793
105.7371
84.5386
88.2884
108.2432
115.1366
82.4336
73.9351
84.0932
90.2656
61.7805
31.7629
98.3187
74.9025
77.6487
42.2498
34.7166
44.8435
108.2889
64.6829
64.9764
84.2706
61.2544
54.1721
125.035
134.4966
142.3521
82.7618
104.3882
65.0973
43.7882
53.6094
90.138
83.4201
71.0082
111.674
73.4719
71.0058
84.8825
105.5223
85.5302
68.1194
120.7213
101.0677
83.2661
114.4891
74.6903
71.9846
63.26
79.2678
98.0113
85.5955
136.6418
49.6082
80.2647
66.9507
53.9106
48.6302
52.6813
105.6898
55.8399
122.1504
81.5864
104.5245
93.599
87.5619
113.8614
114.5708
54.2194
128.7938
110.2898
64.9882
87.3047
36.1117
60.416
92.1821
33.3149
89.5264
59.8543
166.6606
92.7628
68.1908
87.9607
77.9987
67.4478
83.0111
67.2574
97.893
100.1586
73.9368
73.9137
49.227
136.7224
62.9166
100.7163
71.697
99.9947
83.7541
96.0705
43.5735
64.6793
65.8886
23.327
81.9941
57.2234
100.0256
139.2912
40.2832
84.4522
108.7536
85.4837
60.6903
71.2806
129.3343
62.1304
104.5437
78.2876
102.4321
65.8665
65.7503
81.0789
51.2178
71.9551
91.7462
91.9927
60.7924
98.1844
34.4992
71.9149
208.9922
139.9678
139.329
103.1236
88.6368
77.5518
55.7017
69.9006
84.6425
99.3607
36.6924
125.1091
106.0374
85.8587
79.9661
70.3201
74.234
51.7833
97.2743
56.1833
85.2742
61.4707
95.4045
106.2992
56.1927
93.2214
93.5305
63.0978
127.7465
40.4448
119.3012
91.2225
118.2306
84.5764
64.468
101.1965
141.3864
56.4275
94.9663
56.1745
51.7711
119.6202
101.8854
57.4976
59.3223
101.2261
78.8229
69.8983
82.4522
73.6857
53.2945
44.7082
89.0972
134.4598
50.4721
85.0155
82.3423
41.8839
56.2374
66.8816
65.0964
104.0747
98.665
83.7977
102.0746
70.0611
64.783
88.4803
60.1137
38.3336
59.9436
52.2782
56.085
81.4012
40.2056
58.3787
82.9495
68.1454
61.548
94.4856
57.494
40.6675
68.1017
116.9795
64.5264
106.9958
85.5554
87.6044
87.3081
98.1016
52.7051
51.1706
134.8953
94.309
76.8773
83.8141
81.7317
104.9656
103.6107
97.9925
75.8002
58.535
82.331
55.651
134.2399
97.7153
76.9637
47.7034
162.3945
88.217
86.7403
73.5055
42.4297
56.1456
114.1177
51.7076
66.0518
159.2098
50.3691
80.3644
66.0807
54.1251
116.6439
103.0277
69.9272
47.1773
129.3619
93.2138
51.5512
64.871
71.339
50.7151
72.2205
72.1723
