11.6139
16.4766
32.5609
41.6704
28.2309
23.5446
37.99
65.3802
24.5786
60.3371
56.075
62.2485
43.4
59.4335
85.1812
68.3902
43.2368
40.5473
23.6778
22.6491
81.5737
27.3245
40.8486
45.3017
71.7132
38.4826
29.6826
34.56
16.6051
41.391
53.2813
44.8839
71.045
28.7708
70.6806
32.6058
72.3629
39.3845
30.1713
51.1565
24.5446
31.8879
46.585
38.9022
64.6751
50.2574
20.5691
54.687
33.2502
56.1163
23.3491
37.3263
56.507
59.3425
31.2284
56.7225
50.9171
42.4487
30.6207
53.4738
40.7131
24.8724
55.4704
30.2036
42.6751
40.6031
16.3089
27.7371
15.4741
64.8442
58.0402
23.2117
81.6238
32.67
39.85
66.0085
42.5643
79.5494
23.1711
31.5737
32.6488
22.714
15.667
33.1186
50.0172
29.3197
42.2711
16.4466
56.3551
21.0773
51.5119
34.4868
27.7542
23.97
31.0551
17.1191
43.7278
38.8643
34.1591
20.5855
22.9242
69.0919
39.0817
33.3572
93.3708
29.0388
25.5383
41.0837
71.0529
28.9601
58.8607
58.4928
22.4285
42.4808
17.0285
50.4111
50.668
26.8088
52.0155
25.5096
54.7698
41.2767
19.6378
42.409
38.851
63.3058
31.7276
28.583
18.3901
57.322
38.0008
32.9252
21.5471
15.3625
55.2567
18.2212
12.05
22.8502
35.9739
39.9818
15.0839
14.3446
81.0265
50.8697
42.4747
15.1587
40.6702
19.907
23.9185
28.9
117.9884
25.3528
21.3139
21.6883
53.2014
38.92
54.9779
24.6544
42.5665
39.559
50.5209
31.3167
32.8118
26.1901
77.6771
44.1242
42.8911
29.289
38.7312
87.7248
21.7816
41.5488
25.1441
42.0432
94.2301
53.7727
21.7219
23.2036
39.5587
51.282
42.7584
46.243
40.5442
45.1085
43.0546
42.7141
41.7001
33.1931
23.9356
71.3026
27.2734
67.381
38.804
51.6032
32.8654
22.1504
51.575
42.0105
85.4568
39.3658
17.6301
38.1291
17.8473
37.2901
31.4912
50.1391
41.452
81.2565
47.5437
21.8284
88.8394
39.3793
23.7483
31.1639
49.997
25.2507
38.2812
72.2189
18.5353
67.7848
31.99
28.4344
32.3547
22.5219
79.6349
53.786
42.3905
32.5932
53.7265
82.7923
17.7857
42.2628
29.6425
20.0701
35.254
29.4469
33.1886
32.9166
56.4408
54.183
95.0414
40.2962
42.76
29.2322
42.7639
65.2711
25.7175
32.9828
37.8414
66.8692
32.6069
29.7385
20.374
25.1965
16.4669
22.0596
43.435
64.9917
28.991
31.9295
54.4158
22.621
43.8328
88.1741
22.5008
31.8029
72.2789
69.8836
28.7255
43.1689
15.74
31.8732
43.2245
17.8988
37.8649
35.2122
22.0987
41.1147
22.0979
31.699
16.3784
30.6273
29.4696
50.6322
57.5493
50.2169
17.3733
58.4884
29.0776
40.5383
88.0231
17.6731
63.481
22.8839
33.4797
57.632
16.4151
34.3087
42.4047
55.8963
56.6482
42.289
26.1306
35.8581
50.6302
81.9667
35.7602
32.6152
62.2892
29.5086
22.6849
41.172
64.6177
115.133
45.887
32.1004
29.7209
41.7157
66.9245
68.932
69.5434
29.2567
40.9431
86.6731
23.2168
9.3775
75.3848
44.8128
17.176
61.6068
42.4662
40.9611
20.3807
69.2269
81.2699
50.931
53.1608
23.8711
65.1019
22.6271
60.1366
15.9863
31.4362
64.7422
21.2893
66.2427
56.6925
23.322
38.1673
47.2264
16.4546
15.2472
103.0646
46.3034
54.5888
29.4049
42.8517
43.8892
44.3818
17.0247
31.6028
56.7096
91.8511
25.4062
67.0051
21.5956
64.5616
24.2904
40.9442
31.8516
19.332
30.8687
40.2064
75.7168
41.5259
46.6899
41.8072
16.5174
15.5431
36.5703
31.7723
41.9378
69.7224
42.4369
40.0603
65.1106
33.8009
35.2238
32.0961
38.6306
23.378
80.787
38.3224
89.8362
53.2524
23.2546
51.1188
51.0671
40.9608
28.8219
31.5363
33.8803
31.7967
32.312
51.5518
32.4251
15.4012
34.8487
24.8712
24.4395
16.5235
21.2581
55.3733
16.1279
21.7696
64.3327
32.6421
71.8177
21.7529
43.9095
56.3837
72.1836
24.0652
31.9212
53.1143
55.2973
32.4789
31.7294
65.6483
29.886
36.6367
32.0121
32.4377
31.379
28.7561
56.6304
12.7422
30.7036
32.448
69.7669
25.7429
15.5805
38.6053
72.6145
47.5012
17.6831
31.4841
54.5924
30.6286
76.4782
50.7239
38.477
54.5284
49.8119
70.438
24.5665
45.3132
30.4869
22.2524
15.8541
68.0704
107.9346
43.5031
21.6918
25.6692
32.263
43.3022
33.1077
38.5709
70.4222
31.9031
66.7541
50.8784
28.5996
20.0744
28.2807
65.5748
30.0471
43.0924
63.401
64.5941
15.9954
52.7142
24.2727
23.6362
55.5874
45.5275
65.6314
33.9019
21.3949
42.2833
55.3724
22.789
63.1884
72.8379
76.9589
35.7222
51.7075
41.7252
68.7958
43.0047
16.2764
38.4546
35.1309
99.2645
32.5414
15.8743
23.3587
51.0363
25.8532
50.2001
16.0842
39.8556
29.3391
24.1674
70.6598
23.3207
45.552
31.5561
28.3027
47.3522
33.1231
41.4959
30.9407
29.5461
23.6985
71.1329
30.6042
41.6243
11.1446
33.2574
15.8157
43.5747
32.1347
22.7922
64.4322
29.7259
22.2157
22.5735
31.0379
24.2139
42.5154
57.769
23.0593
57.4776
17.1854
79.5656
29.9291
15.127
24.093
42.1537
79.9291
42.4304
51.1555
43.9049
30.3441
55.6615
53.7139
30.8411
43.0985
50.5975
20.0024
38.8739
17.3714
71.3704
64.0747
54.1348
33.3208
65.8218
50.0556
22.401
23.7683
16.0922
18.3872
42.1035
41.4407
31.0185
28.1584
12.5079
55.2971
42.3221
70.7912
56.0711
16.776
50.7104
17.2696
41.1881
14.9753
43.0735
32.0764
22.9924
39.587
23.4733
21.5134
38.1542
26.6886
31.8396
22.6238
62.2462
22.4549
71.2465
36.715
54.8403
31.6327
87.513
32.4937
49.8807
52.6788
32.3871
39.5732
32.7588
55.1034
51.7803
59.9679
27.6725
18.0014
30.732
55.5461
57.2157
50.3174
87.7157
26.9037
54.3572
31.4091
28.7586
39.5344
22.9427
43.2125
40.6772
23.3383
32.0642
21.0327
27.6728
44.1101
24.1224
23.4621
56.4482
32.14
16.1358
86.0136
22.9963
17.4922
39.5499
72.449
22.268
31.2386
60.906
24.1636
50.1699
33.0562
55.8277
30.9434
56.8283
42.2225
31.5969
32.1899
30.4141
43.7076
64.7618
41.7707
62.1172
43.116
22.8015
22.862
52.5991
30.6699
11.2995
29.4672
41.4196
55.8558
59.4661
41.1131
56.7296
59.4184
41.8122
56.9774
65.5071
23.0184
42.3815
39.4485
72.096
27.715
51.1008
42.5661
44.6428
39.6082
24.5152
30.8557
28.6208
63.92
43.4096
44.0236
22.704
22.3323
50.575
59.5297
30.441
22.1319
68.2381
30.5358
23.9555
67.2614
30.3381
50.8239
39.5638
53.4071
33.5965
43.2255
41.2601
16.57
48.0033
32.3112
30.7327
46.2654
56.164
31.1911
70.274
22.8021
31.4371
30.7458
42.8979
16.7674
34.0944
22.9438
16.8239
22.7199
31.3454
31.4842
15.1545
66.7312
38.8917
53.9399
39.4327
21.9123
70.7545
16.6148
13.5058
45.2647
43.804
53.9612
23.8119
30.7734
49.0665
54.8851
30.9874
46.584
33.5619
55.0358
31.3212
31.3094
51.5613
58.5328
32.3353
43.0006
32.5076
31.9623
42.1075
49.9755
21.2283
22.6987
23.8208
11.7087
33.445
52.0063
71.9892
55.3262
39.1625
81.0337
52.4972
51.5515
66.6587
28.2154
45.5626
16.9586
25.5286
86.9883
21.917
22.567
39.2041
34.1823
42.2062
41.7953
16.0262
54.624
42.6088
55.9253
30.8756
29.2681
58.1907
39.8046
23.9565
23.5417
113.9926
24.5295
89.7492
39.9699
32.1173
16.1876
54.9697
86.4291
38.5758
34.1872
29.4585
31.1294
25.3161
35.0259
100.5452
16.894
68.7851
13.2077
68.2813
40.485
71.5609
68.6365
25.9584
31.2405
46.6458
50.0916
14.2581
25.3572
23.5636
29.824
21.6195
22.9015
52.1219
37.5515
54.8471
58.9373
18.1979
14.839
30.7538
40.0858
31.3094
71.7396
23.8245
43.4836
34.8395
38.2846
57.2693
23.7972
66.4671
28.2481
33.4702
81.5684
56.5743
17.0624
25.9637
43.4593
67.5748
56.3398
42.0164
31.7657
40.5849
40.5858
39.291
31.7322
32.5951
53.7623
50.1715
53.2401
47.5134
50.7991
43.5076
42.3525
29.0678
32.782
22.5799
16.753
33.6176
21.5708
21.0606
34.017
57.1078
22.438
50.2383
82.2141
31.333
25.8643
30.4547
83.3343
52.317
33.4499
51.258
30.0691
41.4471
56.0229
39.6304
32.1197
70.917
63.852
50.6902
28.6125
66.2392
16.6898
87.7683
18.6391
17.179
89.9405
91.6416
81.2329
41.9564
106.1208
77.6176
31.6565
56.1387
28.6824
54.8094
49.6696
15.5605
64.1279
42.348
31.5863
106.6183
30.7086
42.4961
41.9336
22.3331
42.0594
55.3304
64.8916
38.6041
41.2098
70.2985
45.0588
21.6064
21.7579
50.5958
31.5152
41.5491
22.7588
35.0737
28.319
38.3224
56.1786
33.3133
50.7049
23.7274
39.8469
39.5576
66.0743
80.1461
66.4745
25.2722
44.4159
93.8145
55.3055
32.7922
22.7978
55.7491
55.1641
13.1139
31.8961
31.0674
39.0269
45.6795
25.0831
42.4364
24.0872
41.3125
15.7672
39.3958
32.6064
49.6387
41.8485
23.8085
21.2715
62.7304
55.851
35.0517
33.3475
43.7717
64.8461
31.7911
16.9364
20.6112
30.3554
16.0031
62.326
20.8947
24.3378
31.7595
31.2131
19.2896
21.9065
82.5719
30.454
19.6263
56.4128
83.0992
56.9344
17.1049
36.0735
41.9249
13.2925
23.741
19.1683
71.6605
38.159
33.9627
23.8543
