94.4535
70.4659
131.1563
83.1044
97.6883
119.4588
152.3181
61.4442
56.8401
108.3415
66.8963
118.4305
65.4821
45.2701
36.525
112.4952
57.7908
38.1332
69.3468
108.2188
68.0624
85.3943
56.8759
64.1986
47.9038
97.0601
67.7974
30.8354
24.709
52.9028
64.8184
81.2764
68.13
61.564
81.5519
68.6766
50.296
81.3209
135.6198
165.3142
56.7596
89.5764
79.0703
82.3205
90.5144
162.8827
123.3362
83.6606
87.7503
128.053
79.6501
115.8444
79.4335
61.5722
72.1889
66.2678
71.7192
66.75
79.505
124.5208
83.431
41.6292
81.2747
98.4642
71.6437
64.7272
80.8074
26.6941
67.4381
63.4283
43.129
59.4042
103.1127
67.739
42.3702
78.5666
120.603
82.0657
72.7265
113.9948
98.4469
96.525
96.7611
69.659
64.3129
108.9576
93.9649
32.3679
61.0542
57.1787
64.2526
32.8312
107.3994
99.6941
68.2952
81.6114
77.096
31.2336
52.902
62.8668
53.3513
48.4531
64.8847
52.1494
50.9929
54.892
119.9345
29.2361
39.2745
64.2518
81.1476
65.3672
44.5813
50.2163
82.2724
28.4978
56.6343
57.4472
83.9684
73.6436
71.5326
38.337
52.9494
97.4868
124.4498
74.9559
53.8076
45.9186
27.6839
77.5819
54.2708
31.7283
40.2125
43.1126
94.5389
51.1388
98.35
68.435
64.1182
68.802
93.0924
53.8412
71.8477
81.909
35.0569
42.7566
91.2491
82.3377
76.9212
45.9658
133.173
45.6569
125.0239
52.0388
74.2756
66.8053
100.943
42.3098
65.5756
67.69
65.4216
135.2155
96.6047
80.6649
85.6557
62.932
52.7078
38.0586
56.3993
59.7137
143.1941
51.3271
73.8448
64.256
91.4442
34.9813
99.9789
80.6236
42.7975
98.6599
74.631
168.8855
43.1208
83.7942
56.2357
45.2148
100.0112
43.7654
92.6421
39.0747
45.1058
82.2339
89.5876
136.0589
68.0531
91.101
67.8435
53.389
67.7371
33.0012
67.7086
64.2655
47.99
39.8724
82.2168
57.6934
138.9754
66.39
51.8207
88.6195
63.5176
32.2169
51.4343
81.1033
40.1064
56.3744
30.7229
81.5885
58.3082
112.6562
95.3525
67.7343
50.0311
59.6278
74.5462
70.7684
72.423
63.6563
38.0083
47.5364
81.8804
56.9701
57.8829
54.0769
94.3895
83.1318
39.3937
52.705
55.3747
113.5988
40.7223
82.6619
101.5741
21.063
65.6382
30.5697
50.3495
66.0688
103.0813
62.0181
56.557
33.0267
68.8258
51.9068
83.0816
99.8629
65.227
74.2397
97.5719
89.7797
58.6564
100.3641
121.3441
46.8285
58.4457
105.0755
105.1612
68.1365
42.6028
72.6739
80.546
78.4841
96.3987
59.8349
38.8237
72.9225
56.5942
68.9413
80.8223
67.4074
118.3343
47.0125
59.6227
128.3378
53.273
63.7483
20.1805
80.8165
89.1286
82.0061
122.394
92.3865
31.2313
70.8126
57.7769
41.5456
61.281
81.0662
67.2703
81.2098
66.4588
55.7873
41.4446
59.1278
72.1472
126.3956
65.8821
97.3322
59.7091
64.2393
94.3018
45.5348
51.9616
78.4803
103.292
110.9173
65.585
71.0278
65.4777
50.9813
72.6958
64.7129
101.1379
61.7574
21.396
70.1317
45.2311
68.3028
68.3641
69.9467
40.8352
68.8481
79.7052
52.0781
85.1235
47.3835
41.1098
100.1811
52.0292
54.0008
44.1382
35.7454
54.3924
72.1683
65.265
97.4531
57.2015
56.5015
46.6368
69.8189
54.5632
73.9602
90.5515
102.9668
35.0316
110.4335
96.9316
68.2795
22.9756
68.5269
56.6112
72.84
72.3537
98.7423
40.4342
67.7313
28.6512
65.8157
39.0953
106.4621
48.8407
79.7794
60.5445
82.8146
71.057
128.906
73.7914
83.0151
52.0712
100.6801
53.186
108.444
69.5894
47.797
102.7083
99.2418
42.0284
62.371
65.3919
60.8024
62.2035
68.3439
146.9034
91.5859
63.6247
55.514
53.3975
98.8016
58.3597
62.4739
97.4218
103.3902
61.447
66.7665
31.1353
44.2066
56.6961
88.6617
55.1257
84.6903
56.5084
90.8757
104.3235
115.4994
101.549
42.384
40.7496
100.7696
47.3086
79.418
68.8447
55.6605
73.4882
86.2748
72.7588
79.2103
49.4599
102.913
52.744
89.6543
72.2184
36.948
74.2345
51.6578
41.0886
51.616
65.7292
53.7729
65.1699
135.9806
129.9599
40.9045
109.578
74.3911
63.8328
65.1661
48.0193
98.7407
96.0422
125.0788
108.9443
45.7494
145.0533
69.4702
76.8653
51.7044
70.5595
66.1769
56.3039
43.5284
79.4756
45.6609
119.8013
91.5993
106.1813
30.0598
78.9648
53.7028
95.1994
83.0599
50.8023
83.3291
52.7815
113.1898
102.8226
118.3979
65.4955
82.1226
80.7199
58.2802
39.5726
66.7305
112.0997
79.2785
100.8755
65.4871
89.4983
45.8808
97.5475
67.922
81.6107
49.8868
56.3301
117.7196
97.5346
44.6287
35.911
87.0846
118.7546
86.3546
51.5846
61.8955
41.0891
79.9897
42.4128
84.7667
38.5501
75.5637
50.8563
103.4717
100.8618
43.1174
72.4952
88.0968
42.764
76.4404
46.543
32.9256
80.3445
99.6365
63.8181
36.6419
64.4887
51.0193
87.1125
57.2507
53.124
115.4906
50.2943
71.0838
125.8823
24.7745
66.6311
75.5541
51.6366
62.563
73.5498
67.1945
66.3628
110.8099
68.7236
63.1277
80.7783
63.4547
49.3751
52.1304
47.8312
84.0055
78.3287
51.2518
80.6874
46.6624
99.2189
88.9241
50.0736
87.8044
84.4022
41.2146
55.6232
63.934
42.3479
101.1889
66.9348
71.4531
44.3267
40.7213
83.9648
44.8425
116.7425
51.0701
64.0164
88.4815
53.9282
97.616
37.4573
135.4227
113.2759
93.4982
72.6275
134.3567
39.5164
65.0907
98.3717
45.8003
51.3783
54.6292
41.0798
56.9255
50.6511
130.972
80.6544
65.7552
52.5911
28.6277
63.6977
92.1894
72.1301
145.3972
27.4736
46.0544
101.2011
43.3321
65.4621
80.7613
26.0029
192.0445
19.832
43.9288
53.7854
81.2751
67.7657
77.2495
53.8615
45.349
30.719
61.9085
56.4048
57.3112
55.4765
130.4528
78.958
98.1443
30.4031
36.2395
82.653
42.3434
47.8029
44.9035
65.3463
73.4951
98.1674
80.2479
81.8683
52.8115
73.5249
61.0466
54.2035
88.5755
35.2786
120.1408
131.0579
58.4885
62.2754
65.5639
51.6426
94.6471
89.7575
70.5912
56.1856
52.7032
51.1918
55.2915
39.1486
62.5466
54.88
90.223
47.8807
85.5986
66.2797
40.8378
83.0315
67.0271
101.6584
51.3079
43.1907
57.7879
41.7889
63.5239
50.3546
44.5575
56.8043
117.1984
41.279
54.4778
97.1491
71.7222
68.766
79.5798
33.8312
86.3827
78.779
31.4656
75.9934
54.3714
33.1602
42.6233
49.7798
81.3165
133.4038
29.1978
33.4643
161.5347
130.3081
46.7703
105.9447
39.5907
53.2418
52.6274
35.9744
39.9238
84.6889
41.0502
53.6569
51.4679
27.4775
119.3921
64.7627
125.588
27.2191
90.3905
47.3887
66.1335
30.2134
57.8185
53.3706
184.3906
70.8748
77.4324
52.1596
116.501
62.7536
51.2385
30.9496
56.2704
50.0271
89.1516
41.9409
54.4818
100.9355
49.4072
74.8807
42.7103
43.1745
100.9633
56.3626
60.7452
92.7409
66.3499
87.9177
41.7469
79.7967
76.6679
45.846
60.8169
37.8677
94.7276
45.3768
35.696
68.2258
50.6912
55.7191
68.8161
70.1421
77.4377
63.6028
120.5413
44.1879
75.1132
67.147
83.6744
81.373
55.3457
39.4511
103.909
103.6181
125.9322
32.8739
125.486
55.7835
91.7932
29.7946
31.6499
97.0642
105.3156
153.8635
42.4179
83.6351
69.6303
43.8702
77.9393
54.8821
55.2566
75.6237
65.3901
63.7307
23.9993
129.6166
79.7541
71.8899
59.2872
61.1178
67.9447
53.7918
66.568
51.059
32.6743
136.5863
53.7647
36.1264
52.3217
73.968
147.1073
89.9998
73.9538
58.2117
41.8822
94.915
63.0065
81.7967
82.675
46.3615
65.8566
74.6898
115.3026
67.3499
86.9091
56.9168
51.353
23.6954
67.9668
46.7318
33.7388
172.0703
55.5376
64.4312
102.7078
66.0626
62.8871
66.8097
57.2877
45.1402
38.7016
61.8087
46.4525
39.8193
58.0791
91.5241
54.9197
65.2006
40.1422
66.4434
101.2827
107.5897
106.9444
44.3652
55.1903
44.7482
93.1843
28.7021
84.0243
41.5229
63.9538
62.9208
77.1695
85.071
33.4451
45.356
127.1967
42.2487
73.4016
102.4315
30.0047
62.0881
80.9653
68.4106
49.5384
100.5938
38.3508
52.7101
42.9628
53.4154
79.5437
55.7671
54.169
58.1686
45.191
63.1101
144.5527
67.1198
91.1802
66.1172
111.4642
68.2489
101.6335
68.0314
65.3056
56.8528
105.2111
60.351
69.2015
97.2692
78.3551
85.6232
84.168
145.1725
120.7241
41.8756
50.3784
104.6868
68.0616
101.5465
50.7017
61.7302
54.7159
55.8551
69.962
37.2598
46.0931
82.7862
44.9212
76.4271
51.3522
71.2021
102.6513
97.0553
124.4349
66.2271
71.8733
113.3273
45.1839
62.0446
38.6403
76.5352
78.189
56.8174
51.3964
31.6131
58.4579
60.5693
118.6906
143.5446
143.0641
46.7146
28.7104
65.5856
52.3658
54.5684
65.4087
56.6681
43.6113
70.3152
82.6924
82.7462
53.7331
66.4944
41.3042
102.3828
61.5031
96.4514
38.9848
73.9833
67.577
46.374
54.5636
45.0455
95.6574
48.67
51.3001
82.2807
31.3579
106.0391
116.2511
54.3486
71.2969
70.5559
29.853
98.0027
103.9101
43.2035
62.2914
39.189
55.4504
83.5818
50.2312
53.0089
69.3422
102.1976
55.747
84.2418
79.0902
45.3407
54.4499
77.8127
51.5225
53.1278
105.2189
109.7991
94.2376
42.3824
99.5989
52.0794
109.1806
109.6438
35.2158
87.1511
32.568
57.5342
59.7043
39.9113
98.3507
