73.4767
125.8014
74.6746
89.2059
72.7455
60.2537
82.0867
114.6958
75.3402
145.8503
149.5858
94.5602
44.3213
100.8712
105.9523
65.2641
84.574
73.4426
47.3059
96.4591
55.1048
70.3537
77.7566
75.7694
97.7422
86.0911
65.8111
78.6859
180.1661
107.2554
121.7308
84.3973
86.4998
63.9332
134.4971
135.6341
70.2866
58.6224
96.0616
80.9851
147.9381
62.7786
48.4885
75.0071
53.9018
45.4561
34.6364
113.6131
104.8753
92.7826
87.8557
88.6079
56.8985
58.4407
53.2022
78.1422
65.389
54.3712
45.0866
69.8345
50.2436
124.2125
124.3863
84.4052
50.0607
82.0868
73.7224
64.1996
49.8511
61.4049
208.8531
68.1017
69.0461
73.5147
99.5424
139.2524
51.6296
68.5786
50.8155
82.6938
128.399
74.6148
94.3646
39.8122
102.8691
42.1011
47.1271
56.7347
61.1162
68.0208
78.1268
77.4312
42.0567
61.6188
91.2065
68.9092
68.8378
55.3795
83.6431
50.71
77.315
137.2449
72.0203
60.6828
49.8147
108.6705
168.9655
88.5064
79.9939
73.5275
78.7459
72.765
68.4328
90.0877
56.7457
82.3854
40.7821
86.6311
65.938
93.9005
85.8032
87.874
111.794
64.3556
58.4226
103.5904
53.0739
82.7672
107.0925
41.6948
69.4612
85.7512
158.6908
124.7341
72.5179
52.5631
80.1951
168.6309
103.4358
116.1265
118.8337
71.6061
42.6965
95.5228
61.4591
123.2439
105.9493
52.9706
64.6642
86.2419
113.2035
56.5586
64.6872
83.3301
83.1403
39.4754
58.9196
96.3725
92.4712
53.1782
99.6514
54.6485
72.5027
80.0867
50.6785
76.1289
104.2437
56.9071
67.3289
130.6073
72.7164
58.2659
145.527
92.6976
105.8984
63.1329
81.0293
102.6836
80.2048
87.5067
139.3007
71.8502
102.1115
109.9724
52.2574
93.1283
78.4566
59.6877
95.7492
40.767
53.8859
46.1621
117.9109
68.4303
63.3777
38.9881
69.1153
106.4867
127.1241
63.3009
52.1389
115.4727
82.6904
72.6673
93.9314
118.9894
94.3078
46.2735
69.6712
98.9503
97.6619
56.6808
54.0085
61.9531
134.1827
104.8404
90.5244
55.7826
50.4331
81.5863
62.0919
83.6091
51.1452
104.9862
46.7483
40.6439
93.7789
50.0665
85.1896
53.7256
87.4501
83.1914
82.8015
65.2695
83.3077
105.1901
64.1948
78.7904
94.8308
61.2912
86.7717
66.7791
116.4891
102.9674
75.4879
176.3687
48.9627
83.6295
90.5848
138.1051
81.5069
50.2989
102.6321
118.4549
98.2025
103.1664
96.9369
104.907
85.4772
98.0519
66.8379
131.4791
49.9688
81.1078
75.6617
64.8028
68.3943
43.0815
50.5392
37.3851
57.6741
94.9144
69.9548
69.4036
91.5889
113.8273
106.8718
65.7247
66.9301
91.1052
86.2978
68.5825
79.343
100.6075
59.8996
102.1575
65.318
97.1914
81.9676
33.2286
40.1302
103.3958
64.9342
95.6802
48.8573
70.0757
89.5934
119.785
100.5737
72.2949
67.209
165.6438
107.6199
75.6445
69.3785
70.0373
102.5834
69.3913
51.6797
73.6065
113.4893
53.4105
61.7364
67.5286
30.9309
89.8783
66.0013
99.0218
104.77
79.3053
70.8401
118.905
58.2273
103.0902
51.1457
128.0908
106.3895
85.4334
78.8191
86.8435
71.0675
72.5409
60.7673
80.6418
65.3601
49.4165
92.0478
100.7171
49.3935
99.2097
108.0377
51.6856
157.299
54.9112
54.4777
51.3242
81.5055
129.4812
49.4452
122.4867
101.2664
58.6043
52.9616
94.6315
67.2387
61.0102
117.7167
89.187
59.6625
24.0328
119.0727
66.465
99.332
79.5964
63.3015
110.6556
103.9241
71.0408
88.2939
104.1857
105.5382
52.5295
75.7619
117.7114
54.01
123.4702
80.8267
78.8356
136.6106
76.0861
83.1416
77.3983
57.9478
103.623
139.9575
72.8211
50.0041
75.9898
179.6378
62.9265
95.0605
77.5283
30.9684
70.5387
72.3231
121.1925
150.904
43.0515
50.6651
62.7122
97.6161
87.1213
85.3149
152.5245
146.275
81.8032
79.727
79.2587
52.4938
84.9898
70.2163
166.525
128.8516
42.7363
98.7959
142.0343
106.1567
110.4322
100.4798
95.3422
94.6701
39.3615
92.049
55.727
69.1999
54.4004
92.6321
68.572
50.2883
98.686
83.0675
83.4352
115.618
115.2499
98.0305
93.6636
83.7181
75.4048
101.3936
115.4886
102.7739
131.6017
91.8713
86.6058
71.1604
86.3301
64.1661
85.9145
81.1571
62.297
66.2718
77.9226
72.9079
52.5013
92.2111
90.1536
65.372
122.3093
160.4391
85.5664
50.5473
54.5804
65.85
39.089
116.9755
115.4963
90.3367
73.5054
145.7187
91.1466
121.8928
84.543
99.1768
140.7577
38.3552
75.6084
58.7666
76.1054
125.3432
90.227
110.2834
60.5123
78.9468
83.7115
97.9771
84.7508
146.3836
114.1518
70.0297
85.3291
71.3961
68.2181
55.4657
95.8229
82.6059
141.6627
43.638
63.1265
62.1407
168.6261
64.0956
54.4254
42.7124
79.2209
51.0819
167.2048
71.7203
135.0791
43.8278
88.726
62.1646
82.4803
60.3044
123.8568
83.7851
98.7071
109.2951
62.1369
97.4571
82.339
94.6314
81.5633
84.2114
80.4803
41.3086
84.6683
64.6299
157.0086
107.0662
53.1437
86.6052
72.7324
120.0103
117.1909
98.7416
61.9803
49.47
91.181
73.3273
114.0408
55.3514
93.9207
107.0793
100.8253
125.3137
47.0996
80.5814
66.3032
81.6127
87.1937
60.2671
64.2349
56.0653
55.5095
108.3969
147.2965
59.7726
49.8215
52.7693
63.9885
81.4567
118.9186
101.993
133.666
89.5143
100.8706
144.4938
111.2267
114.6941
70.0594
72.8109
56.8982
58.9988
78.7535
72.4815
83.5388
69.2815
82.9196
85.2304
103.7095
164.0327
82.9687
84.0063
78.7678
137.1467
96.8895
31.2317
68.8395
97.6644
77.1003
117.4674
48.9326
106.2525
72.1143
72.2913
92.1423
66.0984
99.1361
83.8096
65.3345
90.6331
69.5529
79.1895
60.6101
33.2775
63.8749
92.9385
160.2273
74.5892
108.6767
61.0201
94.767
80.2253
100.1728
73.3207
80.1766
104.2293
116.2016
56.95
65.0275
86.0272
106.7365
77.7497
100.3026
107.2645
57.4133
84.818
91.3559
71.3788
105.5187
57.4189
71.0517
111.6078
70.6412
55.7784
100.1271
51.6005
41.4235
29.9316
68.8578
72.9601
80.7941
96.707
80.0458
119.3731
63.4463
46.0276
97.2041
64.461
77.3331
85.7091
87.3225
56.5558
45.9549
68.2283
67.2535
63.5084
79.7458
53.3779
81.5939
65.2452
68.5887
80.2374
111.2427
100.2793
93.0575
81.9045
144.2958
109.9885
94.7617
45.4271
107.9476
73.8547
41.2397
33.0261
102.0747
53.4767
72.5907
41.7867
74.4022
78.6206
61.4171
142.7731
55.2658
59.7601
66.7911
92.097
67.7358
56.8806
44.3808
97.5957
93.1038
70.9999
65.1792
102.9613
112.2484
58.4435
61.6811
83.1736
90.1203
54.4502
88.9238
108.437
65.3037
120.849
66.7645
104.4378
59.4803
75.5821
88.6004
105.3324
71.9986
81.0506
92.0339
108.5793
112.2959
78.966
102.0708
85.5786
66.0469
102.4366
51.8522
136.6849
71.3592
95.2017
62.3156
69.1479
61.128
79.6398
96.1529
88.269
78.8656
131.9606
59.6063
77.8054
93.6765
133.7926
64.3355
96.8074
55.1918
43.668
83.9077
149.7781
69.7473
129.2739
64.8404
75.5027
84.8434
65.0054
79.3003
60.9846
85.975
125.1942
103.5162
72.2531
83.1994
63.1352
95.391
91.924
58.0911
56.8071
71.3536
85.3416
121.0017
73.1968
99.9092
97.8266
75.0943
89.9158
76.4978
45.4557
35.1263
101.6257
55.1676
95.7497
81.839
78.5282
87.954
65.5708
56.677
130.5531
114.1101
65.6345
53.1734
60.5437
75.5171
105.1693
66.8648
69.1611
73.3994
60.3523
61.7529
45.7881
51.1013
133.8826
105.3241
79.1539
112.3364
101.2811
39.2585
82.8762
93.5179
104.113
85.8273
67.2409
120.7662
61.4126
107.7197
142.8804
99.8112
122.1569
68.0825
73.4961
89.2434
73.3628
67.3893
68.8461
95.6995
56.7697
99.841
65.2661
66.925
75.0107
55.1656
96.8976
152.3191
82.1128
86.9582
64.6079
65.0829
85.1218
26.6561
87.8313
51.5774
84.6292
73.0689
92.1786
50.4318
96.0681
98.5639
118.8247
56.6646
80.4972
155.6631
89.5788
80.5969
109.3747
51.8731
106.0941
49.5661
80.4895
96.5192
124.6751
79.0493
63.5432
118.1034
77.8103
127.5665
102.3407
79.2598
86.698
78.915
67.9152
81.6082
51.4318
84.399
60.7842
68.9027
118.9967
55.4363
85.1823
98.2693
90.5453
68.3442
72.8462
70.1012
70.5535
40.4301
43.0717
131.9656
100.3077
96.5969
73.212
89.1975
69.8517
113.3252
118.7605
122.9809
69.3289
57.455
67.0416
112.1824
106.5204
64.2545
76.1567
62.1036
74.6398
123.3146
62.0435
58.3294
107.8799
55.6356
98.5253
58.0127
49.5503
64.4074
99.5465
57.9641
106.7606
73.1314
99.4229
88.4709
102.1898
83.6872
97.2942
66.5777
81.9036
77.4971
41.1572
53.3297
31.763
80.7844
69.4327
99.3984
99.092
45.6021
64.0728
67.755
98.5014
88.4714
75.493
75.9219
105.9809
76.4531
53.6066
119.7113
45.4591
128.3627
79.7283
64.8389
53.8828
98.3514
125.2067
79.9224
43.4397
57.4308
78.2421
55.5525
88.0911
132.119
97.0225
88.706
123.6801
107.2332
59.5386
139.4594
126.6041
117.05
78.5242
108.6157
56.84
104.8721
78.4887
74.1574
157.8453
64.7961
103.2285
65.1384
103.6582
95.6957
51.7505
96.2726
81.6459
135.0704
99.0373
97.7884
111.3099
121.0714
74.9952
82.2901
105.7605
49.8449
69.6107
84.967
71.0716
63.9092
35.7229
67.655
108.4269
132.1643
91.3562
40.4095
114.3768
105.4247
82.4768
120.9716
87.2253
104.1232
86.7053
74.6971
