97.5937
75.5914
87.3984
85.0883
87.1053
83.3626
110.2366
89.9661
82.9011
100.7855
88.0413
96.8975
88.4432
130.8056
87.7559
97.3718
80.2506
82.2952
80.7765
108.374
91.333
84.3652
91.5428
78.6942
72.6993
106.6958
101.7296
103.4895
92.4049
87.3946
84.8666
106.3691
84.0314
98.666
57.9164
104.178
120.2573
116.1953
112.3021
85.0178
87.0723
115.8292
113.6401
121.8278
99.2406
98.003
80.5724
90.0653
78.725
110.7318
96.8433
82.0403
79.1268
99.1287
92.0586
93.5612
107.2636
59.1384
68.695
83.7881
85.4876
109.4288
68.404
84.4565
102.9841
110.2622
76.7789
95.9684
91.5867
68.9093
105.7658
88.1971
123.7242
75.8875
77.5494
89.2797
85.7049
97.3374
115.3134
86.8033
82.656
125.7144
111.7417
76.567
90.7625
101.2706
111.1159
95.7385
70.8185
103.3601
104.6498
62.4989
85.2195
82.602
111.2684
85.1444
95.6601
103.1198
57.4179
83.1479
87.2071
78.8679
76.8814
77.1413
90.9549
58.7206
101.4113
109.0289
101.3585
103.8433
94.4515
93.6048
88.3906
101.9935
83.8588
95.9851
90.8973
122.4146
99.3969
107.7977
96.3821
129.1572
99.0351
113.0608
87.8987
128.5185
80.0314
106.9188
83.4797
81.328
87.8624
73.8481
56.1699
105.6637
49.5258
77.6501
75.9441
82.3236
85.6394
99.8021
104.1284
143.4537
97.6049
100.7946
104.4185
89.2958
76.3948
101.6941
98.2435
112.8058
89.1326
77.5995
87.9864
95.5228
110.3865
83.9056
95.6719
109.2749
101.6235
94.0613
109.6125
86.6512
110.8437
75.8426
91.9292
96.4834
99.0601
119.5073
109.2514
118.5378
106.6859
130.0472
68.5541
94.7604
70.4688
122.377
85.7459
86.5418
109.1984
104.4979
108.1333
111.0797
99.7277
101.4192
86.3832
91.5568
78.5519
74.6613
88.7551
91.2321
110.4363
96.0277
143.7888
84.1652
102.502
84.9323
68.2645
89.5495
78.1765
81.4009
73.8635
91.5034
76.8524
92.8373
78.4188
108.2576
94.7024
94.7315
115.8452
85.2236
78.6582
87.932
86.1042
110.2322
87.9169
77.1216
88.9744
90.2169
88.3065
59.9592
90.4306
90.7717
97.6046
91.9524
66.0379
77.6692
110.3662
76.2991
78.5188
100.1579
56.5609
84.9788
79.7796
85.9906
86.8917
94.2585
93.1525
98.2479
100.9105
93.5308
117.3718
103.9789
106.541
74.8284
99.7472
76.5808
101.6167
94.3464
92.5112
83.2911
93.9637
100.6664
98.9487
122.3813
97.4252
101.7561
66.9061
86.585
84.859
58.9256
81.1011
100.1167
113.349
106.2287
72.8643
81.5293
84.8977
60.0397
89.0664
95.1334
95.0073
69.9615
108.2165
87.9935
132.4245
96.276
90.4891
102.9727
97.7372
75.7039
85.3778
59.2643
73.9368
104.2932
98.8973
105.0124
76.8239
88.291
84.322
88.8115
73.2801
92.4407
96.5556
92.2675
104.8552
93.4462
84.6894
95.7907
77.5209
78.0947
97.0607
85.8329
74.7736
79.2594
96.7721
62.2377
99.6206
90.1356
95.5676
60.8524
84.0899
54.8592
123.5512
79.7709
111.3425
82.0674
74.4704
82.7391
100.7793
109.5649
105.0519
75.3128
128.6574
92.9802
72.3396
109.3418
98.447
86.755
92.2148
51.3056
135.9639
108.0543
106.0737
99.4382
88.8606
48.1095
89.8585
88.4383
115.2538
78.9148
96.9586
86.6577
88.4476
100.7876
86.472
118.0674
86.6722
90.5055
81.9691
79.1149
111.5865
107.4705
114.1624
96.1506
117.5502
76.6382
63.9286
97.2402
116.8187
106.9365
95.0071
99.3554
112.385
101.1657
103.6178
126.6746
82.5458
127.9101
99.2609
72.7969
155.0131
107.5861
100.0318
90.2589
73.494
98.5807
104.3279
93.1646
86.7142
92.1267
95.9305
81.9804
96.2594
88.3118
111.5912
79.428
93.7818
130.3204
84.2234
75.4621
100.4407
75.8607
70.1729
74.4643
75.2868
93.0343
94.0507
101.092
96.4558
68.2894
91.8439
83.458
104.1425
81.8428
104.5513
60.1042
94.5317
57.8279
93.0454
85.5502
113.6537
90.3871
98.6434
113.2648
92.0914
96.4118
82.6867
83.2716
110.5745
104.636
83.9241
101.5604
107.0782
96.3269
81.5499
96.4295
68.3179
83.5308
71.5145
95.1536
78.5134
88.6904
97.2146
97.0573
87.8603
72.3093
81.1844
110.332
84.1323
96.4441
98.6598
94.4243
107.2103
110.0418
94.9773
88.464
72.1419
85.9152
117.8783
79.3155
83.8405
67.338
76.9167
103.7867
95.7993
59.8697
82.3463
103.3294
113.0824
116.7146
115.2393
79.1146
77.9469
97.4857
113.9758
86.5263
110.3346
98.2376
104.5993
82.2052
95.0384
86.0886
76.3456
103.2718
80.6615
108.9998
137.3178
57.797
98.1814
104.1
150.7018
91.9338
97.9688
104.2122
114.2978
74.7972
121.4071
97.809
100.4886
87.9294
83.1491
133.8441
86.3866
69.6719
93.3565
124.8635
104.0285
69.1906
104.606
95.89
93.8583
90.5955
96.5615
96.0785
100.2271
77.3674
106.9937
78.4314
85.4967
95.4303
95.6172
82.111
81.2092
77.1467
101.7854
78.3719
99.3766
98.0949
76.1305
85.8549
70.8564
83.0662
79.7495
127.9486
109.3594
87.0549
58.2041
68.0491
82.7662
85.7239
83.1333
56.6184
96.4874
55.1843
91.8394
79.7321
83.8573
111.0383
78.862
68.9037
97.4947
152.8442
112.9265
108.0313
83.4437
111.0027
91.5021
69.1605
86.5331
59.3658
91.7944
93.4837
111.4084
143.9357
76.4944
74.0828
92.9065
75.8381
81.913
91.1821
111.0407
103.7522
109.8986
89.3445
90.2604
98.6143
88.7242
96.0572
82.432
77.8696
101.7425
85.2123
68.3077
64.4089
112.5909
116.5064
101.7562
85.8923
85.7729
99.1113
80.5209
94.276
123.424
104.6354
105.3119
94.8013
97.2054
84.1482
95.4353
71.0012
89.592
85.9113
117.1264
98.7615
114.5616
116.1818
81.5855
83.7446
75.6826
108.246
94.5158
92.4245
118.7399
85.484
100.4403
73.5522
95.7188
109.5831
77.3515
87.705
89.1066
80.3726
112.5839
50.9797
84.3713
86.5546
106.4229
65.661
84.6744
113.7502
92.3105
90.5853
94.3558
96.8538
111.5948
77.9339
101.37
91.2613
88.6553
96.1675
110.9249
88.6081
106.6089
81.5038
83.641
85.3272
92.9063
75.0809
89.0652
77.6893
100.2499
76.7128
85.1457
71.7518
85.0612
95.6714
100.0548
92.809
57.6374
96.166
103.6468
75.6223
82.1173
88.4705
125.3708
99.6514
87.7785
97.133
82.6789
83.5671
88.1536
110.6867
69.3961
95.2093
96.5603
77.3051
75.9165
97.0073
93.2077
79.3279
130.9451
72.9395
76.5056
85.4303
94.2281
95.7748
87.7877
123.6727
108.67
71.4317
96.3515
89.1046
98.6445
97.6868
64.8121
71.2006
87.8282
91.4912
90.1528
81.379
81.0495
80.4342
95.4541
97.2498
104.5155
102.8001
94.6857
87.4722
63.755
88.6671
91.4325
90.5761
72.7948
103.0122
120.6757
96.7053
91.6422
102.2465
104.8981
75.7953
123.6114
105.2888
105.3348
87.3548
101.9747
99.027
104.1342
76.3225
123.6124
130.6671
76.9239
95.2585
93.9841
87.0145
78.2558
103.7132
103.8265
81.8474
110.5118
62.5954
102.1999
111.0769
79.6518
102.7756
147.6653
87.2465
94.4935
90.7912
109.2474
94.1076
87.7595
106.4003
81.168
82.9177
130.9285
75.7064
95.7483
111.6998
65.4265
112.9971
69.6998
105.6563
73.9304
112.7308
83.6832
93.61
94.1933
76.9354
81.2874
96.0599
122.7687
88.3446
60.3907
92.2985
107.0317
77.3492
98.2142
73.3276
73.8953
88.9079
96.552
95.8062
85.574
97.3456
86.1967
78.3933
72.6833
121.9079
109.9892
66.4599
96.4591
60.4375
72.2203
104.3146
91.1738
110.712
113.6253
82.2233
112.6657
147.4969
81.447
115.4678
74.096
103.8274
106.899
82.2841
87.0001
82.5411
76.5332
71.788
60.7075
92.9035
96.3897
86.4319
120.1193
94.3352
101.4721
95.9888
113.0851
97.5398
103.8426
96.7912
103.292
110.6984
55.6763
57.3902
102.2273
89.3299
88.6828
91.0009
104.1916
70.9602
92.3171
96.5996
106.6109
89.1081
93.6944
109.7908
93.3223
84.6904
79.0456
102.9953
90.769
78.5808
89.7958
56.3474
99.3308
88.6012
109.8186
83.0855
121.6352
80.6223
94.6662
102.1878
112.9083
91.867
88.5291
100.1498
120.3273
91.4987
90.3367
81.5772
99.4028
135.33
90.3662
98.8541
92.4761
102.1548
63.6232
102.2779
71.7135
101.6494
78.4918
108.213
90.334
102.1321
103.1552
79.0701
94.1674
51.3789
113.5039
93.8062
88.8651
100.3098
114.2915
83.549
99.8084
81.7058
89.9049
64.7299
71.0945
83.2869
86.4235
79.1093
89.7278
70.3333
126.3949
118.2205
81.747
77.7728
99.0617
84.0112
77.045
109.9056
98.051
85.4
74.226
107.9037
110.7249
108.2141
110.4416
93.7783
104.9581
99.2528
112.4409
89.628
76.3372
88.5443
84.4779
80.535
68.0199
117.3207
104.1725
77.8017
98.2444
73.2813
104.8301
110.7095
87.8633
113.3846
90.2575
96.5294
70.8156
82.2444
72.4693
84.2978
78.1927
83.2672
88.3053
90.515
116.1816
90.894
92.2453
118.8133
87.0323
99.6441
86.1186
79.1738
81.4405
92.8515
81.4057
101.9339
65.8573
97.2144
75.0025
71.2009
91.2764
80.6471
115.2117
110.3741
100.7074
88.5191
109.2905
77.5855
111.9002
82.7405
79.6206
85.2727
86.4763
80.4186
87.8756
87.6804
86.4386
85.052
90.0652
100.8916
106.6319
95.3867
86.1884
65.4358
76.6744
80.5387
97.3396
81.7417
97.4911
86.9231
86.6903
82.3035
93.0848
112.9045
75.9197
85.483
116.6642
103.5412
81.3537
79.2825
89.2011
93.477
85.1933
89.2168
79.4847
109.6343
109.1351
57.3743
86.6437
116.0267
101.901
80.374
71.7186
93.6802
