83.3715
86.3125
117.1842
79.6022
87.5921
94.4703
88.5261
76.138
89.8684
77.134
97.9521
97.1798
78.5173
97.1958
93.0882
112.6021
91.3499
80.7765
115.2259
85.5604
97.5759
80.9106
101.1314
116.307
84.3423
109.8995
96.2389
86.8055
107.319
93.7217
87.4289
94.8596
88.6972
82.7011
87.8661
113.1598
98.0669
85.4743
117.7037
99.3711
93.2601
112.7384
107.5916
99.2191
76.893
81.8134
101.3781
99.6747
68.6271
79.9554
77.0335
113.6217
97.2744
107.2636
118.7705
96.025
95.0624
63.3924
91.5586
121.1191
98.1449
95.3188
98.2549
92.0325
101.3189
108.0725
77.6214
99.4814
102.9911
88.4441
106.6285
91.6204
99.0816
97.0748
107.0086
90.3327
73.3686
104.3221
95.7117
102.0438
89.527
97.9563
100.5315
93.7036
86.3216
94.7894
87.8033
104.0242
107.4559
68.2214
84.4019
81.9747
102.5786
90.3101
86.3389
78.6113
103.4178
104.8449
111.3401
94.2159
82.337
93.7121
108.8913
104.1735
69.8719
96.7509
61.4713
122.5842
92.4079
70.017
87.949
104.8674
78.4102
89.1803
91.7039
82.8678
96.3803
93.3621
80.0257
89.4501
84.0826
107.5054
96.9945
87.6098
84.9548
100.6336
92.3219
95.2351
107.5828
90.0192
97.6347
102.3476
99.9682
100.7928
64.8313
116.8584
101.8061
109.1758
87.436
78.0781
62.7871
79.3847
94.5551
58.2225
92.4264
68.1268
85.9299
75.2306
79.2967
111.4768
96.8715
86.5599
90.5467
83.8638
97.7186
89.5784
104.5314
124.9241
78.3516
66.9554
116.0791
109.7087
100.7061
85.9294
112.2798
93.705
87.7025
63.8284
103.2716
71.3259
85.7175
79.3581
96.3215
82.8746
82.8533
80.1384
90.1748
119.6448
86.4271
91.2321
83.3942
92.0279
85.476
72.9021
100.1766
92.1632
107.3452
105.4674
101.4536
110.5251
98.7659
120.2451
84.4339
79.1872
98.4238
111.4499
92.4132
115.8452
101.2293
103.456
95.4251
89.5311
97.2627
114.9449
104.3927
129.1153
86.2689
86.0654
96.6707
90.726
84.1171
88.3745
98.4218
97.0305
91.5274
76.2991
91.6792
99.1119
92.9857
120.9207
87.728
106.3134
54.7567
94.9479
70.35
90.597
82.8875
115.402
104.2751
85.8919
65.7295
100.3639
100.4971
101.6167
85.0592
67.9822
66.2488
103.591
119.315
66.5562
89.7197
75.7149
87.3885
108.3067
75.7895
123.6493
87.2607
95.1719
99.8936
80.4755
102.4507
79.6449
90.4919
98.0613
76.8966
83.5419
97.5051
112.4369
102.0518
91.8614
98.4705
90.7635
105.4559
106.3568
83.1224
99.9436
126.2135
86.9006
109.1932
98.8973
98.0206
78.1612
94.0886
73.3966
87.8734
113.1979
104.1741
93.5607
66.5613
64.2735
117.2875
92.4534
98.5856
108.1599
42.7642
100.6046
117.8375
79.2594
110.8685
72.6564
93.7769
99.6041
81.3016
96.593
129.0336
87.845
83.9442
107.4291
104.3378
98.5199
115.5447
125.4487
87.5797
107.0203
100.1879
128.6574
97.2038
89.0974
100.7462
89.7179
91.1641
75.6553
85.9896
95.6729
81.9595
96.0854
96.0635
78.4608
91.7062
52.0508
101.0053
86.4274
110.7867
80.4689
81.8393
77.9203
106.3348
96.4542
67.7449
99.9658
84.543
104.4075
74.8594
93.416
103.2482
104.7184
91.9079
83.05
65.4442
94.2693
113.9524
92.4074
116.3505
76.3568
115.4828
99.2123
95.274
95.7624
83.421
90.5341
75.8159
73.4938
72.3437
90.5606
115.0716
80.9633
98.5012
99.3874
99.1064
105.1677
95.6418
114.7301
123.6661
69.2708
91.2712
89.7733
65.1453
84.8905
83.8769
76.6022
58.8694
111.8292
78.099
81.6376
89.3114
85.2868
103.7648
116.7528
67.2556
119.726
103.1823
98.8784
96.1186
90.0739
100.4505
70.8592
97.4411
92.866
83.9306
103.3387
87.5575
80.9765
98.2002
102.8421
81.2149
100.1443
76.5219
97.9283
78.1958
116.5605
82.8325
65.709
68.5241
87.2273
115.8518
94.9734
79.8425
89.7683
131.649
99.4827
98.5469
95.6583
90.7558
109.0228
81.8427
114.6186
107.9141
80.3131
95.6974
77.5886
97.8823
107.8212
80.1429
114.7796
103.0508
105.4401
88.4481
99.4101
102.0073
97.5278
84.0477
59.8697
89.5877
96.7142
103.2577
100.0138
65.9954
93.2087
81.8829
98.2046
103.1152
85.4915
84.4123
75.8761
138.6679
88.9152
92.9288
85.7699
104.9078
80.6615
83.3813
88.8478
109.5624
95.0809
76.263
111.3917
56.767
93.3434
88.0217
109.9948
85.1824
71.9912
91.5432
100.7616
109.0082
78.7562
88.788
69.6719
112.7793
94.8623
111.9297
98.3112
106.591
105.9822
64.4653
75.1459
80.056
83.9518
89.8799
80.0194
93.6055
112.9948
88.3049
82.6519
85.7206
96.0987
110.7987
109.588
101.9826
123.9784
90.344
94.3877
92.3377
119.0262
93.5984
95.3324
104.2346
118.2253
110.8963
54.3377
91.5576
52.6252
90.5256
56.6184
100.6048
109.5079
67.5514
99.6486
80.3966
110.7253
94.2358
109.9389
99.9213
94.0288
93.9936
87.2911
106.1992
140.3413
78.2942
72.9315
101.8582
117.0831
96.6084
92.3717
80.1731
70.1204
92.1209
104.7984
111.7646
98.9261
106.7643
81.6749
110.3227
106.5743
77.7436
87.0837
111.3347
85.3894
101.3122
77.8696
91.5158
84.8488
100.8079
126.117
90.4259
103.3729
95.6043
92.2758
109.4176
107.4105
111.0352
106.9797
100.6374
78.9699
106.4352
68.6626
121.1194
95.4353
71.4598
60.2412
77.643
71.7404
105.821
106.7286
85.2503
63.7733
108.1971
87.462
112.6935
86.0549
68.0358
85.9741
95.0587
68.3105
61.978
71.0004
86.9419
79.2101
72.5796
67.5987
83.8603
91.1311
88.9593
93.9628
120.9019
112.3941
96.7916
108.0374
78.53
111.4652
106.9075
92.08
106.479
101.37
102.7871
79.8689
112.5408
84.3312
86.8994
100.4062
107.1769
82.5311
112.7655
92.8904
95.3991
79.9291
83.8548
93.0322
92.1445
95.0898
110.2367
95.6714
85.4775
92.1283
114.1749
62.9244
98.433
89.2001
75.5716
78.5298
79.3586
88.4579
87.8138
85.0513
82.6063
110.8674
90.5181
75.2749
91.7587
96.5603
89.0598
75.942
119.3057
81.9918
76.7704
105.065
93.1444
102.5005
81.4629
90.4095
92.5468
90.7029
75.289
113.3812
103.4587
99.5533
70.846
109.4547
94.1765
95.6519
79.7099
81.5771
84.2907
95.0149
96.3917
87.4184
78.6982
80.8583
96.6477
92.3676
95.9342
98.0798
82.9662
85.3469
79.3977
72.7948
85.3196
97.5834
91.2895
97.936
74.5061
96.0794
106.4041
105.9586
96.0438
124.6495
83.2385
111.9502
98.4954
102.9497
111.246
103.7103
103.102
91.3179
88.2741
85.6367
97.9539
102.8264
97.0192
84.0709
96.4001
94.2144
81.0979
102.7283
102.7742
67.8294
102.5225
107.6738
101.264
117.9339
93.9512
86.6079
89.306
68.8772
116.4779
98.0511
87.9805
90.3943
92.5226
93.3035
79.3354
102.4598
68.2668
106.6938
88.3874
79.4668
86.5481
89.4075
65.6182
103.0206
81.4646
102.0646
70.0443
82.3083
89.5132
90.1466
92.7153
98.8756
92.9111
112.2906
97.4059
82.0202
94.6199
90.4226
84.1242
106.943
78.3301
109.9892
76.889
107.6638
100.619
99.2709
98.5993
84.2322
101.7541
96.8998
119.2542
79.4574
85.0722
76.5336
71.8892
80.9559
94.2028
90.3075
93.0769
61.5292
100.2612
98.5653
71.943
103.2032
112.0698
122.8479
100.3156
82.1801
108.5658
103.5631
75.5725
96.1512
80.275
93.2346
53.3714
71.5523
97.9753
102.2273
106.8709
89.4004
88.906
95.8874
133.467
94.374
90.3977
74.6332
91.3725
112.2495
108.6804
90.6265
117.413
82.4659
101.6899
97.8193
80.6133
85.3315
83.9615
75.0726
99.9943
76.4325
102.7154
89.8498
93.5562
106.2093
89.5224
100.3246
81.366
90.0345
103.8812
80.0914
104.4638
104.1748
97.3475
90.3662
89.103
77.4776
104.6387
80.2811
107.5099
78.2138
73.1552
91.5548
69.3005
108.4408
124.2399
86.6473
90.9049
87.2757
98.0591
109.7869
107.3718
100.3098
71.0705
72.1073
79.5439
82.9054
107.7156
107.902
77.6433
99.8659
97.7516
92.7079
110.9999
91.4451
64.6833
103.5824
67.4836
117.5872
93.1847
77.045
101.6252
78.1266
122.0306
97.6985
106.7806
81.2788
95.3759
98.7135
63.3925
102.4134
116.9083
72.0617
74.8333
89.4444
89.2261
82.9513
107.7467
133.3184
86.0304
94.7414
87.7282
76.946
94.2033
73.9968
89.9641
101.211
89.653
98.765
71.8171
91.9244
102.623
113.3211
88.7711
78.0547
108.7823
91.5753
87.3505
82.4824
104.285
118.4948
89.2446
110.7427
103.0026
84.2337
115.7108
86.0289
89.6273
99.6276
84.478
111.4919
98.5272
112.8434
108.9139
88.6725
102.8225
84.9114
75.8585
55.6824
105.6924
104.3643
108.4696
107.1994
98.1403
100.3155
127.9609
107.9935
118.5971
105.8548
111.6128
87.2992
99.6998
86.1884
95.6956
129.6206
98.3357
78.2535
90.7055
106.6698
101.5199
116.5457
82.8887
118.2587
92.0692
108.159
90.6766
71.9333
91.2182
65.1666
96.4972
93.477
78.3851
118.3021
88.4962
106.3996
87.7889
121.0901
87.9785
78.545
100.0755
96.8164
96.9966
111.9545
61.5692
114.1714
101.7506
108.7984
71.8086
106.2054
89.8295
85.6461
122.7939
100.069
92.4298
111.1542
95.6678
125.0048
92.66
89.3448
75.5964
82.2089
111.3093
94.3434
81.1864
68.6117
100.5661
102.1363
94.2984
100.4888
101.5015
92.4794
96.4037
104.0586
106.2828
115.8621
106.0343
69.5166
93.2204
101.2551
62.8647
84.9643
80.2424
69.726
96.6945
122.7913
75.3161
103.2586
91.5971
61.9886
89.4327
89.8235
98.9013
85.4148
104.9551
77.5617
