0.061922
0.014687
0.017892
0.03911
0.050718
0.091403
0.1172
0.39922
0.021187
0.016801
0.025291
0.027953
0.031484
0.38716
0.0077385
0.041099
0.034592
0.11083
0.14563
0.056131
0.33294
0.24067
0.0043512
0.042897
0.60927
0.019827
0.16177
0.21801
0.058112
0.0089971
0.1834
0.035845
0.32885
0.029657
0.056987
0.12826
0.025057
0.011852
0.016212
0.017485
0.007924
0.10791
0.10358
0.055371
0.012679
0.15213
0.0522
0.026484
0.082099
0.028321
0.047827
0.2764
0.026228
0.023443
0.11414
0.011125
0.0047473
0.030478
0.08368
0.033359
0.13015
0.14047
0.029877
0.012787
0.043365
0.01378
0.0073573
0.57324
0.0083504
0.1364
0.034084
0.11017
0.032984
0.010322
0.10248
0.052337
0.020465
0.067185
0.074139
0.18141
0.017343
0.064816
0.0013022
0.0089261
0.1018
0.13324
0.075829
0.073883
0.030126
0.11725
0.024659
0.021205
0.025024
0.033055
2.1546
0.079298
0.55923
0.0308
0.11523
0.19035
