1.7912
1.135
1.9894
0.0083609
0.016906
1.2234
0.007347
0.83125
1.6243
0.0088351
0.00021017
0.39093
1.2341
0.0068346
2.5814
0.062814
0.011323
0.0012491
0.00042131
0.047887
0.051976
0.52651
0.005355
1.1786
0.87007
0.0032533
1.6981
1.5972
1.0806
0.0023776
0.25067
1.2893
0.80677
0.00091523
1.2161
0.39523
0.014255
0.004619
0.0052972
0.65634
1.619
0.45836
1.7911
0.021028
0.86431
1.3905
1.7334
0.013938
0.36455
1.0652
1.4252
0.0042455
1.0696
1.5731
1.0407
1.4171
0.7236
1.4865
0.78274
0.0011736
1.2014
2.1104
0.053615
0.51176
1.3819
2.0905
0.067165
0.018062
1.7027
0.058786
0.011574
0.84044
1.0534
1.949
0.013298
1.0967
1.3307
1.5637
2.693
1.1971
0.11573
0.024639
2.2447
1.2975
2.4305
1.6919
1.3498
0.85317
0.09801
2.3814
4.0885
2.8333
0.76101
1.0678
0.98526
1.5169
2.2313
0.77768
0.0099095
0.73502
