0.1252
0.1262
0.1187
0.3778
0.5983
0.5033
0.1114
1.9086
0.1181
0.8768
1.3897
0.7792
0.8252
1.2502
1.9165
1.1512
1.6904
0.7465
2.783
0.1175
0.119
1.8935
1.7211
1.9794
1.3946
1.1813
1.0294
1.0194
0.1195
1.3283
0.7321
0.9616
1.124
0.998
0.6778
1.4552
1.21
0.1077
0.1191
0.119
1.4459
1.1512
1.0745
0.1204
0.5318
1.6903
0.8631
0.7632
1.215
0.4592
0.8031
1.0156
1.2436
1.141
2.1545
0.9449
1.1161
0.7019
0.9006
1.5102
1.0647
2.2402
1.0679
1.0184
1.6368
2.1089
1.2363
1.0846
1.0212
0.1186
0.1182
0.8942
0.1219
0.5795
1.295
1.3065
1.0384
0.1197
3.0819
1.8172
0.9924
1.6122
1.6654
0.1209
1.6134
1.7923
1.2116
1.898
1.6102
0.8833
0.1081
0.6377
0.8509
0.7242
1.3782
0.1179
0.4587
0.7811
0.1103
0.1103
1.6852
0.1171
0.1186
0.1114
1.0984
0.9859
1.3408
2.8916
0.1189
2.2319
1.3873
0.1186
1.2694
1.5749
1.5292
1.125
0.7077
1.3863
0.9461
0.7744
0.119
0.6965
0.1196
1.3132
0.9289
0.9349
1.6017
1.1787
1.309
1.3767
1.6687
1.0299
0.9852
1.0298
0.7383
2.4611
0.1191
0.1194
0.7513
0.6906
0.1207
1.2731
0.1205
0.1192
1.2213
1.0761
0.12
0.8086
0.8376
0.6024
1.4157
1.0496
0.1179
1.3283
2.006
1.5343
1.4033
1.9047
0.8201
0.8983
1.8649
1.2454
0.9614
1.4613
0.765
1.4499
1.8942
1.6075
1.1015
0.8095
1.321
0.1076
1.0826
1.6058
0.7956
0.7128
1.7283
1.5098
1.1454
2.7418
0.1187
1.0263
1.414
0.3923
1.119
0.1201
0.1187
0.1258
0.6367
0.1175
2.0446
1.1607
1.1429
0.821
0.1126
0.6869
1.3413
0.1103
0.8659
0.8261
1.0338
0.12
1.4732
1.0179
0.1254
1.5864
1.4087
0.9022
1.1458
0.7845
1.1279
1.0924
1.8146
0.1203
1.2033
2.1973
1.1346
0.6914
0.8497
0.8848
1.5812
0.8832
1.2909
1.4277
2.3657
1.1147
0.455
0.554
1.4654
0.8428
0.1205
0.6793
0.9693
2.1702
1.0901
0.9088
0.8752
1.6827
0.1195
0.9354
0.9361
0.9849
1.017
0.7358
1.0277
1.0479
0.9668
1.1735
0.7672
0.1199