1.6318
0.6907
0.8247
0.6551
1.5144
1.5161
1.2143
0.7156
0.643
0.631
0.4501
1.0504
1.9366
0.617
1.4765
0.7216
2.0082
1.1167
2.1018
0.8791
1.0748
1.0184
0.7942
0.1251
4.5889
0.1248
0.4984
1.4303
2.1952
0.8961
1.2828
1.9081
1.3702
1.478
0.5947
0.8741
2.0028
0.648
0.9673
1.0865
0.8375
1.2172
0.1116
0.8338
2.0851
1.2634
0.4065
1.6548
0.5612
1.5908
1.4861
1.0572
1.6294
1.1433
0.8074
0.1085
0.1117
0.1114
0.7588
0.7957
0.1619
0.1633
0.7346
1.4879
1.1182
0.948
1.5884
1.9959
0.1115
1.0609
2.0956
1.8334
1.4067
1.6701
2.0272
0.6521
0.9961
2.7101
0.1201
0.1189
0.1131
0.5599
1.0947
1.7802
0.9548
2.023
0.6287
0.1624
0.108
0.1114
1.8278
1.7921
1.1765
1.7268
0.9638
0.6779
1.1283
0.7073
0.7711
0.6794
0.5236
1.3098
0.8982
0.1114
0.4994
0.7641
0.4815
1.4964
1.4991
1.0369
0.965
0.535
1.1647
0.5802
0.7973
1.3057
0.6725
0.5716
1.1278
0.1618
0.6388
2.0762
0.1113
0.9167
2.4098
1.0187
1.4259
0.8401
0.1119
1.7073
1.0453
0.566
0.8521
0.1113
0.1117
0.1116
1.615
1.1918
0.464
1.0941
0.8062
1.2852
1.4982
1.5087
1.695
1.2126
0.8775
0.1116
1.1939
0.8827
1.1037
0.7156
1.1264
0.9004
0.6042
0.9617
0.1114
1.797
0.3504
1.5173
0.7194
0.726
0.7597
0.1116
0.4022
0.4345
0.1096
1.9223
1.0596
0.9564
1.1543
0.7978
1.9501
0.6954
1.0759
1.2861
1.2286
0.8467
0.7017
0.1115
1.8236
0.8698
0.7065
0.1111
0.7223
0.1247
1.1928
0.4455
0.5757
0.1117
0.1114
0.1118
0.8105
1.1253
1.5324
1.5141
0.1252
0.1126
0.1115
0.759
1.4881
1.5129
1.6711
1.542
1.9704
1.1575
1.5529
1.1147
0.7067
1.2063
0.5383
0.6619
0.1114
0.8705
1.074
1.2869
1.6759
0.6406
0.5212
0.6555
0.1116
1.3595
1.6647
1.423
1.5642
1.5278
0.5604
1.0409
2.3031
0.1116
0.8211
1.0044
1.3724
0.8495
1.2397
0.8211
2.371
1.923
1.7433
1.8073
1.1386
1.3996
1.2827
0.1114
0.4781
0.1081
1.5792
0.1457
1.584
1.1801
0.6653
0.7685
1.839