2.1031
0.8852
1.4209
1.1521
1.0377
1.2322
1.9127
1.0987
1.4111
0.8239
0.6511
0.8973
0.6478
0.6362
0.4167
0.4393
0.4237
0.4485
1.1662
1.3934
0.7096
1.7734
0.7564
0.7106
0.2118
1.1581
1.3191
0.3142
0.5197
0.3421
0.6836
0.1175
0.1173
0.1172
0.7703
0.6734
1.3639
1.3627
0.6777
0.7176
1.1445
1.5501
1.4407
0.8549
1.0021
0.7047
1.4424
1.5105
0.6894
0.7483
1.1179
0.1112
0.6664
0.6481
0.9601
0.1112
0.8263
0.9261
0.9629
1.2534
1.5795
1.8312
1.4136
2.1079
0.1183
0.1178
0.1168
0.9893
1.4962
1.0087
0.1173
0.1171
0.1173
1.5061
1.0756
0.9262
0.4822
1.3238
0.1168
1.0722
1.3186
0.6743
0.4535
1.4593
1.6933
1.3589
0.7306
1.2265
1.0934
0.9717
2.0338
1.8742
0.5216
0.121
0.4663
0.3672
1.2672
1.3683
1.2505
0.8718
0.4241
0.6448
1.1198
0.9252
1.6842
0.111
1.7688
1.306
2.2041
1.6897
1.2378
0.1109
1.7156
0.8219
0.7408
1.7125
1.924
1.3314
2.0654
1.395
0.1109
1.3589
1.3463
0.9625
0.9344
0.1107
0.3825
1.4832
0.9919
1.3538
0.7948
1.4333
0.933
1.5189
0.1109
1.1173
1.0225
1.2328
1.0339
0.8166
0.7817
0.1109
0.3833
0.4383
0.6726
1.3229
1.6849
1.7193
0.6252
1.4536
0.6673
0.8183
0.5897
1.087
1.6117
1.0518
1.7045
1.7845
1.0774
0.3504
1.392
1.084
0.1811
0.5129
0.3823
0.3916
1.7788
0.4164
0.8346
0.1194
1.4457
1.3429
1.1517
0.8411
0.8966
0.1176
0.1173
0.1175
0.1084
0.7449
0.6089
0.1616
0.165
0.1178
0.7672
1.4862
1.4571
1.4381
0.6935
0.3266
0.5699
1.1854
1.5139
1.7279
1.2944
0.7562
1.2841
1.8309
1.07
1.1903
1.1218
2.0031
1.1074
0.111
3.0073
1.1475
1.8898
1.1632
0.417
0.215
1.3195
0.7898
0.1171
1.2478
1.3248
1.0881
1.8938
1.7022
0.9837
0.952
0.111
1.7296
1.1294
1.4091
1.6926
0.9056
0.9108
1.5135
1.3004
0.8633
1.5243
1.3962
1.6096
0.1171
0.1172
0.1174
1.3732
1.1943
0.117
0.9047
0.111
0.4216
1.4623
1.2424
0.5404
1.7103
0.4278
0.9345
1.3537
0.4086
0.5294
1.6536
1.5786
1.1719
1.0333
0.3778
1.4282
1.5934
1.409
1.8606
1.4057
1.7569
1.3401
1.2895
1.2796
0.41
1.5193
1.8623
0.8451
0.1215
0.214
0.1225
0.111
0.1108
2.0306
0.9017
1.5393
1.2095
0.6295
1.8484
1.4981
1.6231
1.5759
0.9556
1.11
1.1962
1.3437
2.1088
1.4921
0.8518
0.3925
1.3795
1.4031
1.3396
1.843
1.4768
1.5603
1.328
1.2447
0.1109
1.048
0.6832
0.6702
0.7498