2.0865
1.0173
1.4677
0.9928
1.7535
1.5975
1.496
1.397
0.9143
0.1101
0.1092
0.5534
1.732
0.3565
0.1202
2.058
0.1213
0.1096
0.1093
1.4031
1.3214
1.6801
0.892
0.9364
0.1222
0.1214
1.2452
1.3216
1.6147
2.6253
0.114
1.4874
0.1173
0.1305
0.6832
0.1308
0.1093
0.1098
0.3495
0.2367
0.3204
0.729
0.687
0.6146
1.2646
0.7157
1.2727
1.2157
1.6875
1.083
1.8624
1.2536
0.906
1.1943
1.0052
1.5016
1.9697
0.7123
1.7849
1.0933
1.0626
1.2086
0.6037
0.2174
0.2296
0.633
1.799
0.7607
1.4853
0.1312
0.1096
0.1309
1.5855
1.03
1.4137
0.9936
1.3242
1.6593
0.9496
2.5583
0.7473
1.0687
1.5852
0.5968
1.2626
0.1193
1.3077
1.5189
1.3547
1.1807
0.119
1.3306
0.1139
0.114
0.1089
1.2052
0.1161
0.1229
1.5527
1.751
1.1246
0.8355
1.3574
3.822
1.1828
0.121
1.7692
1.3468
0.1094
0.5904
0.1325
0.1326
0.1224
1.0251
1.3579
1.2181
1.876
0.1091
0.9157
1.3583
1.0622
0.9481
1.0086
1.1353
1.0678
0.9398
1.0926
1.5932
0.9239
1.1885
1.4492
0.1088
0.1095
2.0483
1.455
2.1373
1.2877
1.0794
1.1113
1.0407
0.8514
1.4031
1.4666
0.8061
1.6246
0.1093
1.5826
0.1204
1.8663
1.416
1.0237
1.743
0.1093
2.0178
1.4828
0.598
1.154
0.8705
1.1999
1.4435
1.1722
0.1204
1.4345
2.1222
0.1196
1.6596
1.5814
0.1095
0.1093
1.2708
0.7168
1.0369
0.1139
0.5074
0.1195
1.234
1.2417
0.1202
1.7352
1.0797
0.834
0.8244
0.9779
0.9851
1.2639
2.1501
2.1001
1.2627
0.919
0.6689
0.7729
1.2116
1.4308
0.6478
0.1243
1.0952
1.3447
0.9429
1.6393
1.7673
2.038
1.4528
1.5702
0.9668
0.7292
1.4256
1.2137
0.1097
0.9954
0.9143
0.121
0.1074
1.9983
1.0648
0.6361
0.1149
0.7497
1.206
1.5817
1.2226
0.871
0.8755
0.1081
0.7862
1.8993
1.2749
1.9107
0.1093
1.3051
2.0077
1.2523
1.8579
0.5649
0.7492
0.8493
0.9681
0.4875
0.8082
0.1094
0.796
0.7517
1.5669
0.6475
1.2176
0.6031
0.694
1.2596
0.478
0.1068
1.1495
0.1195
1.4126
0.9662
1.8756
1.2609
0.1141
0.4941
0.4553
0.4939
0.4657
0.8007
1.4619
1.2954
1.2123
1.0249
1.4617
1.7739
1.3875