1.6058
0.5841
0.1035
1.8089
0.1027
1.1444
0.9201
1.0519
1.4394
0.848
1.309
0.1367
0.7297
0.298
0.4849
2.8729
0.1014
0.1022
1.8742
1.645
1.842
2.4677
0.8417
0.5397
0.8476
0.9921
1.0727
0.5971
1.1671
0.8549
0.9712
1.6681
2.0286
0.4219
0.7565
0.9979
0.5043
1.2948
0.1031
1.0207
0.7149
0.4078
0.5914
0.6883
1.3178
0.5669
1.7438
0.8352
2.9026
1.8759
1.046
0.8721
2.4228
0.6134
1.4798
0.113
0.9668
0.9076
0.6162
1.8317
1.4601
1.9581
0.7929
1.2174
1.9385
1.6513
0.1112
0.1127
1.4872
0.9285
1.5792
1.4855
1.6837
1.0547
1.9503
0.1029
0.1029
0.1028
0.1032
0.6205
1.7042
1.6877
2.1443
1.7036
0.1029
0.1036
2.2602
0.7273
1.4336
1.7621
1.216
0.345
1.2249
1.1817
0.3426
2.8078
0.2625
0.6265
0.6904
0.103
0.6349
0.6088
0.6907
0.11
1.5767
2.4523
1.0194
1.2816
0.1014
0.1027
0.9723
1.4452
1.355
1.6206
0.5985
0.8974
0.6986
2.017
0.1061
0.1067
1.4972
0.1146
1.6456
0.1008
0.1045
0.1022
0.11
0.1074
4.4424
0.403
0.1022
1.4286
0.7852
1.5087
0.3961
1.6795
0.6054
1.2388
0.1053
0.2749
1.3473
2.6864
1.8549
0.5639
0.1034
0.4691
0.3738
0.7876
1.3939
1.6227
0.6492
0.2229
1.4836
1.0524
0.5143
0.6151
0.9393
0.6301
2.6984
1.1876
1.8691
0.5084
0.2914
1.5694
1.0457
1.6254
1.0455
1.3451
2.3694
0.6187
1.3318
1.2792
1.204
0.7339
1.0855
0.7726
0.6155
0.9883
0.1035
0.1079
0.1388
1.2917
1.0491
1.0907
0.7634
0.1065
0.1095
3.7588
0.103
0.7736
1.1193
0.9745
0.1022
0.1027
1.2745
1.4938
0.2455
0.5776
1.5189
0.9307
0.103
1.7719
1.5583
1.1651
0.1029
1.3428
1.6616
1.4801
0.1028
0.1029
0.1035
0.9295
3.6686
1.3195
0.6931
2.5688
1.1946
1.2345
0.8308
0.6248
0.6155
1.7746
1.1115
1.4682
0.5255
0.1021
0.103
0.5709
0.6233
0.9815
0.6454