0.705
0.4459
1.5672
1.4051
1.6261
2.2274
1.1537
1.9026
0.8444
2.2076
1.2517
0.8457
0.7581
0.7293
1.9002
0.6901
0.8304
0.941
1.2346
1.0978
0.1122
0.1117
0.6658
1.2404
1.4813
0.8157
1.2123
1.3161
1.2758
1.3808
1.4446
0.7644
1.5874
0.6129
0.9306
1.8433
0.1237
2.3054
0.1114
0.1112
2.1907
1.7642
1.8209
1.2236
0.1232
0.1088
0.4148
0.1117
0.1119
0.1113
1.8229
1.6435
1.837
1.2256
0.7291
0.7612
0.9281
0.6612
1.3148
1.148
0.7896
0.6891
1.007
0.1111
0.1135
0.1112
0.1122
0.1111
0.9968
1.7596
1.1077
0.9082
1.4058
1.5411
1.3358
1.7214
2.1009
1.0524
0.1114
1.0084
1.3821
0.7761
0.1118
1.171
0.5006
0.8847
0.7364
0.6767
0.7358
0.5573
0.1113
0.6602
2.0719
0.9053
0.1081
1.6664
1.0133
0.8583
0.8187
1.8205
1.2012
1.081
1.0892
1.4162
1.7458
0.8508
0.7481
0.6006
0.1123
1.3776
1.1652
0.5586
1.177
0.6604
1.7331
1.5406
1.137
1.2958
1.3391
1.3434
1.668
1.4401
1.9198
1.5033
1.1892
0.1111
1.0131
0.5841
1.0992
1.9143
1.6092
1.4347
1.171
0.5277
0.3957
0.1131
0.4955
1.2511
1.4776
0.9052
0.7407
1.1035
0.4564
0.1129
1.0539
1.6105
0.8513
0.6517
1.8956
1.2297
1.1916
1.1366
1.6304
0.1082
0.1116
0.1113
0.8076
1.3958
1.1502
1.5913
0.8725
0.1114
1.3526
1.3307
0.7758
1.7435
1.4829
2.5101
0.1113
2.3447
1.0679
1.3442
1.1073
1.1581
0.7147
0.5175
0.5745
0.5132
0.5801
0.653
0.5818
1.1955
0.8046
0.8676
0.1121
0.8148
0.7611
1.321
0.7411
0.753
0.506
0.5618
0.1121
1.6568
1.0365
1.2848
0.5828
1.6392
1.1679
1.3194
0.8815
1.366
1.4881
1.655
0.1111
1.2785
2.6164
1.5794
0.1233
0.4623
0.7514
1.8004
1.347
0.1114
1.8638
1.768
1.5236
1.2577
0.1112
0.1167
0.8531
0.1111
0.8116
1.1685
1.1538
1.1502
0.7681
0.77
0.65
0.7194
1.1038
0.9222
0.1234
0.1079
1.1625
0.1111
0.8344
1.2034
1.5198
1.2951
1.1008