0.6156
0.5789
1.8436
1.9066
1.1374
0.6815
2.7991
1.2697
1.051
1.6213
1.2421
1.0624
1.5016
1.2604
1.6877
0.613
1.1851
1.3747
1.2388
0.7665
1.5734
0.2799
1.2808
1.5686
0.7631
0.5176
0.4331
1.8709
0.1024
0.1023
0.2373
1.5395
0.1085
0.7564
0.6374
0.4334
0.4336
0.528
0.9591
1.5989
0.9959
1.8761
1.2
0.4938
0.1017
1.7091
1.6746
0.1036
1.5889
0.6378
1.5669
1.1905
1.026
1.0529
1.4887
0.9102
0.8852
1.4698
1.1255
0.9657
1.0669
0.9129
0.1037
0.5409
0.4581
0.1045
0.1045
0.312
0.3271
0.8041
1.1876
0.933
0.1038
1.5076
0.3293
0.6885
0.1039
0.9477
0.1036
0.1036
1.4016
1.8308
0.9755
0.6558
0.7979
1.7122
1.7139
1.2696
1.4181
1.4448
1.7468
1.1932
1.7047
0.8445
0.7642
0.5654
0.1043
0.586
0.8786
1.134
0.9093
1.8752
0.1037
0.1036
2.7013
1.6456
0.1023
0.1017
0.1077
2.5096
3.021
0.1036
0.1039
0.667
0.6268
1.2841
2.0307
1.2919
1.7632
1.2154
1.0151
1.4815
1.1246
0.4575
1.9132
1.1569
0.1023
0.8121
0.4083
0.1037
2.3402
2.1919
1.7344
0.4521
1.7861
2.2889
0.8524
0.9591
1.3948
0.1023
1.59
0.8554
1.4634
1.0907
0.5876
1.1635
0.1036
0.1036
1.3777
1.4563
1.9904
0.7766
1.1635
1.9275
1.6073
0.936
0.9899
1.4007
0.5267
0.632
0.1017
1.4492
0.8157
1.7403
0.1037
2.2354
0.9889
1.3846
1.1094
1.2165
0.1037
0.1037
0.1037
0.1036
0.1046
0.1037
0.1041
0.4203
0.9791
1.2169
0.1037
0.6912
0.3964
0.7892
0.1038
0.8209
1.0041
1.7915
1.2669
0.9433
0.4401
0.8083
0.1035
0.6267
1.0643
1.8567
0.1037
0.9369
1.3026
0.1116
2.0055
0.1039
0.514
0.7566
1.7212
2.146
1.6167
1.2742
1.1748
1.6701
0.8168
0.4885
0.8448
0.6412
1.1597
1.1529
1.4923
1.4209
1.4507
0.9448
0.7658
1.1104
0.4255
0.7035
0.8095
1.1188
0.4417
1.5005
1.7872
0.7392
0.7387
0.6997
0.4883
0.7456
0.7487
0.8787
0.6569
1.6162
0.5935
0.9103
0.1036
0.1044
0.6848
0.8931
1.1578
1.6061
1.6426
1.6296
0.5178
0.9252
1.2605
1.2675
0.7714
1.7779
1.427
1.1109
1.4392
1.1209
1.7517
0.731
1.2933
1.7565
0.7342
0.7991
0.1037
1.526
0.1036
1.0168
1.3511
1.5154
2.2865
1.1
0.6433
0.9748
1.2474
1.1129
2.5646
1.5134
1.2267
0.3771
1.8051