0.1013
0.1024
0.1026
0.1024
0.1024
0.1028
0.1025
0.1025
1.3283
1.1749
1.2242
0.6596
1.5755
1.2
0.7577
0.9224
0.6843
1.4966
1.4706
1.2969
1.0713
1.3258
1.1736
1.511
1.503
0.3145
0.1024
0.8729
1.3048
0.7796
1.3805
1.3489
1.2817
1.5085
1.0453
0.1026
1.0492
1.086
0.8463
0.8244
1.2108
0.9608
1.4015
0.9338
1.1497
1.6713
1.2192
1.3396
0.9943
0.8709
0.7461
1.7934
1.1649
1.1289
1.2564
0.6853
1.7875
1.0671
0.8635
2.8026
0.1015
1.4895
0.3778
1.2849
1.156
1.2233
1.1082
1.0557
1.0231
0.1026
0.1026
1.0719
1.6514
1.0268
0.1024
0.7593
0.1018
0.7887
0.9838
1.5553
1.8157
1.7082
0.2912
1.7612
0.8985
1.1619
1.0199
0.4306
1.4148
1.7922
0.6249
1.3894
1.1664
1.7381
1.5237
1.7934
1.3535
1.4552
0.1037
0.8028
1.0793
0.5117
0.9356
0.819
0.7781
1.1675
0.7803
1.0773
0.7044
1.3673
2.2922
1.2034
0.653
1.0384
0.9503
0.9792
1.1989
1.8851
1.3165
0.7219
1.0097
1.4263
1.1295
0.1023
1.4002
1.0621
1.4826
1.0242
1.2403
0.8712
1.3369
1.6689
1.3253
0.953
1.0492
1.4261
0.1041
1.5025
1.283
0.6615
1.3618
1.7315
1.4531
0.7914
1.1044
0.1024
0.1027
0.1035
0.104
0.1036
2.5892
0.7716
0.8645
0.582
0.1025
1.2594
0.3561
1.476
0.1037
1.7751
1.9757
0.1025
1.1053
1.4965
1.4756
1.2382
0.6642
0.827
0.1024
0.1019
1.4634
0.1025
1.6282
1.674
0.8286
1.1491
1.4355
0.6243
1.5055
1.2731
1.2216
0.1028
1.4213
1.1028
1.2013
1.4617
0.3551
1.0902
1.5054
0.2265
1.5425
0.1039
0.1038
0.104
0.1017
1.1434
0.3433
1.2588
0.9027
1.2312
1.3627
0.8759
0.9467
1.0276
1.2995
1.1598
1.077
0.1021
0.1025
1.5606
0.5529
2.1733
1.0778
0.1016
1.1965
1.4399
1.1849
1.1432
0.7616
1.6169
0.29
1.8135
1.2285
0.2355
1.4404
1.1728