0.4255
2.4456
1.5897
0.8595
1.3125
0.8122
2.1106
1.601
1.3003
1.4156
1.3876
1.5065
1.2474
1.2529
0.4928
1.6443
0.1129
1.0778
0.4274
0.3744
1.0524
0.4679
1.4604
1.5349
2.3376
0.7616
0.6289
0.1123
0.909
1.5567
1.5414
0.483
1.2126
1.3749
1.9952
1.9854
0.7347
0.9769
1.8178
0.4796
0.424
0.1516
0.4546
0.607
0.4111
0.5916
0.4003
0.109
1.0424
1.3451
0.8289
1.108
0.4709
1.4817
1.5485
1.2142
0.8524
0.6241
0.7527
0.6559
1.1986
0.7471
1.2913
1.4633
1.8902
1.2467
1.6977
0.117
0.1167
0.1115
0.117
0.5337
0.7812
0.8398
1.0123
2.297
1.2274
0.4701
0.1125
0.8245
0.6989
2.3476
0.1566
1.8244
1.5862
0.5725
0.7187
0.1122
2.0159
0.5761
2.042
0.7478
0.8725
0.5455
1.3756
2.1215
1.2966
2.0767
1.38
1.1749
0.8698
0.5738
0.6331
0.1128
0.1286
1.16
0.1271
1.7331
1.5406
0.7457
0.1119
0.1125
0.1125
2.4586
2.1622
1.6886
0.8315
1.7442
2.4592
0.2709
1.2537
1.1678
1.1333
1.3273
0.4431
0.9818
0.1136
1.0885
0.142
0.8297
1.3498
1.8837
0.1847
0.1123
1.7868
0.402
0.5977
0.2769
1.3332
1.2209
1.5301
0.5938
0.6819
1.7971
0.1286
1.6291
2.1329
1.7843
2.1231
1.7387
1.8291
0.2198
0.6598
0.3999
1.6161
1.6597
0.7027
0.2982
1.4716
1.3211
1.3409
1.4843
0.7304
2.7339
1.272
1.5073
0.1461
1.0976
0.5862
1.4151
1.351
1.1384
2.3982
1.552
1.2738
0.4842
1.9019
1.4147
0.5767
1.4973
1.096
0.6134
0.7084
0.1124
1.0143
1.6572
0.3715
0.3689
0.1237
0.1363
0.1254
0.1313
0.7407
0.6586
0.1125
0.2905
2.0563
2.1069
0.1125
1.3871
1.2965
0.504
0.7907
1.4757
1.9124
1.4433
2.9741
0.7311
0.112
1.1333
1.3725
0.5091
0.9859
1.1091
0.1253
0.1129
0.1226
1.1295
1.5016
0.6423
0.1126
1.2741
0.6227
0.4646
2.0836
1.2571
3.5958
0.807
0.8655
0.1328
1.5291
1.0845
0.4898
1.121
0.1623
0.4996
1.9091
0.5171
0.348
1.5941
1.4458
0.3124
2.4909
0.5403
0.2756
2.293
3.2168
2.2036
2.5891
1.5826
1.7347
0.5504
0.1121
1.5413
0.7628
1.4036
0.8091
2.1556
1.1161
0.1181
0.1171
0.1116
1.628
0.1127
1.1907
0.787
1.7358
1.4087
0.9829
0.533
0.131
0.5474
1.1904
2.9657
0.9381
1.7151
0.1126
0.6115
0.1146
0.1121
0.1126
0.2965
0.2639
0.1077
0.2684
0.2578
0.275
0.1409
0.2087
1.9072
1.6013
1.0077
1.1611
1.0001
0.682
2.431
2.1517
1.0667
1.5195
0.1128
0.1338
1.2349
0.1127
0.1124
1.7204
0.9325
0.1881
1.669
0.5157
0.7257
0.8915
1.7082
1.1828
1.3568
1.04
0.4431
1.2627
1.988
2.0575
1.17
0.5982
3.104
0.1122
0.1857
0.9359
0.1123
0.6236
0.112
0.5594
0.1643
0.1569
1.4406
0.8071
0.1126
1.0211
0.1124
0.3609
1.578
0.1134
0.5626
0.5582
2.113
0.7103
0.1135
1.3788