1.0321
1.5771
1.3466
1.346
1.2209
1.5129
1.0937
1.8198
0.8777
1.2357
0.6382
0.3414
0.8424
0.7028
0.5992
0.5328
0.5659
0.1019
0.545
1.1098
0.7453
0.7892
2.0933
0.4836
1.1694
0.8429
1.0346
1.9337
1.1271
2.0316
1.1064
0.1022
0.102
0.295
1.0087
0.1022
2.6506
1.9585
1.2386
1.8527
0.6899
1.384
0.1027
0.8562
1.8341
1.2353
1.5655
0.7332
1.1705
0.5993
0.5608
0.601
0.2145
0.102
0.1022
1.6135
1.3182
0.6078
0.7116
1.5666
1.2905
1.7392
1.4152
1.5268
2.188
1.8375
1.4219
0.1026
0.1027
0.1026
0.286
0.3346
0.1694
0.1042
1.115
1.1554
1.593
1.7986
0.102
0.5405
0.4764
0.5119
0.3098
0.3727
0.1018
0.8961
0.1031
0.747
1.6648
1.1967
0.9295
0.1027
0.7681
1.5164
0.5937
1.3751
1.3192
0.2748
0.4481
1.7015
0.7595
1.1794
1.1569
0.6809
0.1066
1.9954
0.3013
0.7728
1.1425
0.6142
1.278
0.6478
1.5322
1.5973
0.9775
0.9394
1.2214
2.0071
1.245
1.1153
0.9221
1.2282
0.1008
0.1019
1.2947
0.7257
0.8021
1.3003
0.5224
0.8188
1.7437
0.6704
0.8075
1.6779
1.1956
1.44
1.9263
1.3543
1.5467
1.1904
1.9307
0.9432
1.2844
0.3273
1.1407
0.3279
0.1045
1.6155
1.3586
1.4479
1.1735
1.8256
0.4824
1.1677
0.5029
1.3502
0.1025
1.2142
2.2521
2.3172
2.0377
1.3118
1.2046
0.8548
1.0468
0.1021
1.1153
1.0812
0.9515
1.4986
2.3985
0.994
1.6101
0.9323
1.0267
1.0133
0.1027
0.6687
0.382
0.6431
1.9008
1.2571
1.7446
0.9454
0.6404
1.0408
0.5059
0.6211
0.5721
1.0755
0.8163
0.1017
0.9406
0.5503
0.9149
1.0764
1.4017
0.692
2.2659
2.4253
1.3596
1.7795
0.2853
0.9012
2.851
0.3684
1.7873
0.1026
1.0204
0.3541
0.222
1.0245
1.2915
1.1884
0.7516
1.2481
0.7263
0.7702
0.4499
1.4627
0.103
0.4187
1.1928
1.2157
1.2888
0.7105
1.5742
2.0233
0.2296
1.3488
1.7078
0.4775
1.0239
0.753
0.1032
1.1812
0.2029
0.1026
1.5935
0.9065
1.3937
0.5374
1.1494
1.2678
1.1425
0.1021
1.3153
0.1592
0.1028
0.2941
0.8536
0.7918
1.9007
1.1888
1.3157
0.9363
2.2115
0.8805
2.1592
0.1029
0.1034
0.4604
0.2714
1.2654
1.7866
0.1027
0.1023
0.103
1.39
1.9659
0.1035
0.8408
0.2952
1.8022
0.5327
0.9972
0.8939
1.2211
2.5496
1.3202
1.0793
1.8294
1.6826
1.9582
0.9604
0.6261
1.3072
0.6889
0.8112
1.4543