1.1228
1.1006
0.7661
0.5266
1.4204
0.5447
0.8989
0.4192
0.1251
1.2428
1.0044
0.2723
0.347
0.8188
2.1189
1.5539
1.6528
1.7255
1.8775
1.3359
2.3271
0.7927
1.4881
1.2825
1.6552
0.1098
0.1081
1.4358
0.368
0.3572
1.443
0.111
1.4885
0.5872
0.1154
0.1069
0.7472
1.263
1.6641
1.8633
1.1062
0.5844
0.9117
1.458
0.2712
1.7917
1.2525
1.9912
0.9559
1.7586
1.5981
0.4804
1.4415
1.4938
0.1197
1.6708
0.4584
1.6144
0.6517
1.1171
1.4328
1.4221
0.1141
1.2506
0.8915
0.6672
0.8661
1.7659
1.5778
0.6531
0.8868
1.3394
1.0733
2.3604
1.2343
1.374
1.5612
0.1065
0.109
0.1096
0.122
0.781
0.1224
1.6821
0.9888
2.7449
0.9576
0.1253
0.9934
1.5958
1.6008
1.4703
1.7014
1.1339
0.6364
1.2674
1.5215
0.1102
0.1094
1.5715
1.3931
1.502
2.0005
1.2732
1.3886
1.2729
1.2226
0.5008
1.6226
0.8637
0.8389
1.0314
0.1133
1.1207
1.3367
0.915
0.6686
0.1263
0.5744
0.5696
2.1343
0.9508
1.5958
0.6536
1.2321
0.6609
1.4977
1.1713
1.3601
1.0865
0.3703
0.2951
0.1103
0.7606
0.6339
0.9158
0.7965
0.624
1.465
0.6605
0.4608
1.4478
0.8356
0.9609
0.9785
0.5568
0.7615
3.4383
0.6083
0.8048
0.4322
0.1097
0.1081
0.4105
0.1112
1.191
1.0502
1.4258
1.2379
1.0447
2.7387
0.1269
0.1259
0.1549
0.1509
0.1909
0.7772
0.6597
1.2481
0.1266
0.125
1.3957
1.0993
0.498
0.3702
0.8592
1.0684
1.0003
0.9886
1.3186
1.233
1.1965
0.7318
0.874
0.1169
0.1066
1.9876
0.9837
1.1459
1.3349
1.9768
0.1097
1.1548
2.1236
1.0992
0.8151
1.4154
1.0389
1.8908
2.1349
1.135
1.8966
1.0009
1.1351
1.1095
0.6391
1.0274
0.1082
0.378
1.2325
0.7095
0.5624
0.1102
0.1149
0.1102
0.9966
0.7493
0.109
1.0261
1.2785
1.6003
0.4714
1.312
0.8794
1.0787
0.1244
1.5343
2.2096
0.4407
0.7668
1.1174
1.2464
1.8697
0.8529
2.3091
1.3223
0.6572
1.7581
0.3814
1.5714
1.4371
2.377
1.794
1.8472
0.7663
1.2007
0.4456
0.6434
0.7005
0.1241
0.8743
0.7357
1.9857
1.3236
1.3849
1.1899
1.5689
1.3132
1.2522
0.1121
1.0882
0.1219
0.886
0.1065
0.1076
0.1109
0.1085
0.6766
0.5387
0.5576
0.6788
1.3923
1.2395
1.9423
1.1342
1.1008
1.008
0.1226
1.5638
1.0532
0.719
0.1199
0.7982
2.3791
0.8591
0.1126
1.2462
2.1521
1.9631
1.5501
0.492
1.0151
0.8654
1.4438
0.7757
1.3696
1.1033
0.624
0.5291
1.2268
1.2634
1.0975
1.0229