0.8091
1.8682
1.5003
1.04
1.6381
0.9827
1.0052
0.1212
0.1105
2.3116
0.8774
0.9702
0.6167
1.6375
0.8492
0.6328
1.661
1.262
0.484
0.9386
0.6594
0.9701
0.6025
0.7604
0.7985
0.654
1.0157
0.9974
0.6327
0.8884
0.6068
1.6663
0.8248
1.02
0.6096
0.9991
1.0063
0.8101
1.7825
1.1874
0.9119
2.1591
2.3003
1.1039
1.1332
1.4911
0.8915
1.0819
1.2239
1.1917
0.756
0.9007
1.4523
0.8287
0.1129
1.1502
1.6055
1.0891
0.7409
3.4645
0.8402
0.7813
0.3663
0.1158
0.9577
0.6554
0.7968
0.11
0.1113
0.7658
0.6835
0.8873
0.9109
1.2201
0.133
0.1122
1.5809
1.4299
1.3186
0.9831
0.7761
1.2732
1.2438
0.916
0.6161
1.0315
0.4276
1.2821
1.8055
2.2188
2.127
1.9621
0.9002
1.3181
3.0577
0.8696
0.882
1.5976
0.6848
0.4486
0.6838
0.1102
2.1295
1.6033
1.1836
1.1162
1.2841
1.7866
2.3088
1.1442
1.5696
1.2995
0.1072
0.7454
0.1229
0.1214
0.8459
0.1159
2.2165
0.5074
0.9483
0.6628
1.2817
1.1279
0.5695
1.5692
1.7974
2.2614
0.9454
2.2955
0.469
0.4992
1.7775
0.9924
1.455
2.126
1.1175
1.1846
0.4805
0.114
0.1127
1.1492
0.1264
0.9131
0.1211
1.3498
1.196
0.1105
1.8647
0.8901
1.0246
1.6465
1.2401
0.8687
1.2859
0.9759
1.0389
0.9302
1.0842
0.1102
0.1106
1.9245
1.4075
0.1305
0.8263
1.3952
1.5909
1.1072
0.7305
0.1272
1.6016
0.1104
0.8977
1.2883
0.495
0.1108
1.3351
1.0884
1.4055
1.0599
0.8366
1.1121
0.8724
1.2475
1.1673
0.5826
0.9099
0.1112
1.9759
0.6288
0.1265
0.5103
1.7426
0.4152
1.2991
0.1107
0.1109
1.8879
1.3743
0.1114
0.1105
0.9162
0.1101
1.2205
2.3158
1.055
0.8254
0.517
1.2757
0.107
0.8273
0.5999
1.401
0.6181
0.9303
0.7253
0.5606
0.4575
1.4601
1.1223
1.5959
4.0343
1.5857
1.1292
0.1103
0.1105
0.1139
1.4545
0.9984
1.6751
0.6269
1.1014
0.1333
1.432
0.9827
1.5194
2.2781
1.6201
0.9148
0.1099
0.5568
1.0571
0.9191
0.8125
0.7784
2.1005
1.7187
1.6082
0.1105
1.7329
2.5404
2.9111
1.44
0.7314
0.9354
1.6693
0.1102
0.1071
0.8488
0.1068
1.4285
0.7427
1.5807
0.6752
1.616
1.7627
0.1104
1.2117
0.1167
0.5103
0.8152
0.8891
0.9919
0.6673
0.6892
0.4725
1.6486
0.4418
0.1319
0.1152
0.2903
0.1103
0.9229
0.1152
1.6292
0.1153
0.9249
1.4243
0.9724
1.466
0.5574
0.7292
0.1106
0.8444
0.4506
1.0535