1.6121
1.3712
1.7489
0.107
1.5423
1.2777
1.994
1.5409
1.3085
0.1211
1.0502
0.9543
0.6469
0.7534
1.6162
0.1101
1.3043
1.0524
2.2096
1.6984
1.4652
1.2139
1.371
1.1106
1.5596
0.6506
2.4161
1.1285
1.0164
0.1181
0.1212
0.1103
0.5882
0.4679
1.5991
0.7591
0.1101
0.1106
0.8211
1.0527
1.0791
1.3928
1.1075
0.7229
1.6455
0.1105
0.6995
0.111
1.393
1.8905
1.4781
1.3372
1.4712
0.1099
0.111
0.9962
2.6009
1.7895
0.9983
0.1102
1.2941
0.1101
0.111
1.458
0.683
0.9324
1.0414
1.7924
0.1069
1.3243
1.5662
2.2188
0.9965
1.5516
1.0088
1.6561
1.623
1.1617
0.5662
1.0483
0.9127
1.4115
1.3126
1.4981
0.1191
0.1191
0.1148
1.616
1.0928
1.174
2.798
1.0122
1.6573
0.7069
0.1072
0.6696
0.8269
0.955
0.404
1.0665
0.1103
0.7158
1.4449
0.6706
0.6403
1.1539
0.8252
0.3658
0.1105
0.1101
0.6891
1.9355
1.2578
1.2246
2.2509
0.7273
0.1104
1.0482
1.17
1.4825
0.7871
1.2466
0.1105
0.1102
1.2425
0.5992
1.8869
1.1614
0.7871
0.9134
1.0522
0.6633
0.6099
0.934
1.009
1.2779
1.0146
1.5262
1.5701
0.11
1.3419
1.0599
0.6567
0.107
0.7413
1.2393
1.3935
0.9615
0.1103
1.4073
1.6826
0.7332
0.1105
0.7082
0.6929
1.5238
1.2228
0.5591
1.2969
1.7201
0.6119
1.123
0.3146
0.5543
1.8179
1.1068
1.3713
0.8519
0.9835
1.1069
2.1896
1.2151
0.1084
1.7847
1.8163
2.1544
1.4336
2.3063
0.7407
0.8097
1.3271
0.1102
1.1754
0.1106
0.1106
0.1103
1.0022
1.4581
1.5724
1.2677
0.5735
0.6601
0.4767
0.631
1.111
1.2635
1.7593
1.1472
1.7441
0.9471
1.6992
0.7519
1.4238
1.4663
1.3304
1.3285
0.11
0.7717
0.7554
1.3522
0.9065
0.9689
0.7762
0.1085
1.1668
0.7723
1.276
0.5995
0.1101
1.1716
1.6019
1.4152
0.1101
0.7187
1.9321
1.2155
0.9791
1.1827
1.4482
0.5178
0.1104
1.3812
1.487
0.1104
1.3591
1.2152
0.7747
0.1106
1.3847
1.637
1.1423
1.7099
0.1104
0.1101
0.4855
1.3307
0.1104
0.6793
0.1102