0.1164
0.1155
0.1156
1.4563
1.1591
1.0193
1.0172
0.1106
0.1493
0.5189
0.5383
0.3616
1.4667
1.0857
1.3481
0.115
0.5034
2.4933
0.885
1.1421
1.3869
0.2993
0.1443
0.2918
0.119
0.1151
0.1154
0.1155
0.9248
2.6312
1.554
2.5232
2.73
1.8351
0.1149
1.3857
1.6146
0.781
1.3558
1.6682
1.2955
1.3444
0.9629
1.0747
1.3708
0.8705
0.6649
1.2179
0.1172
0.9448
1.4938
0.5361
0.5408
0.7416
0.8012
1.018
1.024
0.4265
0.1078
0.482
0.1911
0.7167
0.4218
2.002
0.583
0.577
1.6916
0.5219
0.1167
0.117
0.117
0.1105
0.1103
1.4561
0.9261
0.1175
1.2897
1.5311
0.1103
0.1106
0.8043
1.1161
0.8258
1.9844
2.5786
1.2509
2.1423
1.0589
0.7705
1.0559
0.115
0.1152
0.1154
2.6013
1.1823
1.4936
1.4553
1.8369
2.2725
0.8252
0.3633
1.011
1.1129
1.9625
1.0543
1.5208
1.0695
1.5681
1.3729
0.2298
0.2715
0.2479
1.2161
0.108
0.6181
1.2829
0.4279
0.4615
0.7533
0.8062
1.3258
0.4038
1.0693
1.1912
0.8503
2.7892
1.4797
1.7587
0.6469
1.2427
1.5563
1.2866
0.7294
0.3274
0.7771
0.7137
0.1155
0.116
0.117
0.1171
0.117
1.6708
1.4216
1.3701
0.5302
1.4042
0.1102
0.6989
0.1148
1.8276
0.5459
0.4088
2.6378
1.0475
1.1253
1.3282
1.1609
1.5938
2.1824
1.0715
1.0258
1.3955
1.4203
0.9819
1.2099
0.5347
0.2568
0.6088
0.5908
1.0172
1.1227
1.1201
1.561
1.4979
1.4619
0.8251
1.1003
0.4326
0.6794
0.3525
1.9146
1.455
0.5886
1.0632
1.9518
1.0268
0.4672
0.3091
0.3586
0.6148
1.1574
0.1161
0.4148
1.407
0.6847
0.8455
0.1171
1.4072
1.4007
1.8263
0.2793
1.4765
1.7086
0.8382
0.3949
1.2913
1.4693
0.9323
1.606
0.7395
1.0986
1.5633
1.4958
1.4465
1.457
0.9378
0.7945
1.4234
0.5721
1.4056
0.4132
1.6654
0.6133
0.795
1.6899
1.1644
1.0664
1.4436
0.4187
1.7392
0.4844
0.1171
0.7653
0.1167
0.5813
1.999
1.0284
0.108
0.1161
0.1166
1.5835
0.7788
0.6758
2.2972
1.5121
1.5423
1.1502
0.3117
0.4495
0.2053
0.1176
0.7147
1.4023
0.9171
1.4864
1.4347
0.9129
1.335
0.4068
0.967
1.3149
1.8009
0.6233
1.3736
2.1635
0.9874
0.841
0.8107
2.1645
2.0286
2.1682
2.143
2.2187
1.8177
1.1256
0.1166
1.101
1.2178
0.4015
0.9526
1.7878
2.3515
2.1446
0.7063
0.8468
1.016
0.7225
0.1101
0.9607
0.2469
1.0903
1.5672
1.1842
0.3432
0.4527
2.1124
0.9142
1.5086
1.2132
1.2118
1.5027
1.0652
1.4863
0.6199
1.1839
1.2073
0.1106
2.4556
0.1176
1.2401
1.6143
0.5109
1.6963
0.1152