1.5599
1.3601
1.6194
1.6584
1.255
1.4496
1.3635
1.1571
0.1102
0.5222
1.672
1.5608
1.1102
0.9173
1.7798
0.1194
0.1103
0.1115
0.1104
0.1136
1.4134
0.6893
0.7454
1.2484
0.111
0.1109
0.9583
0.6809
0.4098
0.7438
0.7553
0.3857
0.5935
0.5493
0.9093
0.6524
0.653
1.5246
1.2418
1.1404
1.3228
1.0636
0.9733
1.5194
1.1092
0.9728
0.7295
1.0199
1.2816
1.5829
1.3877
1.5477
1.4451
1.5663
2.1551
1.0836
1.7956
1.8682
1.7939
1.0961
1.2692
0.1106
1.2224
1.0156
0.865
0.1106
0.1175
0.1245
0.1074
1.5716
1.2387
1.9685
1.0383
0.9665
0.7061
0.742
0.1276
0.109
0.1136
1.1677
0.1103
0.9573
1.3568
1.5023
1.2369
0.4802
1.1652
1.3005
1.5511
0.9571
1.0517
1.1919
1.0369
1.1269
1.2327
0.9004
0.7272
0.9758
0.7651
0.1109
0.5713
1.1193
1.7899
0.94
1.9377
1.4549
1.0398
1.1968
1.7206
1.5506
1.1812
1.4497
1.064
1.0106
1.0661
0.1103
0.7284
1.2134
1.0409
0.7144
0.5782
0.972
0.801
0.5888
1.4146
1.3696
1.3669
0.88
1.734
1.0032
0.9318
0.7357
1.2995
1.276
1.6408
1.0212
1.2894
0.8135
1.3795
1.1759
1.2883
1.1363
1.6956
1.3004
1.3506
1.9425
0.4914
0.5811
0.1221
1.0268
0.8998
1.2741
0.8866
1.2994
1.0772
0.1076
1.0591
1.8017
1.3623
1.5103
0.7511
1.6548
1.3273
0.8603
0.7549
0.7459
0.9284
0.728
0.988
1.4925
1.1231
1.26
0.5312
0.5389
0.2496
0.1119
0.7363
1.4516
1.6933
1.6049
0.8983
1.2265
1.7035
1.0704
1.4797
0.6505
0.1104
0.1108
1.3901
1.1912
0.8461
1.1504
1.332
0.6071
1.1242
0.4978
0.8974
1.1343
0.6946
0.1107
1.3073
1.0484
1.659
1.9848
1.4226
1.0417
1.4957
1.4117
0.3858
0.1229
0.1227
0.1227
0.9653
1.4489
0.1106
0.6559
1.0824
1.2918
1.4792
0.8452
1.1952
1.0547
1.3144
1.2654
1.3449
1.5007
1.2645
1.6527
1.0672
0.8943
1.8386
1.1048
0.5207
0.8593
0.7207
1.0603
1.1433
1.0316
0.8549
0.119
0.1105
0.1115
0.7281
1.3493
0.8517
1.3752
1.205
1.6149
1.1982
1.3151
1.494
0.7325
0.8357
0.8059
0.9465
0.1104
0.1164
1.0546
0.8087
0.1109
0.6271
1.5556
1.074
1.3176
2.1045
1.5328
1.2412
0.9903
0.1106
1.0754
0.8476
0.8845
0.1074
1.1944
1.408
0.8503
0.1104
1.2333
0.9262
0.269
0.6147
0.9089
1.0529
0.5292
0.1104
0.7601
1.1473
0.3804
1.1396
1.4746
1.4052
1.3723
1.0011
1.1326
1.5832
1.2557
1.7872
0.5336
0.1111
2.0502
0.8403
0.3686
1.2291