1.313
1.1515
1.1673
1.2246
1.3214
1.7268
1.2487
1.1886
1.394
1.3194
0.9143
1.0682
0.8237
1.0267
1.6356
1.8197
1.3492
0.9996
1.8331
1.4632
1.1509
1.3112
1.5097
1.3154
0.1094
1.342
0.5593
1.4713
1.232
1.3797
1.163
0.3902
0.3017
0.1114
0.1187
0.3883
0.3562
0.8377
1.1841
1.1108
1.2442
0.9818
1.4064
1.1711
0.9443
2.2887
1.0565
0.9451
1.4135
0.9188
1.4282
0.9391
1.1294
1.4365
1.007
0.7161
0.5381
0.9496
0.7885
0.3308
0.2973
0.1534
1.5138
1.5395
1.2435
0.9498
0.1159
1.1418
1.9307
1.5101
1.1401
0.9498
1.2862
1.6846
0.1097
0.1096
0.11
1.2808
1.3794
1.4568
1.6879
1.5446
1.8595
0.1116
1.7655
1.4353
1.9201
0.7588
1.1168
0.1289
2.153
0.8214
0.7491
0.6487
1.0024
1.3801
1.0573
1.0378
1.2723
0.1141
0.6958
1.3151
2.0666
1.7815
1.7923
1.8829
0.1144
0.1493
0.7348
0.8908
0.3911
1.0994
1.4538
1.2681
1.4355
1.0305
1.366
1.2795
0.7253
0.1151
1.9193
2.273
1.2608
0.1097
0.1095
0.8568
1.1316
0.8578
1.3607
1.3787
1.0704
1.5405
1.6768
1.5304
0.1131
0.497
0.2533
1.132
0.6212
0.9797
1.7164
1.1829
1.4848
0.1124
1.7225
1.2439
1.2311
0.7463
1.3251
1.4192
1.2872
1.2979
0.1146
1.6507
1.6607
1.4919
0.1115
1.184
1.1085
1.3416
0.1119
0.9597
0.1169
0.9213
1.243
0.5037
1.0414
1.1197
1.086
0.8477
0.1168
0.7731
0.1196
1.005
1.2348
1.046
1.2193
1.3165
0.1098
1.317
1.3539
1.5833
1.6404
1.7125
0.6594
0.9379
0.6791
0.1069
1.6362
1.1809
1.4737
1.4445
1.2761
1.0555
1.5323
1.1655
0.9162
1.3006
1.1138
1.1031
1.407
1.3121
0.1096
0.6239
0.1103
1.04
0.2626
0.8949
1.4042
0.8584
0.291
1.2497
1.0021
1.3296
1.6944
0.3553
0.5134
0.3561
0.1151
1.3792
1.3158
1.9087
1.3112
0.4247
1.4321
1.469
1.2239
1.3838
1.2359
1.3819
1.4301
1.474
0.3967
1.2989
0.1191
1.1003
1.3839
1.8848
1.2222
1.2636
0.1325
0.8992
1.4777
0.4449
0.8387
0.1096
1.3947
0.6825
0.4579
1.1943
1.4845
0.117
1.0374
0.1124
0.1156
1.0197
1.3223
1.1748
0.8703
0.8251
1.0828
0.1179
0.9583
0.9255
1.0463
1.4441
0.4016
1.1983
0.1169
0.1174
0.8345
1.2482
1.3398
1.0992
1.6695
1.0711
1.051
0.9912
1.4202
1.6539
1.0349
1.335
0.939
0.9666
1.4156
1.0478
1.2267
1.1181
1.227
1.2483
1.152
1.4348
0.7978
0.11
0.1163
0.5711
0.6882
0.1174
0.8125
1.8407
1.2023
1.2681
0.1097
0.1155
0.1151
0.1146
1.2077
0.1148
0.6651
1.6075
0.1205
0.1431
0.6443
1.2395
1.3634
1.182
0.1095
1.3659
0.4817
0.1158
0.1095
0.3928
0.1239
1.6256
1.175
0.1418
0.1129
1.5064
1.3494
0.9751
1.4294
1.4284
0.4677