0.4435
0.3891
1.4386
0.1125
0.1124
0.1271
1.361
3.4883
1.169
1.3024
1.3056
1.4862
0.153
0.1119
0.1211
0.1552
1.8316
0.9259
0.5115
1.542
1.9961
0.1121
0.8395
0.1236
1.3616
1.6307
0.7565
0.5555
1.2555
0.7952
1.5151
1.2676
1.0739
1.2997
1.6093
0.9812
1.1663
0.7885
1.2874
1.0876
0.4819
0.9811
0.381
1.4849
1.9915
1.7369
0.7334
1.4595
1.2461
0.7643
1.2732
0.815
1.6002
2.1039
1.219
0.112
0.9072
1.5772
0.4337
0.5613
0.4577
1.6211
1.295
1.8188
1.9652
0.1192
0.7237
1.1808
0.7601
1.0594
2.1918
1.0387
0.1229
1.2516
0.8801
1.2208
0.6306
1.439
0.8879
1.1456
1.0967
1.2756
1.2391
2.2534
1.1754
1.5186
1.1807
0.1121
1.1537
0.8206
1.1397
0.679
0.7148
0.4014
0.5053
0.1207
1.9911
0.9884
0.9723
0.575
0.1124
1.3522
0.1222
0.1222
0.1202
1.0291
0.128
0.1298
0.1083
1.7797
1.9163
1.6092
1.3386
0.4913
0.109
0.4721
0.9497
1.5277
0.1284
0.1279
1.3047
1.1937
1.2531
0.6741
1.4962
1.5519
0.8878
1.1914
0.1276
0.6869
0.5482
1.7876
0.996
1.0552
1.8852
0.112
1.0864
1.408
1.2208
1.1879
0.1229
1.6532
0.7095
1.4561
1.4405
1.2105
0.1085
1.1018
0.1093
1.9712
1.3167
1.6809
1.0697
1.6447
1.2067
1.1473
0.7464
0.9103
1.7543
1.3619
1.2277
0.9398
1.334
1.2466
0.1319
0.1275
1.2198
0.9867
0.8189
0.1246
0.7371
0.9608
0.7366
0.9117
1.2132
1.038
0.9354
1.4765
1.9592
0.6202
0.9473
0.1122
0.1121
0.538
1.6698
1.1517
0.1133
0.4632
0.7759
0.7358
0.9986
1.2884
0.8155
0.4438
1.62
1.3108
2.2565
1.2382
0.4657
0.6097
0.7519
0.7202
0.7333
0.1327
0.1317
0.8348
1.3778
1.6716
0.1267
0.809
1.7906
0.7782
1.8325
1.1935
0.7712
0.109
0.7487
2.9448
1.3623
0.8028
1.9178
0.6355
1.4494
1.7808
1.3272
0.9839
0.8895
1.2039
0.112
0.1251
3.2712
1.982
0.8567
1.1061
0.6904
1.2776
0.1253