0.4623
1.0074
0.5542
0.9229
0.4578
0.455
1.1093
1.4545
1.4767
1.3759
1.1819
1.6491
1.3461
0.5152
0.3721
0.5982
1.4067
1.6609
1.4637
1.6812
0.9977
1.1617
0.754
1.6881
1.7593
1.9679
0.9812
0.1101
0.1163
1.3405
1.3747
0.9301
0.4123
1.6083
2.5281
1.1843
0.7889
1.6254
1.3225
1.0865
1.1379
0.4814
0.1174
0.2832
1.2671
1.7006
1.1433
1.15
1.0162
0.4408
1.541
0.682
1.2353
1.3906
1.4694
1.5379
0.7598
1.0593
2.0785
0.3338
1.1573
1.1147
1.4116
0.1074
1.2516
1.0748
0.1099
1.6575
0.5065
1.6085
1.3788
0.5124
0.4094
0.6935
0.6197
0.4256
0.6937
1.4577
0.4287
0.962
1.1887
0.1097
1.0641
1.1828
1.1625
1.8137
1.4032
2.2349
1.0486
1.642
1.6482
0.1159
0.8904
1.2571
0.1154
0.1162
0.1185
0.9322
0.9709
1.9785
0.1098
1.7418
1.4624
0.1102
0.863
1.4686
1.3401
1.0418
1.6865
2.2586
1.2114
0.6967
1.1428
1.3806
0.967
0.6913
0.6584
0.11
0.116
0.1189
0.1152
1.0592
0.6471
1.2246
0.6245
0.6027
0.9509
0.731
1.7683
1.392
0.1152
1.2852
1.4116
1.1993
1.5112
1.6548
1.305
1.6393
2.0735
0.7857
1.0113
1.4635
0.1158
0.1165
1.9756
2.3255
1.5659
1.2125
1.6271
1.7773
1.0899
1.2712
0.4747
0.9983
1.0643
1.2803
1.6242
1.223
1.1828
1.7025
1.1772
1.7772
0.5404
0.248
1.466
0.3571
1.6801
1.1321
0.1379
2.2749
1.6288
0.6681
1.3152
0.3212
1.6206
1.5336
1.4183
0.4997
1.9558
0.1151
1.6091
0.3604
1.4862
0.1159
0.9339
0.5552
1.0408
1.3878
1.0945
0.4476
0.1157
0.6071
0.9207
1.0679
0.6457
0.9182
0.9972
0.7147
1.831
0.5975
0.9999
1.3597
0.9899
0.116
1.1407
1.1218
0.3063
0.1149
0.1148
0.1093
1.0708
1.0304
1.2061
0.8219
0.912
1.3979
1.8262
1.4213
1.2352
0.8584
1.0687
0.1149
1.4541
1.1027
1.4618
1.0661
1.2033
1.0465
1.2796
0.4404
0.4072
1.0744
1.1772
1.9057
1.0934
1.2116
1.3754
1.7912
1.5638
0.8688
0.853
0.7966
0.8335
0.8756
1.4433
1.403
0.1099
0.1193
0.1163
0.3377
1.3877
0.1375
0.3896
1.7033
0.6073
0.9519
1.1198
0.313
1.1603
1.6111
1.1992
0.1187
1.0034
0.2744
0.4163
0.4115
1.9287
0.7576
1.5483
1.2387
0.1166
1.0081
2.1201
1.0729
0.1153
0.1156
0.9886
1.6926
0.7892
2.158
0.1159
0.4288
1.7837
0.7066
1.4049
1.6266
0.8649
0.9635
0.5602
1.3443
0.6971
0.1161
0.5394
0.1117
0.1078
2.0571
0.9854
1.0369
0.1378
1.0457
1.6866
0.8472
0.1075
1.0957
1.5868
1.3522
0.1163
0.1098
0.1141
0.857
1.0308
1.225
1.396
0.1293
1.5957
0.818
0.1151