1.2748
0.8105
0.4929
1.1212
1.6768
1.4669
1.1225
0.1104
1.2108
0.1205
1.2146
1.1048
0.6221
0.71
0.7793
0.8443
1.0744
1.5494
1.161
0.6997
0.7747
1.1416
0.8352
0.3731
0.1187
0.1108
0.1117
0.1079
1.0527
1.4072
1.3909
1.5162
1.6712
1.1378
0.1108
0.1106
1.2744
1.2498
1.7084
1.5711
0.1219
0.1111
0.1104
1.5646
1.8244
0.4924
1.3259
1.4114
0.1101
0.4437
1.4363
1.2849
1.183
1.0176
1.4598
0.6134
1.2166
0.7397
0.1105
1.2087
1.1368
0.6201
1.3098
1.2116
0.5856
0.3583
0.1189
0.53
0.1365
0.7192
0.5533
1.1004
1.0431
1.6221
1.5381
1.5988
0.1243
2.5819
0.1237
1.4402
1.8477
1.6789
1.6373
0.6089
0.637
1.6872
1.9579
1.2996
0.1106
1.2807
0.8148
2.2434
0.1157
0.9413
1.2506
1.2402
0.111
0.1112
0.1106
0.111
1.4053
1.3802
0.1079
1.7049
0.9361
2.2994
0.8729
1.5312
2.2844
0.9161
0.8485
0.8677
0.1201
0.6341
0.9416
0.8448
0.6367
1.4026
1.2226
1.8697
1.0217
0.8078
0.8881
1.7936
1.4324
1.4367
1.1528
0.6168
1.0297
1.0225
0.5765
1.3976
1.2314
0.9158
0.1107
0.9294
1.5014
1.0894
1.2969
1.8004
1.0477
1.263
1.3207
0.5125
1.1366
0.7544
0.5131
0.5032
1.2538
0.8231
1.4408
1.195
1.9498
1.9626
0.6421
1.3176
1.8533
2.3301
0.1102
0.8286
1.8804
1.7395
1.5048
2.2908
1.2045
1.2668
0.3558
0.8644
0.5054
1.0271
0.649
0.6179
1.5852
1.3453
0.7882
0.5182
0.8394
0.8969
0.1106
0.9768
0.5597
0.5435
0.5774
0.8403
1.2305
1.2155
1.5437
1.1616
1.9214
1.3095
1.4534
1.5592
1.2068
0.6591
2.6614
0.9686
0.5968
0.1114
1.388
0.9014
0.7695
0.9435
1.4872
2.0441
1.7372
1.3862
0.9143
2.1351
1.5553
1.1293
1.4506
1.449
0.8159
1.2212
0.4826
0.4582
0.5365
0.125
1.0547
1.3895
0.1106
0.1156
0.7826
1.0009
1.0474
1.6194
1.0916
0.6512
1.1724
0.5894
0.7131
1.1749
0.6503
1.1005
1.7579
1.3499
0.5134
0.4123
1.4527
1.0072
0.5041
0.9951
1.7041
0.9625
0.8181
1.549
0.6214
1.4687
0.6835
0.1185
0.1205
0.5101
0.1203
0.8616
0.1115
0.7808
1.3853
1.69
2.093
1.6905
1.2319
0.1221
1.0959
1.2452
0.9294
1.5218
1.2275
1.2424
1.0947
0.8589
0.6908
0.8258
0.1107
0.1109
1.0769
1.0287
0.1384
0.9579
0.7208
1.3525
2.1887
0.7626
1.572
0.1075
0.6597
1.2426
2.044
0.5912
0.7771
1.0188
0.9287
1.9063
1.2102
0.9087
0.6573
0.7132
2.35
0.1105
1.1358
0.1139
0.8229
0.1108
1.5778
1.0245
0.4656
0.1107
0.4026
0.7912
1.8206
0.1159