0.1105
0.1106
2.7068
1.8035
0.9649
0.1164
1.2783
0.6547
1.8141
0.9609
1.087
1.0792
1.0327
1.1189
0.1165
1.2916
2.2628
2.0765
1.586
0.6538
0.9122
1.1476
1.4321
1.024
1.5758
1.6373
1.3438
0.8954
1.0689
1.5974
0.4195
1.1218
1.4742
1.4109
0.7032
1.529
1.2491
1.2119
1.2435
1.9619
1.6284
0.9421
0.5661
1.312
1.2048
1.5976
1.772
1.4589
1.736
1.4821
2.0284
0.1181
0.1167
0.1165
0.6224
1.3467
1.3887
1.2626
0.9257
1.4886
1.4569
0.6943
0.4719
0.5628
0.1111
0.8996
1.1397
1.1576
1.2536
0.5894
1.1078
1.0461
1.7859
0.117
0.4269
1.6939
0.5909
0.8327
0.7033
0.8622
0.7713
0.9873
0.5788
0.1165
1.9533
0.891
0.749
1.8942
0.887
0.119
0.3535
0.4609
0.1103
0.1106
0.1183
0.1163
0.1193
0.4368
0.1427
0.1375
1.0766
1.155
1.6386
1.6894
1.9809
0.1175
0.1164
0.8457
0.9906
0.1078
0.6128
0.6717
0.8789
0.9469
0.9947
0.1184
0.1333
2.0182
2.1095
1.1089
1.0808
1.037
0.1338
2.31
0.6416
1.3356
0.8625
0.9922
0.7728
1.3626
0.953
1.3072
0.7562
1.3438
1.0318
1.5726
2.018
1.1831
1.029
1.3047
1.1831
1.3096
2.3884
1.3863
1.7134
0.7627
0.1106
0.8747
0.9973
0.1168
0.4856
0.6919
0.8861
1.1667
0.5196
1.2116
1.52
0.7119
0.1168
1.0353
1.4768
0.7228
0.6636
1.5737
0.9853
1.0983
1.4793
0.8423
0.8662
0.7871
0.4704
0.6479
0.1205
0.1166
0.6987
1.1314
1.7043
0.7083
0.982
0.9673
0.1106
1.0309
0.1166
1.3418
0.1105
0.9894
1.4171
1.3702
1.4603
1.0007
1.749
1.8078
1.8609
1.0184
0.1166
1.4358
1.6144
1.7628
1.5278
0.8765
1.495
0.1102
1.0738
1.1988
1.0357
1.7146
0.9846
0.8161
1.4078
1.4409
1.7931
0.7297
0.1103
0.1103
1.3346
0.1172
1.2958
1.1742
0.5664
1.6173
1.6833
0.1102
0.8936
0.6857
0.5879
0.9877
0.9256
1.3421
0.9622
1.4892
0.5531
0.4804
1.1013
0.9919
0.8817
1.4555
1.3077
0.7523
0.119
1.6951
0.1172
0.1184
0.4784
0.8068
1.0919
1.6476
1.1294
1.3131
1.778
0.1104
1.0487
1.3862
0.9079
1.5236
1.0827
0.6122
1.0667
1.0579
1.6993
1.3671
0.1105
1.435
1.3326
1.1846
1.1218
0.1194
1.1065
0.9821
0.9253
0.9013
0.9896
1.2738
0.925
0.9398
1.3639
1.8903
0.873
0.1102
0.1103
1.012
0.5397
2.0886
0.6443
1.6804
0.1179