0.9917
0.124
1.4464
0.8572
0.9559
1.2931
1.2141
0.9065
0.5989
0.5355
0.4257
1.7579
2.5187
0.7563
1.8868
1.6778
1.3447
1.8814
0.7016
0.6781
1.7108
1.3162
1.5324
1.5965
0.1155
0.1137
0.1193
0.9589
1.3679
0.518
0.6928
0.8045
0.8841
1.0691
1.3353
1.9954
1.3115
1.919
1.2758
1.6782
1.4529
1.2443
0.5052
1.4039
1.2388
0.1315
1.1735
1.0101
0.11
0.11
1.7818
1.8681
0.3531
1.5991
2.083
2.1485
0.11
0.8309
1.3401
2.288
1.8543
1.4472
1.0688
1.2158
1.5299
1.7216
1.0533
0.1145
0.927
0.993
1.0511
0.1146
1.1529
1.2008
1.0931
1.4634
0.6482
1.1483
0.2997
2.2686
1.1967
1.7129
1.1924
0.5962
0.1314
0.902
0.9684
0.8929
0.3446
0.8045
0.68
1.0857
1.2476
0.8491
0.9391
0.7339
0.8528
1.5368
1.4884
0.8829
1.3758
1.187
0.7495
1.4289
0.1101
0.1101
0.4964
0.8695
0.9253
0.735
0.7776
1.0508
0.7867
0.5908
0.9063
0.8496
0.4597
0.4424
1.935
1.6701
1.019
1.6499
1.6464
0.4694
0.4191
0.5564
0.1142
0.1143
0.1146
1.0564
0.3828
0.7679
0.7106
0.124
0.1242
0.1158
0.4033
0.3771
0.4226
0.2379
1.3763
1.6432
0.3047
0.3752
1.4461
2.3163
1.5893
1.3163
0.4944
0.3053
0.1183
0.1305
0.1308
0.1305
0.8734
1.5973
1.3771
1.3606
0.3874
1.5385
0.7526
1.2921
1.838
0.7385
0.4771
0.6893
0.7625
0.9049
0.7306
0.9719
0.3695
1.6347
1.4012
1.4807
1.3931
0.8923
1.0153
0.5943
0.3246
0.3438
1.5337
1.3789
1.9438
1.0478
0.709
1.9932
1.6152
1.6067
1.2481
1.7866
0.8036
0.5514
1.2556
0.7779
1.605
1.5796
1.1802
1.1171
1.4085
1.5314
1.0443
1.8841
1.809
1.5468
0.884
0.9685
1.147
0.4735
0.116
0.1141
0.114
1.2315
0.8445
0.9558
1.198
0.11
1.4326
1.7718
2.0442
1.9153
1.5476
1.6114
1.9203
0.1145
1.4373
1.5234
0.1151
0.4111
0.1376
0.3606
0.1147
0.1144
0.8014
0.667
1.1926
1.9603
1.0787
0.7023
1.5238
0.5459
1.8187
1.8655
0.1141
1.1314
1.5464
0.11
0.4565
1.1589
1.2085
1.3496
0.6275
0.11
1.9229
1.7273
0.4109
0.1143
1.5722
0.114
0.1138
0.1143
0.1138
1.4181
1.3954
1.0317
1.1645
1.3759
1.4697
1.2391
0.5828
1.2963
1.5365
1.0744
0.3013
1.3123
0.9196
0.5701
1.1709
1.5668
1.0709
2.3272
0.3905
1.2446
1.1015
1.3342
0.1146
1.1446
0.1143
1.0431
1.6065
0.625
0.1143
1.2763
1.4217
0.1144
1.6039
1.2192
1.2657
0.7091
1.1186