0.8859
0.1171
1.4694
1.0859
1.4741
1.2452
0.1017
0.1036
0.1035
1.1486
1.4517
1.0913
1.9103
1.2829
0.1022
0.7447
0.4255
1.6681
1.088
0.1022
0.9026
0.1022
1.4799
1.1856
0.5848
1.4833
1.6259
2.314
1.6049
0.8961
1.1482
1.1993
1.3911
1.177
0.1022
0.6691
1.468
1.2424
0.9199
0.7295
0.8387
0.9479
1.44
1.0381
0.8578
1.9709
1.0122
1.0267
0.7712
0.5461
1.1976
0.643
2.0417
2.1402
0.1022
2.3506
1.1419
0.8369
1.4205
1.383
1.5256
1.8434
1.2008
0.6417
3.0016
0.421
1.3701
0.1016
0.582
0.9176
0.3667
1.5403
1.8382
2.1423
1.752
1.7649
0.1045
0.8911
1.6978
0.9654
0.7376
1.8212
0.9018
1.6867
1.3538
1.2364
0.6804
0.1025
0.4782
0.1986
1.5829
1.3288
1.6689
0.1029
0.1022
1.0247
0.6436
1.0786
1.0394
0.985
1.0983
1.6019
0.1022
0.4411
1.2656
0.1022
1.1536
0.1023
0.4036
2.2243
2.5085
0.6729
1.0217
1.2509
0.9789
0.4846
0.1036
1.1305
1.0403
0.8987
1.7761
1.5084
1.6882
1.1371
0.4016
0.9132
1.0486
1.2044
1.4644
0.1022
1.0538
1.0641
0.1031
0.574
0.114
0.6648
0.3462
0.3967
0.4337
0.7957
0.5048
1.2528
1.1113
0.8678
1.6058
0.1029
0.1022
0.1022
1.7193
1.0396
0.9134
1.4634
0.1045
0.8283
0.8053
0.9187
0.3272
1.2587
0.483
0.1021
0.7679
1.2869
1.0984
0.8685
0.5974
0.2321
0.6363
1.8912
1.3382
0.1043
0.8309
0.1022
2.0731
1.2466
1.0446
0.8087
0.1037
0.7519
0.7536
0.5962
2.3496
0.1037
1.2294
0.1045
0.909
1.2423
1.4968
1.2165
1.2087
1.1271
1.4307
0.1036
0.1056
3.5183
1.5109
1.7156
1.2096
0.1082
0.7338
2.0688
1.2787
1.1752
0.1017
1.4773
1.5515
1.4408
0.7443
0.788
1.8541
1.1636
0.4017
0.8499
0.5497
0.6299
1.325
1.5561
1.8982
0.1022
1.4425
1.205
2.1181
1.0095
0.7452
0.4792
0.8424
1.1889
0.9329
1.1371
1.0802
1.1175
1.9327
1.9188
0.9433
1.0082
1.8079
0.9882
0.1037
0.1056
1.6707
1.198
1.7362
0.3082
0.4043
0.9265
1.5594
1.1908
1.4643
2.0539
0.1016
0.1024
0.5113
0.1022
0.1022