1.5625
1.129
1.0171
1.4246
1.734
1.4499
1.4343
0.9784
1.1061
1.1563
1.249
1.2871
0.8195
0.875
0.956
1.7703
1.821
1.2011
1.6731
0.1107
0.8794
1.7286
1.47
1.5049
1.2082
1.7099
1.2389
1.2049
1.2461
1.1292
0.1108
0.1118
1.4717
0.7871
1.3756
0.795
1.4663
1.1983
0.1106
1.7688
1.1149
1.5287
1.3002
1.1194
1.3977
1.0541
1.2277
0.3526
2.0316
1.5244
1.3192
1.3173
1.103
0.655
0.1113
0.5227
0.2943
0.5787
1.0848
1.2673
0.1109
0.9532
1.4213
0.9113
1.6227
1.1059
0.5955
1.2955
2.0154
0.1224
1.2736
0.6892
1.0539
0.6733
1.5535
1.7887
1.8558
1.0081
0.8475
1.8081
1.1377
1.4132
1.0491
1.5981
0.4209
1.3813
1.7068
1.4258
1.2622
1.3586
1.0758
1.2013
0.1177
2.0932
2.0
1.6883
0.5685
0.1108
0.9839
0.405
1.2457
0.6753
0.8384
0.799
0.7607
0.1169
0.8817
1.1287
1.4917
0.4005
0.345
1.5604
1.8649
1.6894
0.972
1.6814
1.4019
1.6301
1.1527
1.096
0.554
0.9336
1.1854
1.4508
0.1112
0.111
1.4047
0.834
0.1109
0.4854
1.1371
1.1216
1.3198
0.7244
0.3766
1.5138
1.0945
0.1178
0.1175
0.1179
0.8779
0.9708
1.9189
1.8328
0.1364
0.1106
1.7499
1.0805
1.3974
1.4481
0.1117
0.1106
0.6142
1.2843
0.6719
0.1107
1.7009
1.5526
0.1106
1.7155
0.1107
1.3085
1.0135
1.4038
1.136
1.2991
0.9511
1.574
0.9139
1.8543
1.0595
0.4188
0.3236
0.9141
0.3241
0.3928
1.0498
1.5401
0.9527
1.167
1.4525
0.349
0.3562
2.5081
0.3593
1.0651
0.9886
0.1106
0.1119
1.0883
1.5822
1.2015
0.1182
0.7984
0.9782
0.8486
1.7075
0.9175
0.6678
0.7435
0.9263
1.5297
1.2156
0.7554
0.3727
1.1271
1.2734
0.4588
0.1189
0.1191
0.1403
0.7233
1.3753
1.5365
0.8084
0.1107
1.2086
0.6456
0.8646
0.1176
1.2561
1.0031
0.7677
1.3933
0.341
0.4887
0.5915
0.5717
0.6963
0.7178
0.8081
0.65
0.1184
1.2703
0.7847
1.6566
1.1733
1.4152
1.3032
0.1225
1.1599
1.1434
1.3633
0.8254
0.9356
1.2489
0.3848
0.7498
1.4795
0.1181
0.1417
0.4114
1.6294
1.0817
1.4095
0.334
1.367
1.871
1.0935
1.5492
0.1173
1.8503
1.2009
1.2443
0.8042
0.9748
0.4139
0.5139
1.8325
1.182
0.1172
2.5407
1.7462
1.7884
0.348
1.0726
1.0061
0.1177
1.1377
0.8556
1.3692
0.9888
1.1934
1.2629
0.2936
1.5722
1.3718
1.4052
0.9369
1.2964
1.5695
1.4679
0.6128
0.8815
2.1529
0.4896
1.8519
1.1453
0.4828
1.0404
0.7988
1.5954
0.8312
0.1171
1.6711
1.4656
0.657
2.161
0.1178
0.909
1.0163
0.6634
0.4046
0.1177
0.1428
0.1466
0.8613
0.6465
0.1168
1.3102
0.1108
0.1079
1.2276
1.9201
1.739
0.6488
1.0011
0.7899