1.3207
0.4103
1.8346
0.7287
0.5043
1.8133
2.8033
0.6074
0.3295
1.5683
2.6075
1.2748
0.8724
0.3954
0.8934
2.1428
1.326
1.9221
1.1299
0.888
1.0688
1.5338
2.3034
1.5388
0.629
2.4749
0.8574
0.9598
0.1095
0.1095
0.5985
0.4215
0.4733
0.487
0.3725
0.5233
0.5214
0.4586
0.4104
0.4311
0.113
0.5223
1.0375
0.7464
0.938
1.1156
1.1279
0.54
2.1071
2.4103
1.2377
0.1128
0.1132
0.113
0.4381
0.5082
0.5103
0.499
0.3922
1.0134
0.4784
1.1368
1.0216
0.5766
1.2071
0.6968
1.7448
2.211
1.622
1.2837
1.9254
2.0766
0.1202
2.6217
2.1476
0.3606
2.3463
0.1129
0.1094
1.9575
0.695
0.6442
0.2922
1.0411
0.7971
0.5955
0.1194
0.9969
0.5243
1.9301
1.8975
3.1042
1.8302
1.6729
0.5713
0.7041
0.5808
0.5945
0.7806
1.0116
1.0881
0.864
0.1129
0.8653
0.56
0.8534
0.334
0.6586
0.7962
0.4391
0.4298
1.3602
1.1516
1.5482
0.6405
2.3822
1.4248
1.6463
0.1317
0.1125
1.7163
0.4597
0.4124
0.3832
0.7012
1.6701
1.8695
1.7451
1.8265
1.3069
0.5998
2.655
0.7925
1.5551
2.5271
0.5023
1.1149
2.1593
0.113
0.1131
0.1131
0.8271
0.714
0.8663
0.6465
1.3918
1.6285
0.3004
0.268
0.2839
0.1159
0.4093
0.4784
0.2449
0.8018
0.8516
1.024
0.1321
0.5143
0.1094
0.517
0.7758
1.2184
0.3598
1.5758
1.0138
1.7133
2.2464
1.1928
1.5531
0.9708
1.0472
1.3482
0.7492
0.6789
1.8388
0.8397
0.4483
0.418
1.0688
2.0426
1.4808
0.1094
1.3916
1.5084
0.1129
0.8919
1.7724
2.5009
1.4993
0.1129
2.0874
1.554
0.6274
0.1191
2.5116
2.9805
2.1832
0.5786
0.9364
0.9297
0.9168
1.0446
0.5836
1.3182
0.1295
0.1177
1.7027
0.1295
0.113
0.113
0.1128
0.112
1.8974
0.132
0.9929
1.2289
1.3471
1.1231
1.1376
1.0722
0.8892
2.6586
0.7653
0.4103
1.3385
0.814
1.8951
2.1876
1.5756
0.4348
1.2129
0.3749
1.94
1.2353
1.6132
0.1095
0.5426
1.7582
3.096
0.835
1.8742
1.8184
0.1129
0.3842
0.5225
0.1201
0.7039
0.3348
0.3402
0.7713
0.8573
0.8558
1.2325
1.3435
3.2085
0.4606
0.1185
0.1158
0.1176
0.1175
1.1112
0.1199
0.4279
0.12
0.1192
0.1199
1.0427
2.0804
0.5469
2.8974
0.8927
0.7209
1.2801
1.9638
0.512
1.8583
0.1191
0.4685
0.3951
1.4678
0.9391
1.7969
0.6542
0.1195
1.2414
1.3031
2.3664
1.2898
0.7966
1.5675
1.4188
0.5253
1.7162
0.114
0.1129
0.1131