0.1136
0.1135
0.1134
0.7279
0.4314
0.5104
0.4615
0.596
2.2536
0.1136
1.2489
0.9027
1.5212
1.4116
1.6492
1.2316
1.1132
1.4688
1.1586
0.4181
0.9689
1.5591
1.814
0.132
0.1333
0.1123
0.1331
1.1138
1.0762
1.2066
1.2515
0.1349
1.1248
1.2201
1.2185
1.1562
1.4899
1.5145
0.6554
0.6138
0.468
1.7725
1.0386
1.4096
0.4115
2.3548
2.8405
1.6045
0.5464
1.9043
0.1139
1.0178
1.1821
1.6883
0.1136
1.9168
1.7287
0.6348
1.1906
1.5184
0.1074
1.5024
1.7432
1.1738
1.3691
0.7567
0.504
0.722
0.4193
0.3125
0.1378
0.8639
0.5475
0.6264
0.5471
1.102
1.898
0.3898
1.4776
1.5486
0.7488
2.1614
1.4443
1.5133
1.0614
1.4675
0.1249
1.745
0.7649
1.3569
1.1812
1.4692
1.6923
1.0075
1.2548
1.1456
1.0557
1.0403
0.5248
1.3141
0.3004
0.9659
0.1141
1.1716
1.0803
0.1095
1.2504
0.1139
2.5386
1.5387
1.5068
1.2602
0.1136
0.6775
1.3261
1.8861
1.0959
1.2601
0.1141
1.12
1.2442
1.2076
1.1024
0.9399
1.6008
0.9657
0.1142
0.1095
0.1096
0.1143
0.1144
0.1094
0.7284
0.4811
0.6359
1.236
1.5988
1.1572
1.8339
1.4637
1.4054
1.453
1.2889
0.9501
0.9641
1.6326
1.5661
0.6206
0.4902
0.5193
0.3679
1.453
1.5761
0.1135
1.402
1.0328
0.9212
0.7786
1.2086
0.9806
1.5698
1.0524
0.813
0.3388
0.7118
2.318
1.3485
0.9682
1.796
1.8119
1.552
2.1428
0.9065
0.4397
0.1134
1.1077
0.927
1.295
2.2969
0.3955
1.7849
0.4867
0.9075
0.6948
1.1317
0.3883
0.4364
0.4
0.9776
1.1905
0.4104
0.8921
1.0062
1.0311
1.0587
1.3575
0.6054
0.1094
1.4215
2.5669
1.7259
0.8375
1.4913
1.6454
1.4346
0.9259
1.5818
1.2553
1.2406
1.7008
0.9972
2.6823
1.3646
0.9644
1.0135
0.6272
0.8822
0.5273
1.0443
0.8238
0.8813
0.6012
1.2054
0.5458
1.3017
0.3619
1.1103
0.5627
0.1141
0.114
0.9175
1.2993
1.1979
0.1095
0.1243
0.5394
0.4996
0.1096
1.0835
0.1137
1.2173
1.7192
1.1137
1.2408
0.9866
0.1134
2.1257
1.0581
0.8716
0.1139
1.6078
1.9901
0.6698
0.114
1.4726
1.324
1.5927
2.0204
0.695
1.5078
1.5578
0.9356
0.1138
1.7897
0.1139
1.1063
2.7093
0.8801
0.1137
1.4283
2.1185
1.1958
0.6297
0.128
0.1106
0.1343
0.5025
0.9869
2.2935
1.3738
0.1249
1.5457
0.1124
1.0436
1.4373
1.4152
0.979
1.4638
0.1366
0.4831
1.452
1.098
0.596
1.6323
1.3372
0.6453
0.5899
0.9907
0.4003
1.0903
0.3629
0.9121
1.1137
1.3561
0.4137
0.1149
1.178
1.8981
1.3372
0.4147
0.1152
0.1167
0.6131
0.89
1.0335
0.8568