0.1045
0.1046
0.5323
0.7267
1.2466
1.565
1.4209
1.4646
1.1454
2.4459
1.5957
1.4275
1.0734
1.6705
1.1673
1.9506
2.3578
2.2106
1.1143
0.8204
1.014
0.5398
0.6626
0.6866
0.5324
0.6709
0.7461
0.7534
0.5377
0.7595
1.0912
1.3748
0.8308
1.381
1.0382
0.1016
1.1911
0.9287
1.8247
1.7942
1.3608
0.1106
0.1023
1.3149
0.1023
0.8246
1.1722
0.625
1.2714
1.8457
1.1732
0.7138
1.3431
0.8801
1.4169
0.7771
1.1243
0.9187
0.1016
0.9187
0.7283
0.7088
1.92
1.8779
0.8229
2.0077
1.2793
1.0237
1.4979
1.3434
0.7324
1.5571
1.4383
1.4525
1.509
0.1113
0.1022
0.1021
1.2159
0.1022
0.1023
0.1067
0.1086
0.1022
0.5129
1.1298
2.144
0.8903
1.6228
0.1093
1.6079
1.2775
0.1123
1.3427
0.1022
0.8308
0.1022
0.823
0.1022
2.0613
1.5069
0.1022
1.1707
0.884
1.9531
0.611
0.6016
1.4796
1.4536
1.5633
1.3987
1.2535
1.1213
1.4771
2.1438
2.0681
2.1428
0.1022
0.8774
1.6433
0.601
1.4718
0.1022
1.3338
1.4388
2.04
1.2459
0.5617
0.9901
1.3925
0.893
0.1032
1.8512
2.0264
1.4225
1.014
1.302
1.2614
0.1022
1.2305
0.8954
1.6564
1.1852
1.4275
1.7262
0.8605
0.8109
0.9659
0.1022
0.711
0.553
0.543
0.1098
0.398
0.5458
0.3474
0.1099
0.7895
0.1022
1.6438
0.9652
1.2725
0.722
1.1817
1.3479
0.7683
1.1537
0.1033
0.8872
0.986
2.3239
1.6777
0.923
0.6853
1.9243
2.2193
1.2676
1.5807
0.7131
0.7009
1.0041
1.5478
1.2743
1.3067
0.8174
1.1767
1.0358
0.7055
0.1022
0.7058
0.6615
0.644
0.1022
1.3492
0.9511
1.0094
0.1021
1.7065
1.4389
1.3156
0.8932
0.9776
1.5841
1.797
1.7267
0.106
0.9107
1.1228
0.9999
0.1022
0.1022
0.5942
1.1582
0.5902
1.646
0.1044
0.1097
1.2451
0.7789
0.8216
0.1016
1.1876
0.1033
0.9183
0.7377
0.8772
0.8175
0.7162
0.1027
0.1079
1.6523
0.1013
1.5856
1.4065
1.392
1.5181
1.0957