0.5056
1.0826
2.4305
0.6725
0.8022
1.3359
1.1811
1.6262
1.0458
0.6003
1.0552
1.0803
1.3153
1.0859
1.5342
0.1095
0.4419
1.8433
1.9176
0.7515
1.1529
0.6238
1.2654
1.0292
0.1187
0.1162
0.1172
2.3733
0.9739
0.8272
0.12
1.6368
1.7244
0.8422
0.966
1.4993
2.3551
1.7643
1.5333
0.1276
0.1095
1.5256
0.7709
1.2057
1.0722
1.121
2.095
1.8211
1.4376
0.1153
0.1175
0.1228
1.5529
0.9381
0.7688
1.5528
0.1096
1.052
1.1143
0.7723
1.5346
1.3693
1.9914
1.4012
0.1203
0.6388
0.7999
1.5178
0.645
1.59
0.1097
0.7643
1.0935
0.7068
1.5553
1.0764
0.6312
0.238
1.9655
0.8836
0.469
1.3975
1.5237
0.3449
0.6241
1.2481
1.8223
1.081
0.7232
0.121
0.1207
1.307
1.4395
1.2295
0.7959
0.4866
0.1217
1.838
0.1213
1.6635
0.4158
1.614
0.4614
1.6812
0.1095
1.4443
0.3363
1.5699
0.1098
0.8412
0.781
0.7862
1.1245
1.4413
1.7935
0.772
0.7108
0.1176
0.1191
1.385
1.7561
1.4118
0.9826
3.015
0.8681
0.8295
1.6324
0.5518
0.9892
0.8174
1.6351
0.5606
1.5086
0.6264
0.8371
1.2608
0.1159
0.3366
0.987
0.4265
0.6336
0.4921
0.5414
0.1205
0.1162
0.1219
1.1282
0.7639
1.7201
0.1206
0.107
1.535
0.346
1.1082
0.9409
1.4956
0.1201
1.4052
0.8991
0.462
2.13
0.9019
0.6315
1.853
0.1213
0.1214
0.1197
0.1182
0.1178
0.8396
1.1497
1.0458
0.9874
0.9533
0.1075
1.1981
0.414
1.1855
1.05
0.9087
1.3625
0.1312
0.1099
0.1301
1.4974
1.0164
0.8777
1.9029
0.3863
1.9748
0.1192
0.4166
0.8868
0.6748
1.3322
0.7866
1.7705
1.148
1.4938
2.1642
2.9669
0.7369
1.1671
0.8043
1.3873
1.1115
0.8162
1.4689
1.1591
0.99
0.1198
1.2575
1.3305
0.8758
1.203
1.8772
0.1075
1.0082
1.0064
0.77
2.061
1.6454
0.6885
0.8886
3.6958
1.0793
0.2855
1.7015
0.1204
1.667
1.0705
0.1105
0.1097
1.7633
0.1168
0.7706
2.8149
0.1097
0.6817
0.8004
1.9887
0.6886
1.7093
0.483
0.9613
0.449
1.9617
1.1165
1.2956
1.2258
1.2142
0.1164
0.117
0.1098
0.5173
0.3112
1.6553
1.6082
1.9205
1.1588
0.5797
3.3983
0.1071
1.0338
1.3715
1.2741
0.8911
1.0005
0.1201
1.329
1.1854
1.652
2.1935
0.7434
1.6331
1.6623
0.5435
0.1098
0.1162
0.665
1.6248
1.5831
1.4151
2.0036
1.7744
0.7059
1.6455
0.988
0.7439
1.334
0.1162
1.3826
0.7662
1.0327
1.611
0.5448
1.2884
2.4139
0.7934
0.5371
0.5557
1.0479
0.7347
1.3442
1.9151
1.3721
0.7987
0.8678
0.5979
0.4261
1.399
1.4633
0.1098
1.0543
1.1501
0.8108
1.1897
0.5441
0.9449
0.1099
1.4535
0.3965
1.6039
0.6671
1.5949
0.1297
0.7029