0.1113
0.1109
2.2909
1.0551
1.0024
1.9779
2.4962
0.8295
0.5957
1.5028
0.7832
0.5752
0.6828
0.5214
0.1201
0.7925
0.1163
0.1169
0.117
1.0249
2.4783
1.1212
0.9494
0.5336
0.4538
0.9609
1.6791
0.9007
1.1123
1.1498
2.4416
0.6485
1.2695
1.5167
1.8435
1.1101
0.8648
1.3812
2.2545
0.8583
2.2894
1.1882
0.5891
0.4063
2.0427
0.1167
2.0886
1.6225
1.1808
1.2329
1.6005
1.5093
0.7693
0.1081
0.7526
0.8065
0.117
0.8905
0.5825
0.5402
0.5415
0.4915
0.9141
1.8675
0.1464
1.7036
2.4767
1.2215
1.2826
1.2335
1.1549
0.8272
1.2594
1.2945
1.1769
0.6973
0.7354
1.203
0.7499
0.7757
1.8994
1.0176
0.1118
0.1112
0.8791
1.7016
1.5853
1.2816
1.3555
1.112
1.825
1.7417
0.9179
0.1198
0.16
0.1191
1.5937
1.618
0.6369
0.3703
1.5193
1.9124
0.9306
1.484
0.9156
0.1161
1.9673
0.7032
0.8672
1.0784
1.1605
0.7861
0.8596
1.2199
1.2141
0.1109
0.1114
0.5576
0.5996
0.643
0.8494
0.5982
0.6786
0.1187
0.1188
0.1185
0.111
0.1112
1.8931
0.8042
0.1111
0.1111
0.9023
1.6174
2.2526
1.0382
1.5609
0.4553
0.7647
0.1191
1.6885
0.1177
1.0257
2.0622
0.7282
0.1124
0.3307
1.245
1.0133
1.6956
0.9546
1.9903
1.03
1.0168
0.6393
0.8852
0.8631
0.5935
1.1433
1.0477
1.0485
0.8219
1.0962
1.2753
0.1165
1.6207
1.3432
1.2323
0.792
0.8671
1.0156
1.265
2.1903
1.0554
0.6288
0.7507
1.0934
1.476
0.6189
1.5551
0.1164
0.1166
1.1272
1.4563
2.6839
0.4021
1.8134
1.1162
1.2437
1.8857
1.1661
0.6137
1.3283
0.1196
0.1181
1.2358
0.6089
0.111
1.9633
1.2513
0.9971
1.351
2.2301
1.341
0.1169
0.737
0.9287
0.1178
0.7241
0.8438
0.117
0.9958
0.8022
0.1206
0.1184
0.1179
1.2042
0.9331
2.38
0.1201
0.6218
0.6505
1.8786
1.7475
4.2557
0.9258
1.0206
1.8415
0.1182
0.1198
1.3773
1.1838
1.4075
0.8741
2.3692
1.0696
1.5822
0.9233
0.5119
0.1676
0.1468
0.1196
1.1317
0.9034
0.3352
0.5288
0.736
0.7426
0.9213
1.0303
1.0554
0.5297
0.6125
2.9126
1.8758
0.5707
0.7121
0.7152
1.2727
0.1175
2.9147
0.8624