0.8699
1.2119
0.1098
1.0833
1.0395
1.0233
0.4181
0.5436
0.9175
1.5736
0.4464
0.9754
1.4331
0.7093
0.8718
1.4185
1.4004
1.5045
0.4969
1.706
0.1096
1.1838
0.881
1.2168
0.7067
0.7377
1.4864
0.1141
1.7375
0.3914
1.6626
1.1188
1.5418
2.0266
1.3374
2.1047
1.062
0.9457
1.4722
1.0578
1.4783
1.1887
1.2422
0.5494
2.4033
1.7035
0.8225
1.911
0.1244
0.1141
0.1143
0.1337
0.1331
0.1129
0.1326
1.4821
1.5024
1.0238
0.1139
0.1163
0.114
1.0681
1.0052
0.5739
1.3428
0.752
1.0409
0.8424
0.6004
0.8084
0.5713
1.6297
1.0702
0.1076
0.9678
0.1149
2.0477
1.7122
0.4217
1.0359
2.4778
1.9787
1.0839
1.7269
1.1759
1.3281
1.3363
1.1666
1.1335
1.1306
1.3398
0.5317
1.2811
1.3377
0.1141
0.1176
0.1161
1.1379
1.2105
1.1423
1.326
1.7319
2.0609
0.4999
0.1144
0.1074
1.4325
0.7687
0.1242
0.1141
0.5022
0.3056
0.3948
0.1373
0.4317
1.0965
1.5543
0.1152
0.5669
0.3819
0.5696
0.7816
1.8456
1.0402
0.6131
1.0642
0.4934
0.3666
0.4487
0.4775
0.3316
0.2875
0.5476
0.4967
0.4746
0.3921
0.5989
0.3573
1.2375
0.1141
1.2641
1.3693
2.1275
1.4888
1.1131
1.5187
1.1552
2.3619
1.3506
1.5075
1.0228
1.2428
1.9262
1.3761
0.8978
0.1153
0.9172
0.5438
1.2335
1.5362
0.1146
1.4401
0.46
0.1358
2.4602
0.4607
1.0153
1.5827
1.2109
0.6915
1.0746
1.1935
1.8316
1.8714
0.1239
0.161
0.1588
0.8481
1.1265
1.6301
1.2405
1.4682
1.6303
1.2902
1.6187
1.7241
0.1094
0.1109
1.7442
1.6074
1.6418
0.114
1.806
0.8694
1.4372
2.5472
0.9175
0.4909
1.5442
1.7902
1.212
1.1756
1.041
1.4769
1.7925
2.1478
1.7349
1.5804
0.6088
1.0989
1.7243
0.1094
1.3239
0.11
0.6146
1.2632
0.7839
0.6518
0.9208
0.7124
0.6569
1.8404
2.0842
1.3422
1.8573
0.4722
1.6046
1.2338
1.6326
1.1434
1.0956
0.1142
0.6993
0.4298
1.902
1.9014
0.8819
1.9525
1.2094
1.1534
0.1095
0.1095
0.3454
1.8486
0.8971
0.1145
0.4459
0.414
0.9866
0.1143
0.6459
1.256
0.7019
1.8273
0.8076
1.7637
0.982
1.0544
0.142
0.1215
0.7333
1.3099
0.4001
0.6894
1.5652
0.9349
0.1143
0.1143
0.9292
0.9747
1.259
0.5417
0.1142
1.9907
1.4762
0.39
0.7002
0.1095
1.1861
1.2483
0.6986
0.1143
0.8375
1.2659
0.8357
1.1965
1.2626
1.0841
1.5216
1.0711
0.7958
0.5063
1.0982
1.027
0.7228
0.5102
1.6287
1.2895
1.422
1.0306
0.1141
1.214
1.7061
0.603
2.3694
1.037
0.3509
0.9681
0.741
0.7583
1.2601
1.0037
1.7863
1.3699
1.4787
1.3816
1.5269
0.7054
0.9349
0.114
0.846
1.5491
1.5634
1.5042
2.0244