1.5292
0.8152
1.838
0.6843
0.977
0.5635
1.6381
2.0649
1.3053
2.1835
0.6098
1.124
1.3583
1.3927
1.2852
1.518
0.9994
0.793
1.5138
0.1183
1.4707
1.7999
1.4882
1.4581
0.9103
1.6789
0.1176
1.1587
1.2469
1.1782
1.7185
0.2291
1.7003
1.0807
1.3568
0.1179
0.7618
1.7688
0.8707
1.3005
0.5241
0.43
1.2624
0.7892
0.6216
0.5411
0.9247
1.1885
1.355
1.0443
0.8252
0.1326
0.1113
0.1184
0.1172
0.1176
0.4979
1.3955
2.611
1.8075
0.9533
0.1109
0.1113
0.6264
0.1226
0.3517
0.2803
0.8796
0.8058
1.1869
0.8694
0.1117
0.6413
0.7333
0.7631
1.0666
0.8344
1.3224
1.3093
0.1181
0.1202
1.3043
0.9237
1.8062
0.8265
2.1352
1.7652
0.5726
1.1868
0.4767
0.1111
1.3107
1.6894
1.5361
0.1115
0.1105
0.5351
0.1081
0.4726
1.414
0.917
0.5592
1.5914
1.4539
0.1109
0.1111
0.108
0.7365
1.921
0.9242
1.8448
0.1182
0.7998
1.0957
0.5485
0.7738
1.1311
0.7956
1.2639
0.7484
1.8109
1.7604
0.9935
0.7834
0.6978
0.8073
0.1186
0.1187
0.1174
0.121
1.4145
1.2204
0.8732
1.4003
2.6039
0.5193
1.4863
1.09
0.9537
1.8574
2.0745
0.7774
2.8078
1.1837
1.3386
1.8232
1.6517
0.8379
1.0735
0.1178
0.4767
1.2635
0.1199
0.1197
0.1196
0.9001
1.0801
0.6199
1.3205
0.6246
1.9445
1.312
0.629
1.2016
1.408
0.851
0.9141
1.2884
0.9849
0.1185
0.1187
0.7315
0.1075
1.6718
1.6509
1.4749
1.7744
1.1908
1.1969
0.7218
0.7613
1.4182
1.7999
1.9023
2.332
0.1106
0.3107
0.118
0.1276
0.1182
1.6267
1.2216
2.3595
0.7685
0.3941
1.492
0.7072
0.7338
1.6457
1.6512
1.1051
0.1316
0.2257
1.0124
2.2852
0.5481
0.5958
1.1461
0.9049
0.9543
1.4413
1.7195
2.0095
0.1183
1.8323
1.8671
0.1178
1.8553
1.3893
0.5609
1.2011
0.7006
0.1079
0.9422
0.5961
1.0249
1.5318
1.9594
0.6475
1.2064
0.111
1.4752
1.6339
1.3123
1.1419
0.111
0.3965
1.2122
1.3901
1.0953
0.4655
1.5014
1.1076
2.1323
0.1125
0.1125
1.9647
1.3179
0.898
0.7806
0.467
0.9642
2.4263
0.1108
1.1422
1.2756
0.5091
0.9673
1.2874
2.5765
2.6984
0.1107
0.5593
1.8289
1.16
0.8488
0.5744
0.9683
1.5112
1.185
0.123
0.5694
0.2854
0.4645