0.1103
0.7207
0.5372
0.6695
1.0505
0.7465
0.9023
1.3171
1.1406
2.0361
0.8994
0.6693
0.1275
0.1098
0.1108
0.154
0.1191
0.1196
1.3003
1.481
1.8923
1.1942
1.6897
0.5944
1.0544
0.88
1.5856
1.4063
1.3113
0.1128
0.1098
0.7042
1.1339
1.4224
1.1216
0.1099
1.6538
1.176
2.1229
1.984
0.874
0.64
0.1312
0.7515
1.0399
1.0136
1.0555
1.8197
1.2882
0.1269
1.0013
0.1175
1.0023
2.2204
0.6452
0.9333
0.782
1.9606
2.1319
0.8353
1.3193
0.9111
0.8301
0.1073
0.1218
0.12
2.0716
1.9807
2.145
1.5552
0.8139
0.1057
1.0047
1.2697
0.7672
0.7505
1.1853
0.9345
1.4036
1.4518
0.7149
1.614
1.2623
1.1495
0.8943
0.9417
0.8504
1.5386
1.2783
1.2704
1.002
1.3801
1.28
2.3625
1.6257
0.8249
2.4526
1.0583
0.7269
1.7112
0.539
1.4351
1.0502
1.1534
1.6179
1.2061
1.1685
1.2346
1.9278
1.122
1.5134
0.1072
0.1229
0.1178
0.117
0.9509
1.0442
0.4839
1.0078
0.1098
0.1332
1.5359
0.4248
2.2283
1.515
1.5115
0.5607
1.0768
1.5424
1.0877
0.9875
1.1544
1.8481
1.1601
1.0489
0.499
0.564
1.0007
1.2005
1.3398
1.1408
0.8873
0.9816
1.0603
1.3253
0.1292
0.7006
0.4559
0.5893
0.5782
1.2694
0.7512
0.9761
0.4676
0.5519
0.9622
0.1296
0.1293
2.1489
1.7842
1.9496
2.0592
1.4277
1.7038
1.129
1.6858
0.135
0.3948
0.4641
2.6016
2.2287
1.0427
0.6436
0.8762
0.1107
1.0775
1.2336
1.0806
2.1678
1.3144
1.0887
0.6841
1.3268
1.0788
1.2636
0.831
1.3254
0.1177
0.6712
0.7509
1.2489
0.6073
0.8975
0.9159
1.0663
0.6813
0.8128
0.5863
1.4919
0.604
1.3763
1.4339
0.8964
0.7137
0.1179
0.1173
1.0143
0.5825
1.579
0.5494
1.2469
3.2126
0.5937
1.0242
1.4447
2.0417
0.5735
1.218
1.0685
1.8124
0.1175
1.0273
0.1101
1.0176
0.9645
0.111
0.11
1.0069
0.7534
1.8176
1.1646
1.0502
1.1792
1.054
0.1165
1.6373
0.1171
1.5419
1.895
2.1628
0.8733
0.5228
0.1343
1.4529
1.2885
0.8939
0.6903
0.798
0.6034
0.9149
0.9626
1.1177
0.845
0.1242
1.0017
0.9286
0.8746
2.3887
0.9123
1.064
0.8782
0.711
1.4016
2.0179
1.4173
1.2365
0.9183
1.2247
0.6048
0.73
0.6487
0.5838
0.1286
1.1142
0.3948
0.6761
0.1128
0.117
0.1181
0.1318
0.9775
1.4742
0.7104
0.1074
1.3249
2.1563
0.1275
0.8002
0.1268
1.1398
0.1101
1.2689
1.2128
0.6053
1.8535
1.1942
0.8556
1.2425