1.5584
0.5406
2.3083
1.3714
0.1099
0.1127
0.1127
0.108
0.5476
1.611
0.952
1.1033
1.1208
0.107
1.7877
0.1097
1.373
1.2821
1.3586
1.0434
0.8607
0.9577
0.9239
0.5959
0.9933
0.8594
0.9518
0.9688
0.1052
0.4716
1.5988
0.9196
1.3076
0.7386
0.127
0.5148
0.4783
1.545
1.5273
0.829
0.1106
3.3259
0.6081
0.5219
1.2638
0.111
1.7258
1.0019
0.1284
0.6298
0.7715
0.1107
0.1103
0.1064
0.1104
0.2138
0.2371
1.8081
1.2295
1.6198
1.3851
1.3326
1.1195
1.5509
1.3361
0.9868
0.9782
0.8737
0.5954
0.5906
1.077
0.1103
1.1163
0.1203
0.9156
1.3848
1.0612
1.0761
2.481
1.7686
0.9742
0.1101
0.544
2.0431
1.0643
0.1136
0.5973
1.708
0.8964
0.6288
1.2143
2.3363
0.5801
0.8434
2.4453
0.553
1.2793
0.7718
0.1096
0.7728
2.4665
1.6162
1.8587
1.195
1.2654
0.9496
1.3135
0.6621
0.667
0.6401
0.1093
0.6892
0.6109
1.2343
1.4412
1.716
1.4749
1.6738
0.9917
0.1464
0.1295
0.503
1.3148
0.9189
1.0886
1.2417
0.9889
0.9527
0.6587
0.5627
0.5899
0.5736
1.9415
1.1609
1.248
1.4108
1.0658
0.1074
1.2867
0.8388
0.3844
0.489
0.9258
1.262
0.7487
1.15
1.7306
2.1301
0.1094
1.3105
1.4281
1.3797
0.1097
0.4673
1.5767
1.5837
1.0746
0.1094
1.3449
0.5037
0.8394
1.354
1.8135
0.9418
0.1078
0.3795
0.4615
0.5163
0.3809
0.4473
0.2293
0.1096
1.7433
2.4424
0.902
1.0853
1.0687
1.085
0.9786
1.278
1.0746
1.0633
1.8621
1.2815
1.1349
1.4564
0.6948
0.8897
0.7177
0.1095
1.3547
1.0395
1.2595
0.9409
1.4298
0.1094
0.8717
1.5562
1.5153
1.5031
1.4884
0.8493
1.2554
2.7743
1.4291
0.1223
1.2993
1.9702
1.3191
1.8914
0.108
1.2912
1.3079
0.8081
0.1131
0.926
1.2163
1.1478
1.1038
0.1095
0.1314
0.8876
1.3063
1.4742
1.3124
0.9693
1.1247
1.5091
0.1107
1.5727
1.6556
1.6294
1.1724
1.318
1.5291
1.5312