0.1143
0.898
1.0023
0.7377
0.4908
0.531
1.3028
1.5324
0.1123
1.2069
0.9617
1.84
0.7547
0.1125
1.2516
1.3312
1.7241
0.8555
1.1538
1.2121
2.0266
1.2357
1.7204
0.1112
1.106
1.0279
0.1092
0.53
0.8502
1.0704
1.3279
2.5266
0.1119
1.3771
1.2007
1.1264
0.7602
0.6966
0.6082
0.9283
0.9902
0.1115
1.7309
1.4647
1.3349
1.2142
1.4539
1.556
2.3875
0.8822
0.1112
0.1113
1.2498
0.6877
1.0602
0.9011
0.8365
1.4188
1.5239
0.8544
0.11
0.1118
0.8296
0.9739
0.9823
0.4042
0.1096
1.1783
1.0963
1.3424
1.5905
0.1113
1.6502
1.3218
1.0204
1.2408
1.2056
1.1735
0.7088
1.4491
0.109
0.112
1.6296
0.9983
0.1118
1.7078
1.618
1.3933
1.6792
1.3224
2.0244
0.6064
1.0537
1.0216
1.2122
1.5257
1.7813
1.1893
1.5772
0.9352
1.0824
0.899
1.6913
0.5505
1.0195
1.0203
1.4461
0.8646
1.0428
1.2702
1.6813
1.1326
1.5045
1.0037
0.5809
0.7994
0.9124
0.677
0.9716
0.8371
1.1258
1.4738
0.1346
0.8646
0.8633
0.619
0.1133
0.1128
1.2784
1.031
1.1606
0.8834
0.109
1.4104
0.7295
0.8798
0.1112
0.111
1.0773
1.0149
1.2362
0.8816
0.7674
1.1402
0.1114
0.68
0.1339
0.1256
0.1124
0.1126
0.9404
1.4489
0.795
2.5335
0.8482
1.3507
0.8251
1.1532
0.1125
0.1122
1.2647
1.9938
1.1666
0.1111
0.8882
0.1086
1.1803
1.2288
0.9426
1.0147
0.8182
0.1111
1.577
1.4398
0.7296
0.8051
1.1128
1.3501
1.4503
1.5068
1.5431
1.201
0.8083
0.876
0.6534
0.5293
1.253
0.1091
1.6135
1.4696
1.0619
1.199
0.8866
1.4112
0.1129
1.8817
1.5734
1.5607
0.1112
0.9038
1.0991
1.4821
2.3971
2.3813
1.3344
1.2094
2.135
0.1111
1.3085
0.1126
0.1124
0.8742
1.2345
1.1076
0.7634
0.1128
1.6966
1.6919
1.0647
1.102
0.9214