0.8606
0.5942
0.4768
0.5804
2.715
1.453
0.3925
1.9852
0.6857
1.1089
0.736
1.4726
1.0408
0.8393
0.1113
0.1106
0.6806
0.3883
0.3815
0.1192
1.3706
1.8208
1.5644
1.4735
0.1108
0.1106
0.8885
0.8296
0.1166
1.4737
1.1398
0.8667
1.875
1.162
1.8007
0.8681
1.4479
1.2965
1.0857
0.5824
0.8583
0.1162
1.998
0.1164
1.389
1.7915
0.1107
0.1107
1.1744
0.8479
1.1496
1.233
0.6418
0.4873
0.5607
1.7072
1.0371
1.4899
2.0778
0.8256
0.9921
0.971
0.8284
0.1158
0.1158
0.1159
1.7866
1.7465
1.1189
1.3147
0.7275
1.6547
2.2767
0.1095
0.1154
0.1153
1.5384
1.42
1.3476
1.0519
1.4157
0.5989
0.5295
0.5128
0.477
0.1106
1.3446
0.9852
0.4539
1.2191
1.6332
1.9077
2.0889
0.6915
0.9821
0.809
1.1809
0.5733
0.7426
0.9262
0.1107
0.1161
0.1162
1.9684
1.8811
1.2576
0.8932
0.6673
1.2613
1.1947
0.8835
0.468
0.1156
0.5521
0.335
1.2209
0.9867
2.2135
1.7569
1.0158
1.2696
1.4465
1.0889
0.7242
0.9852
1.3803
0.73
1.7745
2.0327
1.558
2.0856
1.9826
0.5522
0.9827
0.9157
0.9104
0.6929
1.5443
0.6541
1.4288
1.5177
0.1109
0.9628
1.9448
1.0085
2.2342
0.568
0.4766
0.4454
0.4093
0.1168
0.1171
0.1167
1.2302
0.9223
1.4435
1.2605
2.1674
1.0669
1.22
0.9834
1.0369
1.792
1.3507
1.6803
0.3614
0.3495
0.4003
0.3908
0.5013
0.4664
0.3546
0.3323
0.3336
0.3927
0.3703
0.3999
0.6965
0.8647
0.6527
0.4044
1.226
0.6956
2.1327
1.6061
1.5921
1.1236
1.7572
0.879
1.9721
1.7712
1.0406
0.5709
1.6397
0.6699
0.7746
1.0419
0.6861
0.8801
1.1417
0.1193
0.116
1.596
0.613
1.4005
0.1061
1.9615
2.4241
1.505
1.1346
1.0651
1.2716
0.1157
1.1621
1.0879
1.3689
1.4557
1.2034
1.894
0.6541
0.563
0.5005
0.804
1.0473
1.132
1.0028
1.2401
0.8995
0.8883
1.1662
1.9275
0.9516
1.0761
0.1163
0.1164
0.4667
0.6083
1.0804
1.4104
1.7287
1.5693
0.4796
1.2041
1.0819
1.2099
1.1996
1.0906
1.7981
1.3164
1.7547
1.2475
0.1168
0.8695
0.9023
0.1163
0.1165
1.3214
1.5154
1.1197
0.4195
0.1108
1.3077
0.7065
1.2656
1.1899
2.0891
0.929
0.8642
1.607
0.5222
1.3139
0.8276
1.1036
0.1171
1.1389
1.5562
1.355
1.0432
1.0737
1.5175
1.0923
1.83
0.4416
0.4079
0.601
1.7057
1.3117
1.6327
1.5722
1.5354
0.7239
0.4708
1.0353
2.0449
1.4117
0.1105
0.4468
1.3538
0.4871
1.0932
0.454
0.1212
1.2407
1.5156
1.8364
0.1168
0.1219
0.8227