0.5907
0.9737
0.5164
0.7033
0.9544
0.8325
1.2179
1.4153
2.2635
0.4109
1.6572
1.1724
0.5334
0.5088
1.1108
0.1187
2.2204
0.1173
0.1169
0.1168
0.5661
1.3759
0.1175
0.711
0.1178
0.1182
0.1175
1.1723
1.0392
0.9208
1.2562
1.0429
2.608
1.1842
1.2304
2.0557
1.3083
0.4773
1.5138
0.9074
0.1103
0.7204
0.8692
1.6544
0.9683
0.8394
2.2264
1.0036
0.9327
1.9832
0.9169
1.2818
1.6752
1.2153
0.9808
0.116
0.1102
0.1171
0.5029
1.846
1.4725
1.2721
0.9816
1.1463
1.4012
0.4114
1.4202
0.1183
0.1158
0.1154
0.3944
0.7069
0.5163
0.4008
0.1105
0.5704
1.2208
1.6797
0.4058
0.7713
1.2369
0.1173
0.6555
0.99
0.8916
1.1212
0.8826
0.6735
0.1106
0.8007
0.1174
0.8847
0.9338
0.9544
0.6646
0.6533
0.3703
0.6389
0.582
0.5607
1.1096
0.6327
0.3813
1.3186
0.9763
0.6788
1.8946
0.7148
2.1817
1.4457
0.1167
0.1205
0.1167
1.5065
1.0547
1.9121
1.4001
1.2335
1.1657
1.0191
1.5758
2.5971
0.9746
0.6925
1.2079
1.0835
1.8377
1.34
0.4546
0.3791
0.5254
0.8288
0.3783
0.1178
0.8114
0.752
1.5516
1.367
0.1106
0.9992
0.7364
0.6865
1.0259
0.1204
0.123
0.1171
1.3823
2.0547
1.4747
1.4836
1.6069
1.6301
1.848
0.7169
0.6676
1.3614
1.5849
1.3184
1.1238
1.8645
0.447
0.8169
1.6233
1.6426
1.7988
0.9915
1.4812
0.8081
0.1175
0.7666
1.0039
0.83
0.1172
1.1494
1.5166
0.8342
0.1159
0.1098
0.1157
1.6
1.5612
1.5552
0.116
1.8248
1.6975
1.4979
1.364
1.3387
1.5084
1.3781
1.3394
1.6412
0.4749
1.4534
1.1066
2.2112
1.1746
1.1358
1.0024
1.6122
0.6193
0.6988
0.1168
0.1123
2.0345
1.6887
0.6106
0.8206
0.1103
1.3605
0.1186
1.325
0.1185
0.118
0.1182
1.3541
0.7757
0.4606
0.1171
0.8786
1.6851
1.6676
0.8607
0.4743
0.671
0.4301
0.1102
1.5867
0.1103
1.0823
0.8936
0.9454
0.9243
0.1167
1.2484
1.2761
1.5123
1.5888
0.4696
1.4602
0.8706
1.0861
1.0604
1.3583
0.905
1.1593
1.7194
1.2654
0.7463
0.8775
1.6582
0.1173
1.6534
1.3155
1.3888
1.2861
0.476
0.9319
1.6864
2.2868
1.4537
1.7346
1.6491
1.3097
1.6039
2.2225
1.2846
1.3628
1.0183
0.647
1.4512
1.1305
0.7474
1.322
1.2598
1.3524
1.5915
0.9934
1.2423
1.5291
0.5356
1.1204
0.4505
0.7459
0.1168
1.8342
0.1185
0.7024
0.8036
1.2319
1.232
1.4067
1.5161
1.1163
1.4156
1.4333
1.3175
1.1008
0.9252
1.2062
1.0032
1.2176
1.7602
1.2202
0.6701
0.842
1.0481
1.2976
0.7383
1.7638
1.264
0.9436
1.9283
0.4627
0.5312
0.6493