0.1086
0.4841
0.88
1.949
1.0672
0.4405
0.4248
0.1208
0.366
0.1175
0.1173
0.118
0.6587
0.6166
0.6968
0.726
1.1367
0.4762
1.0025
1.974
0.6956
0.117
0.117
0.1167
0.1083
0.4496
1.3753
1.8945
0.3188
1.1204
2.0345
2.5043
1.5346
0.8355
0.8162
0.111
1.6768
0.5415
2.8804
1.5951
0.8005
0.7661
0.8101
0.6551
1.5156
0.9701
0.1115
0.1111
0.1202
0.3871
0.4057
0.3928
0.259
0.1121
0.4326
0.3419
1.9867
1.3832
1.4133
1.1697
1.5063
2.3239
1.1945
1.132
0.9868
0.3344
0.3742
1.5233
0.5692
0.6531
0.7437
1.0135
1.4724
1.3215
1.5625
0.1079
1.1551
0.9083
0.6725
1.6934
1.2052
0.3813
0.8254
0.9382
1.9459
0.1162
1.5289
1.7175
0.9004
1.0497
2.59
2.4227
1.7481
2.0625
1.252
1.8302
0.1177
0.7763
2.0473
0.8681
1.1508
0.7086
0.2334
0.2398
1.0854
1.1225
0.111
0.5529
0.1167
0.4059
0.4271
1.1343
1.2437
0.5598
0.8085
0.8476
1.5474
1.3176
1.0871
0.9789
0.7954
0.9468
0.111
0.111
0.3902
0.113
0.4269
0.3118
0.7309
0.9064
0.1114
0.1173
0.6059
1.0343
1.2922
0.6461
2.3222
1.1353
0.7459
2.0261
0.7468
1.9577
1.676
0.8911
1.1318
1.9249
1.3847
1.0696
0.9995
1.0419
1.1568
1.2571
1.2332
0.4442
1.0247
0.1081
0.8278
1.4445
1.0996
0.8442
0.8679
0.58
0.1186
0.1166
1.2825
0.4709
1.5269
0.5859
0.9983
1.0026
0.7551
1.8781
1.5761
1.4598
1.7373
2.6758
1.1723
1.7383
1.2297
1.5102
1.9104
0.9838
1.4533
1.634
0.4889
1.3554
1.2717
1.5373
2.351
0.8201
1.056
1.4433
1.5114
0.1116
0.1104
1.5648
1.0787
1.4181
1.0646
0.8478
1.9892
0.9761
1.4069
1.6565
0.3774
0.6658
0.8914
1.5449
1.1912
0.1164
0.1159
0.1112
0.6696
1.1687
2.1209
0.1168
0.7061
1.2736
0.1176
1.6777
1.5717
0.6951
0.6843
0.4599
1.2059
1.037
0.664
1.0002
0.4532
1.1664
1.2019
2.301
0.595
1.2079
1.3603
0.1121
1.7457
0.2758
1.7629
1.4342
0.117
0.8097
0.5703
1.6934
0.1111
2.0695
1.8297
1.4325
1.4746
1.7429
1.2678
0.121
1.0512
0.5167
1.5688
0.1111
1.9355
2.1449
1.0012
1.7418
0.8177
2.1451
1.2657
0.5383
0.9171
0.1184
1.7351
0.1171
0.1111
1.0845
0.5334
1.6108
0.7487
1.1724
0.8943
1.001
2.9399
0.9508