1.0124
0.9369
1.1106
1.4069
0.6899
1.539
1.3406
1.7845
1.0292
0.7109
1.6588
0.4637
0.125
1.6935
1.4805
1.8584
0.8113
1.0664
0.9592
0.1105
1.7617
1.1754
0.9814
1.593
0.6488
0.8552
0.8162
1.0163
1.3483
1.2072
0.4786
0.4165
0.3447
0.4209
0.361
1.8666
1.0682
2.3149
2.5932
2.0818
1.287
1.892
1.4354
0.7553
0.6264
1.7434
0.1103
0.1101
1.3266
1.3554
1.736
1.0866
0.6154
0.6687
0.426
0.8329
1.4019
0.7147
0.8532
0.1332
0.9871
2.4845
3.2921
0.1141
1.958
0.1231
0.7906
1.0359
1.7515
1.8165
1.8396
0.5805
2.0799
0.3737
0.3138
0.268
0.2606
0.2673
0.2567
1.613
0.602
0.6491
1.2896
0.9532
1.3231
0.8425
1.6506
0.8485
1.1581
2.379
1.7359
1.4131
0.6123
1.1541
1.61
2.1265
1.6228
0.6608
0.6338
1.6167
0.9474
1.9032
1.6733
0.9057
0.9878
0.6971
0.8178
1.5408
0.1141
0.9794
0.5859
0.4452
0.7967
0.1731
0.1948
0.1705
0.1669
1.2484
1.1902
1.4716
0.7793
1.495
1.5535
1.3405
1.3662
0.114
0.7525
0.1234
0.245
1.3097
1.1291
1.0647
0.6522
1.1984
0.9119
0.8441
1.0013
0.1235
0.87
1.0492
0.6438
0.9977
1.1397
0.7504
1.0659
2.062
1.2123
0.6108
2.2976
2.5105
1.7004
0.8532
0.6346
0.9373
0.1139
0.1243
2.4308
2.8347
1.3123
1.3002
1.7225
0.7381
1.0769
0.8542
1.4266
2.5302
0.6879
0.8835
1.0605
1.9538
1.0618
0.1102
0.7685
0.8073
1.7284
1.0202
1.7498
0.1234
0.1104
0.7734
0.7067
0.776
0.114
0.6934
0.1119
0.7229
0.1959
0.1308
0.1139
0.1139
1.7343
0.9882
0.7863
0.114
2.9618
0.2466
0.2314
2.7213
0.7554
0.8773
1.23
1.9236
0.7398
1.9047
0.124
2.3279
1.6516
1.7905
0.1138
0.5299
1.5527
0.6775
0.7438
0.7226
0.7523
1.5395
1.4637
0.6674
1.0951
0.8889
1.2373
0.4096
0.715
0.7062
0.5614
1.1407
1.1143
0.1345
0.4776
1.0315
1.19
1.7851
2.2394
0.8563
1.8915
0.437
1.3952
0.5454
0.1138
0.9208
0.6903
0.7459
0.1101
0.5458
0.9488
0.6896
0.6955
1.1837
2.4799
1.1862
0.5431
1.1046
2.1781
1.5962
0.9711
1.3555
1.2094
0.1147
0.1236
0.1101
0.1143
0.1138
0.1144
0.1177
0.4296
1.052
1.7795
1.6638
1.1347
0.7254
0.1329
0.8328
0.5963
1.2025
0.1313
0.9925
0.9617
0.1142
0.1138
0.11
0.1104
1.235
0.7121
1.095
2.2052
0.6646
0.9702
0.1142
0.3696
0.6983
0.4702
1.9319
0.8422
0.7513
1.9013
1.4852