0.7184
0.5832
0.5407
0.347
0.9938
1.2753
0.1138
1.6056
0.698
1.4485
0.7131
1.31
1.4632
0.3611
1.196
1.6505
1.3665
0.851
1.6847
1.1582
1.9245
1.0803
0.1102
0.1099
1.2141
0.9396
1.0554
0.9463
1.0508
0.8503
1.1523
1.8513
0.9788
1.1361
1.6567
0.6173
0.7835
1.1016
0.5126
0.3728
0.5449
0.3535
0.4148
0.552
0.7654
1.6171
2.112
0.7123
0.8777
1.3442
1.7023
2.006
1.3131
1.7923
1.7058
0.354
0.1169
0.5173
0.1101
0.111
0.8115
0.7437
1.2289
1.4014
1.0569
1.2535
1.3571
0.8266
0.6951
0.5676
1.0544
1.9245
1.0822
0.8817
1.8028
1.4472
1.0208
1.8783
0.8974
1.2632
0.9349
1.0514
0.5152
1.3619
1.514
1.6888
0.1143
0.831
1.4101
2.306
1.0199
1.2455
0.5928
0.8051
1.6427
1.3848
0.1147
1.4068
1.6709
0.1102
1.3885
0.1147
0.3598
1.296
3.2033
1.608
1.194
0.3971
0.443
0.8229
1.5454
0.9221
1.8626
0.747
1.6817
2.4184
2.7425
1.8788
0.1142
1.5317
2.7443
2.3755
1.2051
0.1142
0.1142
2.1312
0.954
1.4816
1.6899
1.048
0.1155
0.1144
0.1145
0.3091
0.2673
1.1386
1.1216
1.1666
1.3427
0.115
1.5764
1.6768
0.8602
1.0382
1.1195
1.276
0.6744
1.1017
0.1103
0.9195
1.6659
1.662
1.1446
0.9979
1.7344
0.7872
0.8289
0.1142
0.7027
1.5064
0.8675
0.9158
0.8219
1.5181
1.2501
0.3236
0.5951
0.7384
0.1143
0.548
0.1261
1.754
0.9108
1.0951
0.8099
1.029
0.4939
0.5783
2.0796
2.4471
0.4752
1.0613
1.0284
0.6449
0.3218
1.5473
0.6767
1.2877
1.4803
1.1717
0.8853
1.1327
0.6645
1.3709
2.2674
1.1948
0.7744
0.1141
1.3251
1.2078
0.6955
0.5292
0.4359
0.4303
0.9021
0.4112
0.127
0.1273
0.1247
0.1484
0.1165
0.1263
1.3668
1.0124
0.1143
1.2609
0.5343
1.2472
1.4232
0.5259
1.7355
0.6397
1.1089
0.7509
0.8731
1.345
1.2722
0.1147
0.1149
0.1142
1.0783
2.1383
0.9605
0.6718
0.1145
0.7425
0.372
0.1145
1.4128
0.4164
0.3444
1.7524
1.7022
0.6781
1.0622
1.3473
1.0102
1.7229
0.7605
0.1145
1.3597
0.662
0.64
2.3357
1.2131
1.4156
1.3367
0.1219
0.3649
0.5507
0.7331
0.5463
0.7798
0.4868
1.3622
2.2958
1.3145
0.1145
0.1145
1.7133
1.4611
1.1387
0.1151
0.7063
1.8704
0.1144
2.5834
0.3941
0.3782
0.6451
1.8565
1.6001
1.1968
2.1639
1.9814
1.7845
1.3309
0.1183
0.4645
0.1161
0.1144
0.6481
0.1224
0.1106
2.0532
1.1428
2.3783
1.8111
0.9607
1.3993
1.195
0.6864
0.1102