1.2096
1.4666
1.5314
1.4182
0.5396
1.1557
1.4831
0.8876
1.3235
1.0294
0.9346
0.1107
0.1115
0.1147
1.0597
0.8164
1.0712
0.1213
0.9549
1.1221
1.1423
0.9676
0.9702
1.1126
1.4961
1.1504
1.0068
1.2266
0.8508
1.0305
1.407
1.4094
1.4069
1.1899
0.8129
0.8662
1.6229
0.1188
1.0796
0.1112
0.9023
0.1293
0.9651
1.218
1.1395
0.5736
1.0334
0.1157
0.1195
1.3717
0.7736
0.5623
1.4612
0.719
1.1246
1.584
1.4598
0.8075
0.9
1.1538
1.0978
1.4171
1.1253
0.1112
1.8067
0.9614
0.948
0.9471
1.1254
1.1591
1.193
0.1285
0.7484
0.1112
0.1107
0.1135
0.1114
0.1233
0.4838
0.1109
0.1136
0.715
1.2853
0.9295
1.004
1.4035
0.8864
0.8291
1.4353
1.1983
3.0082
1.4632
2.2675
0.8486
1.5184
2.01
1.7429
1.6055
1.2621
1.5288
1.4864
1.5913
1.3731
1.475
0.1234
1.0106
0.8465
0.1112
0.9428
1.207
1.818
1.4748
2.1072
1.722
1.1365
1.0039
0.1108
1.6161
0.1185
0.9917
1.49
0.8748
1.3347
1.9264
1.1872
1.1517
1.1311
1.6909
0.935
1.2423
1.1898
0.1116
0.1074
1.1412
0.872
0.1113
0.1098
0.1369
1.3744
0.9022
0.9624
0.853
1.1488
1.2496
0.1351
1.0235
0.8768
1.0491
1.2053
0.4998
0.992
0.7741
1.1248
1.3315
1.1808
1.3058
0.4944
0.1123
0.1107
0.5251
0.6166
0.9794
1.0796
1.0771
1.0326
1.8834
0.8149
0.1109
1.2115
1.6737
0.6486
0.9239
1.2785
1.3653
1.4288
0.1077
1.4335
0.1273
1.5629
1.5075
1.6683
0.2588
0.3827
1.2621
0.9425
1.4903
0.821
0.9273
1.1501
1.9906
0.5261
1.0892
0.107
0.7822
1.1254
0.8756
0.8249
0.6606
0.1119
1.0817
0.8093
0.1121
1.0461
2.0239
1.0234
1.4638
1.205
1.5625
0.12
1.3922
0.1112
1.3978
0.1319
1.6055
0.1341
1.2737
1.3482
1.2912
1.1866
0.8547
1.0688
1.6632
0.1112
0.8691
0.7441
0.1348
0.891
0.7863
1.8933
0.1105
0.1108
1.3759
0.9086
1.3086
2.4478
1.1093
1.7996
1.5434
1.9241
1.6862
1.6964
1.7461
1.3261
1.7379
1.0524
1.0016
0.9107
0.8404
0.1696
0.1301
1.5216
1.3826
0.9624
0.1248
0.107
1.3613
0.5491
0.8104
0.8538
0.1113
2.6323
0.8125
0.7086
0.8026
1.2986
1.465
0.1109
1.0355
1.4355
2.1096
1.8861