0.6442
1.0846
0.1108
0.4923
0.1176
1.0473
1.1736
2.8293
0.9296
0.1102
1.1099
2.094
1.1541
0.9537
1.7692
1.0739
1.0332
1.6165
1.2627
1.5525
0.9564
1.4079
0.9998
0.1238
0.9222
0.8836
1.3395
1.5762
1.2586
1.0729
0.1079
0.1075
0.1103
1.4734
0.4928
1.4385
1.4115
1.7368
1.4685
0.8717
1.3273
1.5927
1.405
0.4118
1.448
1.1164
1.3773
1.0435
0.9607
0.9736
1.096
0.8168
1.1484
1.1031
0.6727
0.1112
0.4341
1.3923
1.2799
0.9149
0.1104
1.2463
1.5698
2.1822
1.8696
2.1266
0.5827
0.3806
0.4488
0.8495
1.4965
0.7022
1.6392
1.3975
1.2269
0.6721
1.0692
1.5329
0.9858
2.2274
1.6798
1.7331
0.1312
0.1318
0.3494
1.4322
2.0741
0.1102
1.1822
1.8006
1.2917
0.8543
0.7662
0.9216
1.0272
0.9264
0.8712
0.6619
1.2732
1.3821
0.6064
0.6526
0.8422
1.1229
1.2454
1.216
0.7105
2.0654
1.8161
1.6168
0.6175
0.7277
1.0789
0.6019
1.6712
1.5877
1.4511
0.8796
1.2672
0.5759
0.8167
1.0686
1.4225
1.0286
1.7473
0.5916
0.7979
0.1107
0.1177
1.527
0.6455
1.3408
0.9479
0.1075
0.6543
1.4681
0.6917
1.1219
0.6528
2.9667
1.7328
0.9895
0.1077
0.724
0.6765
0.1103
0.6797
0.7632
0.6921
0.7611
0.1104
0.4775
0.9668
1.1345
1.3697
0.1104
0.1102
0.8286
0.1223
0.7012
0.1501
0.8485
0.6039
0.5412
0.1103
0.1106
0.1309
0.1317
0.2921
0.1073
1.0286
1.1032
0.9808
2.0006
1.2275
1.1034
1.3913
1.3079
0.8767
1.0054
0.8763
0.1287
0.8159
0.9139
0.9062
1.2104
1.279
1.6983
1.0434
0.8522
1.7833
1.5342
1.8325
0.1101
1.1348
0.151
1.1835
1.0297
1.0508
0.1232
0.9442
1.1442
1.1421
0.1112
1.0943
0.8511
0.1305
0.8293
0.8713
0.7735
0.9206
1.1669
0.6183
0.1281
1.1164
1.462
0.9962
1.8987
0.9597
0.4443
1.8799
0.1503
1.1035
0.1074
0.7895
1.0964
0.7568
0.418
1.5193
1.3117
0.8455
0.9391
0.7627
0.8727
0.8584
2.0171
1.7026
1.685
1.7471
0.3719
0.5665
0.4315
1.2711
1.7221
0.1225
0.9285
1.6469
0.7834
1.0676
1.4866
0.1103
0.9555
1.8209
1.2737
0.1078
1.2617
0.7675
0.4445
2.3015
1.057
0.1104
1.2458
0.8566
1.0593
1.1044
1.1744
0.1105
2.0195
1.1607
1.5438
1.2751
0.9315
1.3423
2.3566
1.0719
1.165
1.2309
1.8341
1.3915
0.5401
0.6975
0.8886
1.7857
0.9918
1.9153
1.7805
0.1164
0.1169