1.2318
1.4828
1.7866
2.4259
0.8271
0.1139
1.8
1.0504
1.0954
0.7127
1.5263
1.426
1.4286
0.6957
1.4442
2.3358
0.7985
1.43
0.7193
1.7065
1.2074
0.11
1.2694
1.357
0.6887
1.117
0.7923
2.1523
1.0716
1.1862
1.1895
1.0537
1.4684
1.295
0.1081
1.0355
1.2037
1.2042
0.1142
0.3269
1.3914
1.0535
0.864
1.5322
1.9381
1.1733
2.1121
1.517
2.8682
0.1142
0.8367
1.6903
1.0904
0.7221
0.631
1.5633
1.1045
0.9725
1.1904
1.4341
1.1301
1.0641
0.1317
1.3224
1.3044
1.4157
0.6042
0.8209
0.6481
0.6214
0.765
0.4079
1.0536
1.4257
1.3155
2.018
1.6459
1.0572
1.214
1.3333
0.5269
1.5563
1.1188
0.124
0.3225
1.173
0.1147
1.1506
2.4768
0.8474
0.9739
0.8925
1.0521
0.8825
0.9606
0.8696
1.0947
0.7178
0.4836
1.3108
1.1097
0.7782
1.9136
0.3916
0.1232
2.3576
0.4813
0.2449
2.287
0.826
1.3819
1.9128
1.1172
1.4133
0.9167
0.6755
1.2414
0.2898
0.6082
0.9651
1.2639
0.9916
1.3127
1.2276
0.1208
0.9039
0.8207
0.6407
0.8117
2.116
0.6974
1.6622
0.4316
1.3733
0.1144
1.1192
0.9813
0.9644
1.2813
0.9767
0.8055
0.7275
1.2322
1.1357
1.3461
0.1319
1.2379
1.1655
0.1142
0.1142
0.1144
0.576
0.5915
1.4052
0.5616
0.5527
0.6667
1.3858
0.6771
1.1677
0.7071
1.229
1.1557
1.0576
1.3817
1.1733
0.1102
0.112
0.4317
0.5293
0.6113
0.3826
0.3288
0.359
0.114
0.1138
0.1112
0.1145
0.1143
0.1152
0.1146
1.2008
0.1245
1.9159
0.7563
1.4153
2.0474
1.3084
1.1651
1.26
0.775
1.2034
1.4523
0.6439
1.0499
1.2056
2.2234
1.1354
1.0386
1.8575
1.3685
2.2025
0.5066
0.1248
0.1105
1.0489
1.6389
0.1243
1.0904
1.2549
0.8654
0.1319
1.4276
0.1144
0.1144
1.0248
0.1233
0.809
1.9834
0.3548
1.0405
0.7983
0.502
0.8593
1.8227
2.4826
0.11
1.2647
0.1141
0.3044
0.1313
1.9823
1.8606
2.1966
1.6903
0.1323
1.3262
0.6471
1.5319
1.006
1.1558
0.8504
0.7809
1.5929
0.1145
1.1489
0.4461
0.2542
0.1303
0.1143
0.5823
0.895
0.4999
1.6765
0.2627
2.4899
1.5119
1.3667
1.8298
2.5718
0.9181
0.8359
0.4702
1.2834
1.7011
1.9458
1.3563
0.6104
1.0865
1.2296
1.4383
1.2248
0.1143
0.2775
0.4255
0.2196
1.2241
1.356
2.3786
1.9126
0.1144
1.0293
1.1689
0.3719
1.2822
0.1158
0.2894
0.7939
0.757
1.9327
1.1813
1.0538
1.0148
1.3432
0.488
1.5759
0.4169
1.4997
0.7726
0.9219
1.0558
0.9599
0.7048
0.1155
1.19
1.7807
1.2891
0.7474
0.8433
0.3981
0.115
1.7324