0.1059
0.1131
0.1136
0.1183
1.4398
1.4978
1.2254
0.4123
2.1017
1.8107
0.9429
0.1205
0.1202
0.1094
0.1203
1.1245
1.4579
1.1864
1.0189
1.2482
0.1326
0.109
0.1091
1.6568
2.5387
1.0778
0.5121
1.9741
1.9892
1.3912
1.5137
0.2986
0.2953
0.2822
0.1249
0.699
0.8427
1.8068
0.8738
0.691
1.0417
0.1132
1.1162
1.2271
0.7926
0.1131
1.5523
1.1421
1.5575
1.827
1.5085
1.4601
0.9262
1.6234
0.6121
0.5848
0.5837
0.9057
0.1128
1.6839
0.4072
1.881
1.7936
0.1319
0.1315
0.6775
0.1147
0.1129
0.1139
0.113
1.1324
1.3169
0.5869
0.5054
0.4495
0.3505
0.1185
0.6633
0.8043
0.8137
1.0744
0.5156
0.3086
0.3029
0.6762
0.1129
1.2203
0.6945
1.5091
1.1637
1.554
1.711
0.9656
1.1122
1.0405
0.8038
0.6545
1.5151
0.1134
1.5911
1.4174
1.7793
1.8336
1.3835
1.3897
1.5948
0.1383
1.4115
1.1813
1.4793
1.4431
1.1805
0.6169
1.139
1.0568
1.1817
1.3464
1.4586
1.454
1.0736
1.5998
1.3181
1.5426
1.5477
1.3652
0.9229
1.0501
0.9594
0.7429
0.1127
0.1131
0.1139
0.4136
0.696
0.5192
0.6564
2.1322
1.0883
0.1325
1.8881
0.8744
1.3383
0.9687
0.9604
1.5012
2.0555
1.1122
1.9877
0.1127
1.1532
2.0137
0.7632
0.7016
1.6867
2.3539
1.5879
0.5604
1.9734
0.5465
1.4053
0.2536
0.3113
0.407
0.9009
0.257
1.3366
0.6366
0.9163
0.4957
0.7417
0.1127
1.1286
0.7471
1.0981
1.2211
0.7128
1.1491
0.9923
1.1912
0.9486
1.0662
1.4042
1.0278
1.1791
0.4424
0.3392
0.1141
0.4558
0.7427
1.0213
2.1321
2.218
0.7809
1.8511
0.1124
1.7367
1.8417
1.1797
1.4352
0.113
1.0642
0.9324
0.7814
0.6827
0.6662
0.3606
1.1038
0.9191
1.5771
1.8171
1.0094
1.2862
2.167
1.5617
0.3844
0.6495
1.3762
1.2275
1.5455
0.365
0.3952
0.6649
0.1077
1.1633
1.4138
1.4349
1.1753
1.093
1.2114
1.3477
1.0033
1.5212
0.8714
0.982
2.0589
1.4001
1.713
1.2261
1.2209
1.4599
1.975
0.3761
1.3171
1.3729
0.8668
1.4579
1.1478
0.6001
0.8057
2.0929
1.9241
0.1091
0.5426
0.8588
2.094
1.5313
0.9225
0.7705
0.1351
0.7788
0.9786
1.6586
1.2683
0.1129
0.7449
1.7188
1.7906
1.0411
0.9136
0.962
0.7273
0.1128
0.7288
0.8447
1.2762
1.7098
1.5686
1.2512
0.1127
1.4227
1.3294
2.0856
1.5426
1.1934
0.1123
0.3201
0.1076
1.4025
1.0525
0.764
1.4043
1.6169
0.8545
0.5402
0.6324
0.1432
0.3183
0.5911
1.1497
0.3107
0.2933
0.3044
1.1684
1.096
0.1128
0.2559
0.8781
1.0637
0.7343
0.1133
0.4487
0.356
1.3064
0.8946
1.5945
1.5104
1.3037
1.4353
0.8728
1.4701
1.3863
1.5596
1.3972
0.7829
1.3652
1.203
1.3135
1.6528
1.9987
1.7352
1.3527
1.4544
0.9221
0.1543
1.822
1.0085
0.1129