1.059
1.2348
1.7006
1.7803
1.0663
1.1008
1.2217
1.0427
0.8947
1.186
1.248
1.5934
0.617
1.1505
1.5953
1.939
1.8832
1.4706
1.6599
1.2556
1.5689
1.0223
1.3717
1.5214
0.5903
0.2533
0.1192
1.9054
1.1534
1.4348
1.4472
0.9395
0.1176
0.1291
0.1187
1.5162
1.5706
1.2936
1.2742
1.267
0.1104
0.1175
1.8324
1.4425
1.3097
1.1543
0.1161
0.116
0.1179
1.1731
0.9865
1.096
0.9954
1.228
1.012
0.5167
0.6377
0.284
0.3432
0.1104
0.1106
0.1104
1.116
1.2192
1.6181
1.015
1.2171
1.0636
1.056
1.2681
1.0605
1.3849
1.0845
1.2011
0.6205
1.2883
0.8462
0.8835
1.1632
0.1105
1.0196
1.4639
1.393
0.9829
0.9202
1.3531
0.1171
0.1176
0.9799
1.0935
1.3216
1.4349
1.3516
0.1104
1.2152
1.6059
1.3109
1.1487
1.2555
0.7729
0.5548
1.8831
1.0488
1.1153
0.911
0.7956
0.1156
1.786
1.3136
1.2303
1.0271
0.7614
1.0327
0.1186
0.1142
1.1902
1.4145
0.7869
2.1136
1.0018
1.4437
1.3617
0.6346
0.1104
0.2359
0.123
0.923
0.8284
1.1151
0.9529
1.0824
1.8229
1.1651
1.4726
1.5398
1.6296
1.2844
1.3149
1.3145
0.1171
1.1928
1.2165
1.5424
0.8286
2.0257
1.2928
0.1103
1.0769
0.5278
1.05
1.2005
0.1182
0.117
0.1192
0.787
0.32
0.4679
0.6107
0.6182
0.1185
1.1698
0.9591
1.3548
0.9279
0.1103
0.1106
1.4351
1.3772
1.0818
1.5078
1.5036
1.1594
0.4055
1.4112
1.3848
1.0172
1.5667
0.8363
1.4747
1.4468
0.9863
1.3782
1.5047
0.5164
0.3344
0.57
1.1085
0.1104
0.9266
0.6771
1.2353
1.9037
1.2659
1.007
0.1179
0.1107
1.0972
0.6604
0.7873
0.1214
0.7002
0.6262
0.9002
1.1687
1.7019
1.1423
0.7556
0.1153
1.1778
1.2163
0.9356
0.8817
1.1802
0.7458
0.8248
0.7409
2.3708
0.7138
0.1103
1.5796
0.8982
1.613
1.4453
1.674
1.3497
1.6124
1.2834
0.1178
0.1176
0.1177
0.992
0.1181
1.1591
1.67
1.1916
1.4391
1.486
0.4366
1.0406
1.1723
1.2241
0.3334
0.5049
1.197
1.1758
0.9726
1.0848
1.1193
1.3489
1.2794
0.9884
1.5036
1.7582
1.3408
0.1166
0.1102
1.8276
1.6197
1.5748
1.672
1.562
1.599
0.1166
0.9806
0.5825
1.1618
1.274
1.1458
1.5387
0.1096
0.1102
1.3363