0.639
1.1054
0.9186
0.7527
0.4355
1.2329
1.2209
1.075
0.9478
1.3335
1.003
1.5665
2.3275
0.4335
1.7571
1.406
1.4056
0.602
1.5969
2.0169
0.8149
1.1294
1.0771
0.6122
0.1811
0.8594
0.2768
0.1847
1.5534
1.4042
1.1034
1.4069
0.2361
0.9889
0.7865
0.76
2.3529
5.0115
0.1119
0.1113
0.1136
0.113
0.3648
1.1085
5.0902
0.1135
0.1119
0.4846
0.4153
0.107
0.7508
0.7936
0.2974
0.9156
0.335
0.7053
0.524
1.4196
1.3644
0.4623
2.3992
0.415
0.1126
0.5047
0.1935
0.6567
0.366
1.0918
0.6001
0.6743
1.0566
0.9663
0.9647
1.5832
1.1193
0.8114
1.6062
1.8622
1.2769
0.7993
0.1117
0.7677
0.1118
1.0028
0.7188
0.2376
0.9088
0.7818
1.2735
0.1143
0.1041
1.1055
0.5341
1.0788
2.3324
2.0528
0.3981
2.6942
1.8923
0.6213
0.1364
0.1314
0.1378
0.1128
0.574
0.6701
0.9995
0.5368
0.7913
1.7118
1.2934
0.4696
1.3698
3.2673
1.7543
0.1133
1.9283
1.0236
1.6893
0.1126
0.1134
1.6921
1.327
0.8906
0.9337
0.7196
1.1816
0.9925
0.1123
1.1715
2.6158
0.8057
0.6165
0.6665
1.4031
1.3307
1.0349
1.357
0.3156
0.3885
1.8773
0.1076
0.1074
0.1076
0.1074
0.8563
0.2524
0.2561
0.1588
0.7568
1.2294
0.5188
0.8019
0.8837
2.2419
1.2423
1.2614
0.3445
1.2573
1.0055
1.458
0.8439
0.9862
1.2787
1.8076
1.2619
1.112
0.8501
1.4427
2.2323
0.8149
1.499
0.7348
0.5565
0.1129
0.1137
1.0624
0.113
0.4556
0.6237
0.1073
2.0679
0.6157
1.5236
2.2819
0.1077
1.4752
2.4758
0.1073
2.589
1.0766
2.5131
0.6883
1.167
0.4226
1.3002
0.1843
1.1456
0.4916
0.1127
1.3701
1.7693
3.2793
0.9479
1.5445
0.113
0.1122
0.1121
0.6805
2.6598
0.1367
1.3825
2.9647
0.7519
0.6182
0.1808
0.773
0.5326
1.486
0.8731
1.4907
0.6275
1.4792
1.7702
0.1128
2.9371
1.1694
0.2079
1.8503
0.2304
1.4562
1.3591
0.8307
0.1083
1.6321
1.253
0.911
1.7813
0.3877
1.7419
0.7582
0.1131
0.1125
0.6698
0.756
1.5186
1.6404
1.0319
0.8453
0.3608
0.755
0.7847
0.1517
1.2698
1.3697
1.2295
1.0309
0.9166
0.4788
1.3265
4.518
0.722
0.4609
0.1958
1.6026
1.1096
0.1127
1.4119
1.8725
0.8811
0.7605
1.3141
1.3825