0.1148
0.1171
0.1138
0.1137
1.8602
1.9407
0.1133
1.4454
2.276
1.4338
0.3425
1.1692
1.7604
1.6529
1.2307
1.9033
1.3605
1.0181
1.3682
0.9935
0.8414
0.4584
1.413
1.3726
1.1241
1.2981
0.7255
0.1077
0.2481
0.3608
0.9012
1.3452
1.4704
1.3827
1.2176
1.2255
1.8094
1.0244
1.4652
1.219
1.6562
1.3126
1.2411
1.4242
0.141
0.631
2.2893
1.1255
1.5025
1.2684
1.2981
1.6912
1.7221
0.9066
1.719
1.3504
1.1587
1.3093
1.0598
0.6475
0.124
0.1111
0.1228
0.1229
1.6409
1.3694
1.4135
1.897
0.1148
1.1125
0.3422
0.8278
0.7219
0.6209
0.7145
1.2755
1.1225
0.607
1.3257
0.6306
1.0731
1.2839
1.5748
2.331
1.177
1.8514
0.2489
1.575
0.555
0.416
0.6654
0.1138
0.6101
0.7856
0.8253
1.0907
1.2398
1.0389
0.9309
0.8754
0.7143
0.6324
0.7655
0.2748
1.2845
1.4431
0.6987
0.2876
1.5199
0.1071
1.4801
1.5772
1.4158
1.4243
0.1172
0.1148
1.0434
1.276
0.115
1.4791
1.5715
0.6548
1.0611
1.0662
0.6327
0.9576
1.285
1.0476
1.1776
0.1098
1.1762
1.2895
1.1699
1.1771
0.1123
1.3217
0.8492
1.041
0.2964
1.0293
1.2356
1.146
0.1135
1.0304
0.769
0.6781
0.7399
0.145
0.1106
1.3619
1.0602
0.9072
0.4942
0.1096
1.714
1.194
0.9836
1.5506
1.2592
1.4996
1.6354
1.0526
0.65
0.1126
1.457
1.1704
1.9969
1.2966
0.9436
0.2854
0.9463
1.9164
0.8353
0.7682
1.3391
1.0256
0.9469
0.9728
0.8622
0.9614
0.7003
1.3054
1.0572
1.53
0.6479
1.4923
1.4307
1.3729
1.5895
1.0717
0.6892
1.4182
1.5085
1.2931
1.2222
2.205
1.5849
0.4552
0.6262
0.8795
0.733
1.1883
0.7549
1.6062
1.1667
1.0498
0.6977
0.597
1.3494
0.9128
0.9834
1.1527
0.9145
1.0825
1.6936
1.3045
0.1142
0.1175
0.1132
0.9844
1.1957
0.1099
1.1356
0.1098
0.11
0.513
0.4573
0.2147
1.2897
1.3986
0.1158
1.2667
0.9501
0.1096
1.0479
0.1096
1.2094
0.9605
1.6626
1.2279
1.2559
0.1102
0.9793
0.6642
1.1789
1.8088
0.7157
1.6672
1.7189
1.6958
1.153
0.448
0.7965
1.2327
1.4501
0.1149
0.1152
0.7557
0.1435
1.9027
1.287
0.1124
1.9861
1.6837
1.7098
0.9678
2.2748
1.4169
1.8124
0.3257
0.3958
1.6969
1.2099
1.3198
0.1102
0.1102
0.9757
0.7426
0.866
1.4311
0.9739
0.7987
1.3688
1.3285
1.2954
0.3518
1.4461
0.1163
1.538
0.6096
0.1102
0.3998
1.3117
0.6781
0.9336
0.7662
1.7899
1.5369
1.5609
1.0739
1.24
0.1098
0.9806
1.2
1.092
1.172
1.1311
1.4525
0.1153
1.2821
1.2869
0.6816
1.48
0.4394
1.1903
0.1156
0.1156
0.8137
0.4569
1.7708
0.1759
1.0078
1.8297
0.6027
0.7417
1.0901
0.4112
1.1272
1.2843
0.9498
1.2922
1.1905
1.2154
1.2275
0.4409
1.2817
0.9158
0.8875
0.6498
0.9744
0.3065
0.9575
1.5319
1.1506
1.3028
1.0925
1.2953
1.5426
1.406
1.0118
1.2774
0.1074
0.5195
1.6084