0.3895
0.3406
1.5791
0.3417
0.6179
0.5774
0.109
0.1094
1.0855
0.4642
1.2479
0.9292
0.6588
0.9116
0.6666
0.5039
0.5027
0.8004
0.5813
0.7945
1.3171
0.8796
0.8154
0.6977
0.3709
0.6918
0.5625
0.6466
0.8896
0.8389
0.8188
0.1196
1.2334
1.6822
1.074
1.2935
0.1305
0.132
0.1321
0.8166
0.1152
2.5457
1.1139
1.0036
1.6463
0.8019
0.8424
1.6552
0.8994
1.7436
1.3505
1.4429
1.0166
1.5569
1.3899
2.0295
1.6447
0.7435
1.4792
0.3484
0.3913
0.8407
1.0429
1.1781
0.6408
2.4672
0.1088
1.4073
1.6759
0.8687
0.5788
0.1088
0.114
0.1148
0.119
1.1057
1.3325
1.8703
1.5065
1.4218
0.8317
1.7826
1.7758
1.082
1.3982
2.2499
0.4717
0.7
1.3275
1.0701
1.3517
1.2852
0.1137
1.2062
0.7588
0.8146
0.6076
0.3704
0.1168
0.5811
1.3957
1.4641
1.0639
1.2335
0.9818
1.6433
1.254
1.4248
0.1138
0.1088
0.9957
0.6285
0.7135
1.5315
1.818
0.3874
0.3751
0.4589
0.1068
1.5909
1.0693
1.1653
0.1186
0.1155
0.1158
0.1209
0.1185
0.1188
1.5877
0.9499
1.3175
0.9157
1.4459
1.2885
0.9391
1.6668
1.2225
0.1086
0.1093
0.3632
1.478
0.598
0.8002
0.6302
0.9238
1.795
0.1156
0.9177
0.8218
1.4402
0.9136
1.005
1.4329
0.9309
0.9514
0.6857
1.3348
1.0841
2.3637
1.4463
0.8475
0.9752
0.8139
0.9406
1.4637
1.0726
0.7141
1.0109
0.8695
1.3507
2.0851
0.6278
1.472
0.7639
1.2282
1.0052
0.1087
1.4468
1.404
1.0755
0.1093
0.5445
0.1201
0.1191
1.4267
0.1185
1.2144
0.9889
0.7591
1.4843
0.1137
2.1015
1.6503
1.7856
1.7121
1.1192
1.1807
1.4565
0.1244
1.1114
0.9863
1.1602
1.3731
0.7365
0.1089
0.1096
0.9388
1.2138
1.7664
1.1809
0.109
1.1725
0.1093
0.3415
0.1089
0.4941
0.6836
2.1956
1.0099
0.9935
0.1149
0.1063
1.0705
1.7152
1.389
1.4066
1.3
0.5595
0.5221
0.8715
1.0244
0.4665
0.7276
1.1651
1.6253
0.9166
0.1069
0.3726
1.6286
0.8427
0.8141
1.3294
1.4969
1.8648
1.7539
0.1156
1.0361
1.1875
1.3394
0.109
0.9793
2.6528
1.082
0.817
0.8237
1.4565
1.8928
1.2044
1.9436
0.1089
0.1089
0.5539
1.0145
1.0328
0.425
1.5751
1.0423
1.1246
1.2757
1.1166
0.1185
0.1188
0.8036
1.6841
0.6325
0.1326
0.109
2.0402
1.4271
1.3899
1.0403
0.9848
0.6747
0.568
2.8247
1.3602
1.6381
3.0562
0.8277
1.5903
0.4757
1.2624
1.4603
0.8437
1.764
1.6212
1.4886
2.6745
2.1226
1.7927
0.1246
1.6332
3.3998
0.6543
1.144
0.5139
1.9676
0.5484
0.4993
2.7544
1.9862
1.401