0.8283
1.1272
0.7632
1.6445
0.1039
0.1039
1.4889
1.2409
0.1039
2.4184
1.1356
0.1028
1.2617
1.0268
1.0336
1.2752
1.4338
1.4581
0.1038
0.3718
1.6415
1.8083
0.897
1.4106
0.6965
0.7873
0.1876
1.5501
1.4781
0.9392
1.1086
1.5792
0.8096
1.172
0.5922
1.1939
1.5387
1.2598
1.7107
1.0202
0.1055
0.1056
0.1028
0.104
0.1041
0.9543
1.6662
0.1041
1.4254
1.3822
0.7732
1.4987
0.6721
1.1719
0.1038
2.0211
0.5474
0.5637
0.4388
0.1032
0.5036
1.0009
0.1045
1.2801
1.043
1.2491
1.3595
1.3004
0.3793
0.9694
1.26
0.1042
0.7079
0.4933
1.3479
1.8538
0.1084
1.0328
0.774
1.3873
0.9032
1.4963
1.2651
1.5243
0.8838
0.8474
1.0425
0.9448
0.4509
0.4497
0.6832
1.1319
0.6619
0.7786
2.5448
1.6042
0.1851
1.6021
1.8221
1.9552
0.1033
0.1031
0.1035
0.8084
0.7121
1.0405
1.1489
0.1039
1.5721
1.129
1.6207
0.9601
0.1052
1.5829
0.6954
0.6735
0.8901
0.8291
0.7966
1.4142
1.0125
1.6008
1.8926
1.791
1.7654
1.0393
1.2839
0.1037
0.7756
0.7681
1.1743
1.5252
1.189
0.9868
1.2082
1.2846
0.8817
1.6741
0.6267
1.6963
1.3765
1.0218
1.0001
0.7381
1.6883
0.3337
0.4713
1.3932
1.1695
1.1724
0.9738
1.3123
1.7287
1.3193
0.9727
0.72
0.8691
0.6143
0.5928
0.8388
0.4565
0.3778
1.1685
1.1017
0.9112
0.1105
0.1033
0.1121
0.1028
1.2289
1.2252
3.123
0.5039
1.6524
0.1039
1.0017
1.2946
1.1065
1.0336
1.6113
1.1011
1.2972
1.3968
0.733
0.7668
0.1812
0.104
1.1858
0.6464
2.0347
0.1041
0.106
1.5641
1.204
1.7168
1.1392
1.0447
1.2676
0.5524
0.6396
1.272
1.0683
2.228
0.7278
0.6345
1.4735
1.8623
1.4343
0.1056
0.7297
1.2916
1.184
1.1963
0.1039
0.1038
0.1035
1.1457
1.1684
1.5682
1.1974
1.2285
1.9754
1.4395
0.1085
0.6398
0.7888
1.3589
0.3083
1.2468
0.9946
0.4926
1.4625
1.9569
1.086
1.525
0.1066
1.1818
0.8513
0.9867
0.9134
1.0234
1.2027
0.106
0.5048
0.5687
1.2448
1.1662
0.8148
0.4897
1.7925
1.6422
0.8509
1.1449
0.1166
1.8411
0.1118
1.3023
0.947
0.8349
1.2572
1.2244
1.6127
1.8585
1.1689
1.4828
1.968
1.2779
0.1048
1.0764
0.7626
0.9594
1.2215
1.3328
1.33
1.0426
1.5765
0.7183
1.0987
1.4841