1.5092
0.9471
0.7754
1.2974
1.9168
1.6866
0.7204
1.5331
1.679
1.842
2.0763
2.0202
0.115
1.4522
1.2355
1.2103
0.445
0.5824
2.445
0.84
1.8266
0.1148
0.1151
0.6091
1.5725
1.0069
1.2168
0.117
0.9633
2.3316
1.0134
1.5565
1.0698
0.8745
0.8053
0.8114
1.0342
1.3752
0.455
0.1168
1.0696
0.1105
0.1111
1.3675
1.4997
0.1151
1.6384
0.1163
0.6718
0.7642
0.8471
0.6441
1.0071
2.2216
1.344
0.8617
0.1156
1.0895
0.5902
0.6853
1.0982
0.1153
1.8023
0.1095
0.11
0.6065
1.5605
0.4952
1.3613
1.5343
0.5217
1.8428
1.6951
0.1149
0.1148
0.1101
0.1112
1.38
1.3549
0.8449
0.9536
1.9193
2.0794
1.0616
0.9839
0.8232
0.8637
0.801
1.217
2.5127
1.3782
0.8521
0.9691
0.9111
1.3869
0.6788
2.2984
1.1475
0.2865
1.1933
1.682
1.4685
1.4053
1.4868
0.5556
1.0986
0.1153
0.5663
0.6727
0.1142
0.1102
1.1333
0.2645
0.2578
0.1148
0.2305
0.2823
0.4403
1.0767
0.5466
1.0056
1.5852
0.8789
0.9197
0.5742
0.131
0.3182
0.1306
1.6862
1.3971
1.4459
1.8315
0.4249
0.3802
0.5424
0.2995
0.327
0.2706
0.3452
1.912
1.4192
0.4923
0.9181
1.2728
1.3314
1.9356
1.862
2.0436
0.571
0.1102
0.9915
0.7223
0.5199
0.7665
0.1558
1.8743
1.2793
0.1102
0.1219
2.6123
0.4583
2.4276
1.019
1.7573
1.6332
0.6281
1.1529
1.1788
0.11
0.1108
0.9068
1.2001
0.5526
1.1895
2.8128
1.2289
1.2533
0.7152
1.023
1.516
1.4628
1.3532
0.1148
1.0955
1.6216
0.73
1.0732
1.5674
0.1538
0.9973
0.1667
1.2797
0.9876
1.1835
0.5221
0.9711
0.8881
0.946
0.4825
0.8154
1.7276
1.1099
0.7709
1.1665
1.8255
2.5413
0.7321
0.1155
0.9145
0.6506
1.2735
1.1448
1.2851
1.3795
0.7149
0.1104
0.1097
0.9551
1.3905
1.3968
0.2547
0.3415
0.1154
2.1727
2.275
0.1295
0.6587
0.923
1.3614
0.8273
1.6572
1.6897
0.6946
0.1379
0.1386
0.6121
0.128
1.0306
0.5673
0.9794
1.7808
2.0327
1.9487
1.1836
2.3753
0.9452
1.4103
1.7924
0.1149
2.4016
0.9091
1.6829
0.1094
1.8967
0.115
1.129
1.3283
0.5425
1.7568
0.1099
0.1155
0.4941
0.1154
0.8374
0.5959
1.0843
0.1157
1.0129
0.8075
1.8301
0.1168
0.9298
0.9301
0.5346
0.706
1.1516
1.4166
0.5896
1.0205
1.0407
1.148
1.0459
1.2898
2.3158
0.595
1.5793
1.1205
2.169
0.1094
0.1114
0.1171
0.125
1.1079
1.4007
0.6774
0.9777
0.6682
1.2026
2.4648
0.9121
3.2777
0.6825
1.3817
1.5006
1.3998
0.9991
1.3032
0.4105
1.3451
0.8135
0.6836
0.9693
0.3849
1.7049
0.6223
0.4642
0.8548
1.9789
0.1347
0.7683
1.9746
1.4495
1.2991
0.1107
1.1816
0.122
0.1373
2.488
0.461
0.548
1.2941
0.5041
1.3147
2.2383
0.1154
0.9582
1.0518
2.66
0.1157
1.2364
1.286
1.5128
0.7289
0.6887
1.3737
0.1298
1.5947
0.7138
1.0903
0.5929
1.7996
1.5811