0.1164
0.1374
2.3946
1.6522
1.1912
1.0112
0.1204
1.3089
1.1998
1.3394
1.4543
1.3439
0.8222
1.086
1.1209
1.3438
0.1086
0.1141
0.1139
0.1074
1.2025
1.2604
0.8349
0.8837
0.1094
0.6218
0.469
0.7939
0.7795
1.7918
1.1051
0.7652
0.6963
1.3401
1.0611
1.3763
0.1184
1.4307
1.2964
1.0883
1.9094
1.3172
1.5028
1.1697
1.394
0.9148
0.7548
0.6822
0.1072
1.2297
1.6814
0.8226
1.8763
0.8638
1.005
0.1121
0.1136
0.1116
1.0232
0.7726
0.1451
0.6781
1.1612
1.5415
1.1785
0.8774
0.1142
1.6284
1.2789
0.9488
0.5507
1.2505
1.6995
0.114
1.1791
0.9089
1.7114
0.6795
1.0169
0.9541
2.6922
1.0755
0.4127
1.4707
1.2619
1.4729
1.6416
2.2459
0.5552
1.0514
0.6448
0.1073
1.0409
2.0595
1.3499
0.7017
0.4651
0.8482
1.1972
0.8182
0.7504
0.9257
1.7913
0.67
0.6739
2.029
0.1071
1.0777
1.5587
0.1073
0.8226
3.3311
1.0701
2.0881
2.0613
0.114
0.1155
0.8425
1.1528
1.6318
0.9922
0.1072
0.7657
1.1465
1.2359
0.3283
0.516
0.3891
1.0327
0.9628
1.2162
1.1879
0.5816
0.6474
1.4592
0.6019
0.5028
1.1559
0.7368
0.9589
0.8903
1.5413
1.1282
1.2275
1.4754
1.4092
0.1098
0.1087
1.1542
0.9662
0.7022
0.5127
1.5185
0.5338
0.6693
0.3225
0.7485
1.0691
1.4269
1.2869
0.8799
0.5382
0.3379
0.489
0.6028
1.299
1.2461
0.1197
1.1049
1.7395
1.2587
1.0132
1.5523
0.1196
1.1249
1.3811
0.4376
0.5394
0.4246
0.1202
0.1095
1.1102
0.1098
0.1094
1.1596
1.6473
0.9448
1.2428
0.9837
0.848
0.8311
0.1094
1.1276
0.1363
2.0973
1.1587
0.1094
0.8644
0.1145
1.9166
0.3564
1.1873
1.1118
1.3311
1.1621
0.8133
0.9545
0.7738
0.5535
1.1961
0.6811
0.8962
0.5525
0.5834
1.5476
2.779
1.469
1.388
1.4263
1.3321
2.2793
2.2834
1.0247
0.112
0.1094
0.1096
0.8821
2.1698
0.1073
1.7358
1.3838
0.9891
1.7112
1.3833
0.684
1.3657
0.8075
0.5205
1.8881
1.0826
1.3439
1.9583
1.7384
0.1137
2.0855
0.1376
2.2908
0.4073
2.0458
0.7418
1.1844
1.6715
0.7603
1.0752
1.2997
2.102
0.8856
0.8107
0.9653
0.8565
0.1206
0.1141
1.2067
1.6046
0.4599
0.7402
0.8519
1.2338
0.4794
1.2778
0.9848
1.0821
1.337
1.6021
1.4779
0.1096
1.402
0.1396
1.4892
0.9185
1.0704
1.9035
0.794
0.9872
1.9351
1.3336
0.2976
0.4339
1.2779
1.2669
1.6958
1.0866
0.5761