0.1022
1.222
0.9348
1.1997
0.8846
1.6067
1.1263
0.1024
0.1023
0.1028
0.1016
0.6801
1.6815
0.8393
0.9385
0.9298
0.9604
0.7747
0.1016
1.0424
0.1023
1.8502
1.2371
1.2876
1.0493
1.5934
0.9436
0.9491
1.3011
2.3249
1.6008
1.0939
0.6978
1.3114
0.866
1.5378
0.9961
0.9283
1.9474
1.4022
0.8097
0.8611
0.1023
0.1039
0.1027
0.104
0.9815
1.8622
0.8445
0.8682
0.9146
0.8216
0.9099
0.955
1.3417
1.0204
0.9584
1.7757
0.9207
0.7369
0.6521
0.727
0.7061
1.1128
0.612
1.1612
1.078
1.2766
1.0256
1.0971
1.3989
1.4317
0.1016
1.6022
0.1022
1.2235
0.7696
0.9439
1.596
1.2666
1.9151
0.7349
1.7818
1.0099
1.0531
1.7479
0.6632
1.4843
0.1022
0.1024
1.2167
1.1065
1.3965
0.7905
1.2472
1.4264
0.1023
1.382
1.7024
1.3103
0.9668
1.5991
1.2602
1.6502
0.8481
1.8009
1.4754
1.9101
0.8354
1.5593
0.1026
0.5475
0.7229
1.2855
1.3094
0.9899
1.2786
1.0279
1.3932
1.6527
1.1622
1.3402
0.6515
0.7189
1.2082
0.8767
0.8784
0.1019
0.1022
0.8628
0.1031
0.4857
1.6633
0.1017
0.6548
1.8379
1.624
0.1028
0.1021
1.3354
1.3544
1.739
2.1036
1.2536
1.5922
0.1021
1.4214
0.1033
1.4798
1.4648
0.8754
2.4945
0.1023
1.1192
1.7657
0.1023
1.3863
1.6226
0.9912
0.9072
0.7429
1.4427
0.9902
1.3541
0.7036
0.1035
0.6949
0.7674
0.4264
0.8088
0.8348
0.8297
1.1772
2.0216
0.9896
1.3672
1.1422
1.1922
1.021
0.595
1.5544
0.7418
0.3009
0.1018
1.0269
0.937
0.9205
0.9725
1.1032
0.871
1.358
0.9338
0.5834
1.4456
0.9643
1.1965
1.0651
1.2522
0.6901
1.6176
1.4319
0.8387
0.5829
0.8396
1.2323
1.2382
0.1034
1.599
1.3283
1.391
1.4485
0.9589
0.6643
0.871
0.7096
1.4672
1.0155
0.8313
0.1022
0.1017
1.1477
1.3871
1.0109
1.3755
0.6216
1.0681
0.9013
0.8026
0.8586
1.7824
1.8504
1.4156
0.5999
1.1379
0.8998
1.0758
0.6209
1.429
1.7792
0.1023
0.9812
1.0158
0.7998
0.6779
0.103
0.1019
0.6591
1.6372
0.9718
1.6078
1.0137
0.6736
0.6988
0.1025
0.7721